1,2:6
3,3:6, -4
-8,7:-4, -14, -8
-8,7:-4, -14, -6
-8,7:-4, -14, -4
12,5:-4, -14, 14
12,5:-4, -14, 16
12,5:-4, -14, 18
4,5:6, -4, 6
-8,7:-4, -14, -12, -10
-8,7:-4, -14, -12, -8
-8,7:-4, -14, -12, -6
14,6:-4, -14, -12, 14
14,6:-4, -14, -12, 16
14,6:-4, -14, -12, 18
-6,8:-4, -14, -8, 10
-6,8:-4, -14, 10, -8
-6,8:-4, -14, 10, -6
-6,8:-4, -14, 10, -4
12,5:-4, -14, 10, 12
12,5:-4, -14, 10, 14
12,5:-4, -14, 10, 16
14,6:-4, -14, 14, -12
5,-6:-4, -12, -4, -8
-2,1:-4, -6, -14, -2
6,6:6, -4, 6, -4
6,14:6, 6, 16, -16
6,14:6, 6, 16, -14
6,14:6, 6, 16, -12
8,-6:6, 6, 16, 6
8,-6:6, 6, 16, 8
8,-6:6, 6, 16, 10
-8,7:-4, -14, -12, -2, -8
-8,7:-4, -14, -12, -2, -6
-8,7:-4, -14, -12, -2, -4
15,8:-4, -14, -12, -2, 14
15,8:-4, -14, -12, -2, 16
15,8:-4, -14, -12, -2, 18
-6,8:-4, -14, -12, 10, -10
-6,8:-4, -14, -12, 10, -8
-6,8:-4, -14, -12, 10, -6
14,6:-4, -14, -12, 10, 12
14,6:-4, -14, -12, 10, 14
14,6:-4, -14, -12, 10, 16
15,8:-4, -14, -12, 14, -2
-5,10:-4, -14, -8, 10, 20
-5,10:-4, -14, 10, 20, -8
-5,10:-4, -14, 10, 20, -6
-5,10:-4, -14, 10, 20, -4
12,5:-4, -14, 10, 20, 14
12,5:-4, -14, 10, 20, 16
12,5:-4, -14, 10, 20, 18
7,-5:-4, -12, -4, -8, -16
0,2:-4, -6, -14, -2, -2
0,4:-4, -6, -14, 6, 4
-14,2:-4, -6, 6, -2, -14
-14,2:-4, -6, 6, -2, -6
0,4:-4, -6, 6, 4, -14
0,4:-4, -6, 6, 4, -4
10,-2:-4, 4, -10, 2, -4
-5,10:6, -4, -4, -14, -8
-5,10:6, -4, -4, -14, -6
-5,10:6, -4, -4, -14, -4
15,8:6, -4, -4, -14, 14
15,8:6, -4, -4, -14, 16
15,8:6, -4, -4, -14, 18
7,8:6, -4, 6, -4, 6
2,0:6, 6, -2, 16, 4
-5,7:6, 6, 14, 6, 10
7,16:6, 6, 16, -16, 14
6,14:6, 6, 16, -8, -14
6,14:6, 6, 16, -8, -12
6,14:6, 6, 16, -8, -10
9,-4:6, 6, 16, -8, 6
9,-4:6, 6, 16, -8, 8
9,-4:6, 6, 16, -8, 10
9,-4:6, 6, 16, 6, -8
7,16:6, 6, 16, 14, -16
7,16:6, 6, 16, 14, -14
7,16:6, 6, 16, 14, -12
8,-6:6, 6, 16, 14, 8
8,-6:6, 6, 16, 14, 10
8,-6:6, 6, 16, 14, 12
-6,8:-4, -14, -12, -2, 10, -8
-6,8:-4, -14, -12, -2, 10, -6
-6,8:-4, -14, -12, -2, 10, -4
15,8:-4, -14, -12, -2, 10, 12
15,8:-4, -14, -12, -2, 10, 14
15,8:-4, -14, -12, -2, 10, 16
17,9:-4, -14, -12, -2, 14, -12
-5,10:-4, -14, -12, 10, 20, -10
-5,10:-4, -14, -12, 10, 20, -8
-5,10:-4, -14, -12, 10, 20, -6
14,6:-4, -14, -12, 10, 20, 14
14,6:-4, -14, -12, 10, 20, 16
14,6:-4, -14, -12, 10, 20, 18
-3,11:-4, -14, -8, 10, 20, 10
-3,19:-4, -14, -8, 20, 30, -2
-3,19:-4, -14, -8, 20, 30, 0
-3,19:-4, -14, -8, 20, 30, 2
-1,-1:-4, -14, -8, 20, 30, 20
-1,-1:-4, -14, -8, 20, 30, 22
-1,-1:-4, -14, -8, 20, 30, 24
-6,8:-4, -14, 10, -2, 0, -8
12,5:-4, -14, 10, 10, 8, 16
-3,11:-4, -14, 10, 20, 10, -8
-3,11:-4, -14, 10, 20, 10, -6
-3,11:-4, -14, 10, 20, 10, -4
12,5:-4, -14, 10, 20, 10, 12
12,5:-4, -14, 10, 20, 10, 14
12,5:-4, -14, 10, 20, 10, 16
17,17:-4, -14, 14, -2, 8, -24
17,17:-4, -14, 14, -2, 8, -22
17,17:-4, -14, 14, -2, 8, -20
19,-3:-4, -14, 14, -2, 8, -2
19,-3:-4, -14, 14, -2, 8, 0
19,-3:-4, -14, 14, -2, 8, 2
8,7:-4, -12, -14, 4, -6, -10
-1,-1:-4, -12, -14, 4, 6, 4
14,-1:-4, -12, -8, -14, -4, -6
8,-3:-4, -12, -4, -8, -16, -6
8,3:-4, -12, -4, -4, 0, 2
0,-4:-4, -12, 4, -6, 2, -6
-1,-1:-4, -12, 4, 6, 4, -14
-1,-1:-4, -12, 4, 6, 4, -4
5,0:-4, -12, 4, 6, 10, -14
1,4:-4, -6, -14, -2, -2, 8
1,6:-4, -6, -14, 6, 4, 10
-2,4:-4, -6, -14, 6, 6, 2
-1,-1:-4, -6, -14, 6, 6, 6
-1,-1:-4, -6, -14, 6, 6, 8
2,24:-4, -6, -14, 6, 12, -2
2,24:-4, -6, -14, 6, 12, 2
8,0:-4, -6, -8, -18, -20, -2
8,0:-4, -6, -8, -18, -2, -20
6,1:-4, -6, -8, -10, -20, -14
6,1:-4, -6, -8, -10, -20, -4
6,1:-4, -6, -8, -10, -14, -20
4,-11:-4, -6, -8, -2, -20, -20
10,-1:-4, -6, -8, -2, -12, -20
-6,3:-4, -6, 0, -8, -20, -14
-6,3:-4, -6, 0, -8, -20, -12
-6,3:-4, -6, 0, -8, -20, -10
14,1:-4, -6, 0, -8, -20, 8
14,1:-4, -6, 0, -8, -20, 10
14,1:-4, -6, 0, -8, -20, 12
0,-12:-4, -6, 0, -2, -30, -10
0,-12:-4, -6, 0, -2, -30, -8
20,-8:-4, -6, 0, -2, -26, -14
20,-8:-4, -6, 0, -2, -26, -6
20,-8:-4, -6, 0, -2, -14, -26
20,-8:-4, -6, 0, -2, -14, -24
0,-12:-4, -6, 0, -2, -10, -30
0,-12:-4, -6, 0, -2, -10, -22
-13,4:-4, -6, 6, -2, -14, 22
-14,2:-4, -6, 6, -2, -10, -14
-14,2:-4, -6, 6, -2, -10, -10
-14,2:-4, -6, 6, -2, -4, -14
-14,2:-4, -6, 6, -2, -4, -8
-14,2:-4, -6, 6, -2, -4, -4
-13,4:-4, -6, 6, -2, 22, -14
-13,4:-4, -6, 6, -2, 22, -6
1,6:-4, -6, 6, 4, 10, -14
1,6:-4, -6, 6, 4, 10, -4
-2,4:-4, -6, 6, 6, 2, -14
-2,4:-4, -6, 6, 6, 2, -4
7,0:-4, -6, 6, 10, -14, -2
-1,6:-4, -6, 6, 10, -14, 0
-1,-1:-4, -6, 6, 10, -14, 6
-1,-1:-4, -6, 6, 10, -14, 8
-1,-1:-4, -6, 6, 10, -14, 10
-1,6:-4, -6, 6, 10, -4, -10
-2,5:-4, -6, 6, 10, -4, 0
-1,6:-4, -6, 6, 10, 0, -14
-1,-1:-4, -6, 6, 10, 6, -14
5,16:-4, 2, 2, -14, -10, 8
5,16:-4, 2, 2, -14, -10, 10
1,-4:-4, 2, 2, -14, -8, 6
1,-4:-4, 2, 2, -14, -8, 14
1,-4:-4, 2, 2, -14, 6, -8
1,-4:-4, 2, 2, -14, 6, -6
5,16:-4, 2, 2, -14, 8, -10
5,16:-4, 2, 2, -14, 8, -2
14,10:-4, 2, 2, -8, 4, -28
14,10:-4, 2, 2, -8, 4, -26
14,10:-4, 2, 2, -8, 4, -24
16,-10:-4, 2, 2, -8, 4, -6
16,-10:-4, 2, 2, -8, 4, -4
16,-10:-4, 2, 2, -8, 4, -2
8,0:-4, 4, -10, -12, -12, 2
4,-1:-4, 4, -10, -12, 0, -14
11,0:-4, 4, -10, 2, -6, -4
11,0:-4, 4, -10, 2, -4, -6
9,-3:-4, 4, -10, 6, 6, 10
-2,1:-4, 4, -2, -12, -2, -14
-2,1:-4, 4, -2, -12, -2, -4
9,4:-4, 4, -2, -8, 0, -16
9,4:-4, 4, -2, -8, 0, -12
8,0:-4, 4, -2, 6, 4, -16
6,14:-4, 4, 4, -6, 2, 8
6,14:-4, 4, 4, -6, 2, 10
6,14:-4, 4, 4, -6, 8, 2
6,12:-4, 4, 6, 4, -8, 0
-1,-1:-4, 4, 6, 6, 6, -14
-5,10:6, -4, -4, -14, -12, -10
-5,10:6, -4, -4, -14, -12, -8
-5,10:6, -4, -4, -14, -12, -6
17,9:6, -4, -4, -14, -12, 14
17,9:6, -4, -4, -14, -12, 16
17,9:6, -4, -4, -14, -12, 18
-3,11:6, -4, -4, -14, 10, -8
-3,11:6, -4, -4, -14, 10, -6
-3,11:6, -4, -4, -14, 10, -4
15,8:6, -4, -4, -14, 10, 12
15,8:6, -4, -4, -14, 10, 14
15,8:6, -4, -4, -14, 10, 16
8,-3:6, -4, -4, -12, -4, -8
1,4:6, -4, -4, -6, -14, -2
9,9:6, -4, 6, -4, 6, -4
9,17:6, -4, 6, 6, 16, -16
9,17:6, -4, 6, 6, 16, -14
9,17:6, -4, 6, 6, 16, -12
11,-3:6, -4, 6, 6, 16, 6
11,-3:6, -4, 6, 6, 16, 8
11,-3:6, -4, 6, 6, 16, 10
5,2:6, 6, -2, -4, 16, -2
-1,12:6, 6, -2, 12, 0, 6
3,2:6, 6, -2, 16, 4, 4
5,2:6, 6, 8, -4, -2, 6
5,2:6, 6, 8, -4, -2, 16
3,-12:6, 6, 8, -4, 4, 8
3,-12:6, 6, 8, -4, 4, 16
-4,9:6, 6, 14, 6, 10, 18
9,17:6, 6, 16, -16, 14, 4
6,14:6, 6, 16, -8, -18, -16
6,14:6, 6, 16, -8, -18, -14
6,14:6, 6, 16, -8, -18, -12
11,-3:6, 6, 16, -8, -18, 6
11,-3:6, 6, 16, -8, -18, 8
11,-3:6, 6, 16, -8, -18, 10
11,-3:6, 6, 16, -8, 6, -18
7,16:6, 6, 16, -8, 14, -14
7,16:6, 6, 16, -8, 14, -12
7,16:6, 6, 16, -8, 14, -10
9,-4:6, 6, 16, -8, 14, 8
9,-4:6, 6, 16, -8, 14, 10
9,-4:6, 6, 16, -8, 14, 12
9,17:6, 6, 16, 14, 4, -16
9,17:6, 6, 16, 14, 4, -14
9,17:6, 6, 16, 14, 4, -12
8,-6:6, 6, 16, 14, 4, 6
8,-6:6, 6, 16, 14, 4, 8
8,-6:6, 6, 16, 14, 4, 10
-6,8:-4, -14, -12, -2, 10, -12, -10
-6,8:-4, -14, -12, -2, 10, -12, -8
-6,8:-4, -14, -12, -2, 10, -12, -6
17,9:-4, -14, -12, -2, 10, -12, 12
17,9:-4, -14, -12, -2, 10, -12, 14
17,9:-4, -14, -12, -2, 10, -12, 16
18,11:-4, -14, -12, -2, 14, -12, -2
14,6:-4, -14, -12, 10, 10, 8, 16
-3,11:-4, -14, -12, 10, 20, 10, -10
-3,11:-4, -14, -12, 10, 20, 10, -8
-3,11:-4, -14, -12, 10, 20, 10, -6
14,6:-4, -14, -12, 10, 20, 10, 12
14,6:-4, -14, -12, 10, 20, 10, 14
14,6:-4, -14, -12, 10, 20, 10, 16
6,13:-4, -14, -12, 14, -12, -22, -16
6,13:-4, -14, -12, 14, -12, -22, -14
6,13:-4, -14, -12, 14, -12, -22, -12
26,11:-4, -14, -12, 14, -12, -22, 6
26,11:-4, -14, -12, 14, -12, -22, 8
26,11:-4, -14, -12, 14, -12, -22, 10
-14,15:-4, -14, -8, 10, 10, 0, 6
-14,15:-4, -14, -8, 10, 10, 0, 8
-14,15:-4, -14, -8, 10, 10, 0, 10
6,13:-4, -14, -8, 10, 10, 0, 28
6,13:-4, -14, -8, 10, 10, 0, 30
6,13:-4, -14, -8, 10, 10, 0, 32
-2,13:-4, -14, -8, 10, 20, 10, 20
-7,5:-4, -14, -8, 20, 12, 30, 18
-14,12:-4, -14, -8, 20, 28, 20, 24
-2,21:-4, -14, -8, 20, 30, -2, 28
-3,19:-4, -14, -8, 20, 30, 6, 0
-3,19:-4, -14, -8, 20, 30, 6, 2
-3,19:-4, -14, -8, 20, 30, 6, 4
0,1:-4, -14, -8, 20, 30, 6, 20
0,1:-4, -14, -8, 20, 30, 6, 22
0,1:-4, -14, -8, 20, 30, 6, 24
0,1:-4, -14, -8, 20, 30, 20, 6
-2,21:-4, -14, -8, 20, 30, 28, -2
-2,21:-4, -14, -8, 20, 30, 28, 0
-2,21:-4, -14, -8, 20, 30, 28, 2
-1,-1:-4, -14, -8, 20, 30, 28, 22
-1,-1:-4, -14, -8, 20, 30, 28, 24
-1,-1:-4, -14, -8, 20, 30, 28, 26
-6,8:-4, -14, 10, -2, -12, -8, -4
-6,8:-4, -14, 10, -2, -12, -8, 6
-6,8:-4, -14, 10, -2, -10, 8, -6
-6,8:-4, -14, 10, -2, -10, 8, -2
-6,8:-4, -14, 10, -2, 0, -6, -2
-6,8:-4, -14, 10, -2, 0, -6, 8
-5,10:-4, -14, 10, -2, 0, 20, -8
12,5:-4, -14, 10, 10, 8, 0, 10
12,5:-4, -14, 10, 10, 8, 0, 14
12,5:-4, -14, 10, 10, 8, 14, 0
12,5:-4, -14, 10, 10, 8, 14, 10
12,5:-4, -14, 10, 10, 16, 16, 2
12,5:-4, -14, 10, 10, 16, 16, 12
-2,13:-4, -14, 10, 20, 10, 20, -8
-2,13:-4, -14, 10, 20, 10, 20, -6
-2,13:-4, -14, 10, 20, 10, 20, -4
12,5:-4, -14, 10, 20, 10, 20, 14
12,5:-4, -14, 10, 20, 10, 20, 16
12,5:-4, -14, 10, 20, 10, 20, 18
12,5:-4, -14, 10, 20, 20, 22, 14
13,3:-4, -14, 14, -2, -10, 8, -4
6,10:-4, -14, 14, -2, 6, -2, 2
18,19:-4, -14, 14, -2, 8, -24, 6
17,17:-4, -14, 14, -2, 8, -16, -22
17,17:-4, -14, 14, -2, 8, -16, -20
17,17:-4, -14, 14, -2, 8, -16, -18
20,-1:-4, -14, 14, -2, 8, -16, -2
20,-1:-4, -14, 14, -2, 8, -16, 0
20,-1:-4, -14, 14, -2, 8, -16, 2
20,-1:-4, -14, 14, -2, 8, -2, -16
18,19:-4, -14, 14, -2, 8, 6, -24
18,19:-4, -14, 14, -2, 8, 6, -22
18,19:-4, -14, 14, -2, 8, 6, -20
19,-3:-4, -14, 14, -2, 8, 6, 0
19,-3:-4, -14, 14, -2, 8, 6, 2
19,-3:-4, -14, 14, -2, 8, 6, 4
10,8:-4, -12, -14, 4, -6, -10, -6
-2,-1:-4, -12, -8, -18, -20, -4, 2
-2,-1:-4, -12, -8, -18, -20, -4, 4
-2,-1:-4, -12, -8, -18, -20, -4, 6
-2,-1:-4, -12, -8, -18, -20, 2, -4
-2,-1:-4, -12, -8, -18, -4, 2, -20
-2,-1:-4, -12, -8, -18, -4, 2, -10
9,4:-4, -12, -8, -14, -10, -6, -14
4,6:-4, -12, -8, -14, -10, -2, -14
16,0:-4, -12, -8, -14, -4, -6, -20
12,3:-4, -12, -8, -14, 0, -14, -16
6,1:-4, -12, -8, -4, -2, -2, -20
10,-2:-4, -12, -4, -8, -16, -6, -16
10,6:-4, -12, -4, -8, -6, 4, -28
10,6:-4, -12, -4, -8, -6, 4, -26
10,6:-4, -12, -4, -8, -6, 4, -24
12,-14:-4, -12, -4, -8, -6, 4, -6
12,-14:-4, -12, -4, -8, -6, 4, -4
12,-14:-4, -12, -4, -8, -6, 4, -2
10,4:-4, -12, -4, -4, 0, -10, 2
10,4:-4, -12, -4, -4, 0, 2, -10
4,6:-4, -12, -4, -2, 6, 2, 6
8,5:-4, -12, -4, -2, 6, 6, 10
0,-8:-4, -12, 4, -6, -14, -8, -16
0,-8:-4, -12, 4, -6, -14, -8, -14
4,-11:-4, -12, 4, -6, -14, -8, -8
4,-11:-4, -12, 4, -6, -14, -8, -6
1,-2:-4, -12, 4, -6, 2, -6, 2
7,-3:-4, -12, 4, -6, 2, 6, 10
6,5:-4, -12, 4, 4, 6, 6, 10
-1,-1:-4, -12, 4, 6, 4, -2, -14
-1,-1:-4, -12, 4, 6, 4, -2, -6
0,1:-4, -12, 4, 6, 4, 6, -14
7,1:-4, -12, 4, 6, 10, -14, -10
7,1:-4, -12, 4, 6, 10, -10, -14
3,5:-4, -6, -14, -2, -2, 8, -2
3,13:-4, -6, -14, -2, 8, 18, -14
3,13:-4, -6, -14, -2, 8, 18, -12
3,13:-4, -6, -14, -2, 8, 18, -10
5,-7:-4, -6, -14, -2, 8, 18, 8
5,-7:-4, -6, -14, -2, 8, 18, 10
5,-7:-4, -6, -14, -2, 8, 18, 12
3,7:-4, -6, -14, 6, 4, 10, 0
-1,6:-4, -6, -14, 6, 6, 2, 12
2,24:-4, -6, -14, 6, 12, -4, 0
2,24:-4, -6, -14, 6, 12, -4, 2
2,24:-4, -6, -14, 6, 12, -4, 4
3,4:-4, -6, -14, 6, 12, -4, 20
3,4:-4, -6, -14, 6, 12, -4, 22
3,4:-4, -6, -14, 6, 12, -4, 24
3,26:-4, -6, -14, 6, 12, -2, 28
3,4:-4, -6, -14, 6, 12, 20, -4
3,26:-4, -6, -14, 6, 12, 28, -2
3,26:-4, -6, -14, 6, 12, 28, 2
0,1:-4, -6, -8, -20, -20, -28, -22
0,1:-4, -6, -8, -20, -20, -28, -20
0,1:-4, -6, -8, -20, -20, -28, -18
20,-1:-4, -6, -8, -20, -20, -28, 0
20,-1:-4, -6, -8, -20, -20, -28, 2
20,-1:-4, -6, -8, -20, -20, -28, 4
11,2:-4, -6, -8, -18, -20, -10, -8
9,2:-4, -6, -8, -18, -20, -2, -2
11,2:-4, -6, -8, -18, -10, -8, -20
9,2:-4, -6, -8, -18, -2, -2, -20
11,-5:-4, -6, -8, -16, -6, -8, -40
11,-5:-4, -6, -8, -16, -6, -8, -38
11,-5:-4, -6, -8, -16, -6, -8, -36
13,-25:-4, -6, -8, -16, -6, -8, -18
13,-25:-4, -6, -8, -16, -6, -8, -16
13,-25:-4, -6, -8, -16, -6, -8, -14
8,2:-4, -6, -8, -10, -20, -14, -10
10,9:-4, -6, -8, -10, -20, -10, -8
9,3:-4, -6, -8, -10, -20, -2, 4
8,2:-4, -6, -8, -10, -14, -10, -20
10,9:-4, -6, -8, -10, -10, -8, -20
10,9:-4, -6, -8, -10, -10, -8, -10
9,3:-4, -6, -8, -10, -2, 4, -20
6,-10:-4, -6, -8, -2, -20, -20, -20
12,0:-4, -6, -8, -2, -12, -20, -16
12,0:-4, -6, -8, -2, -12, -16, -20
7,-4:-4, -6, -8, -2, -2, -16, -24
7,-4:-4, -6, -8, -2, -2, -16, -14
-6,3:-4, -6, 0, -8, -20, -18, -16
-6,3:-4, -6, 0, -8, -20, -18, -14
-6,3:-4, -6, 0, -8, -20, -18, -12
16,2:-4, -6, 0, -8, -20, -18, 8
16,2:-4, -6, 0, -8, -20, -18, 10
16,2:-4, -6, 0, -8, -20, -18, 12
-4,4:-4, -6, 0, -8, -20, -14, 4
-4,4:-4, -6, 0, -8, -20, 4, -14
-4,4:-4, -6, 0, -8, -20, 4, -12
-4,4:-4, -6, 0, -8, -20, 4, -10
14,1:-4, -6, 0, -8, -20, 4, 6
14,1:-4, -6, 0, -8, -20, 4, 8
14,1:-4, -6, 0, -8, -20, 4, 10
16,2:-4, -6, 0, -8, -20, 8, -18
7,-10:-4, -6, 0, -8, -18, -10, -14
0,-3:-4, -6, 0, -8, -12, -20, -8
1,-10:-4, -6, 0, -2, -30, -10, -6
6,-3:-4, -6, 0, -2, -30, -4, -6
6,-4:-4, -6, 0, -2, -30, -4, 6
21,-6:-4, -6, 0, -2, -26, -22, -14
21,-6:-4, -6, 0, -2, -26, -22, -6
21,-6:-4, -6, 0, -2, -26, -14, -22
0,-12:-4, -6, 0, -2, -26, -10, -30
0,-12:-4, -6, 0, -2, -26, -10, -28
0,-12:-4, -6, 0, -2, -26, -10, -26
20,-8:-4, -6, 0, -2, -26, -10, -14
20,-8:-4, -6, 0, -2, -26, -10, -12
20,-8:-4, -6, 0, -2, -26, -10, -10
26,1:-4, -6, 0, -2, -14, -20, -22
26,0:-4, -6, 0, -2, -14, -20, -10
1,-10:-4, -6, 0, -2, -10, -6, -30
1,-10:-4, -6, 0, -2, -10, -6, -22
6,0:-4, -6, 6, -8, -18, -20, 4
6,0:-4, -6, 6, -8, -18, 4, -20
-3,4:-4, -6, 6, -8, -12, -14, 10
-3,4:-4, -6, 6, -8, -12, 10, -14
10,0:-4, -6, 6, -8, -10, -20, 4
10,0:-4, -6, 6, -8, -10, 4, -20
10,-9:-4, -6, 6, -8, -8, -16, 4
10,-9:-4, -6, 6, -8, -8, 4, -16
-3,4:-4, -6, 6, -8, -8, 10, -18
-3,4:-4, -6, 6, -8, -8, 10, -12
-11,5:-4, -6, 6, -2, -14, 22, 12
-14,2:-4, -6, 6, -2, -10, -12, -8
-14,2:-4, -6, 6, -2, -10, -12, -6
-14,2:-4, -6, 6, -2, -10, -12, -4
5,-2:-4, -6, 6, -2, -10, -12, 14
5,-2:-4, -6, 6, -2, -10, -12, 16
5,-2:-4, -6, 6, -2, -10, -12, 18
5,-2:-4, -6, 6, -2, -10, 14, -12
-13,4:-4, -6, 6, -2, -10, 22, -14
-13,4:-4, -6, 6, -2, -10, 22, -10
-13,4:-4, -6, 6, -2, -4, 22, -14
-13,4:-4, -6, 6, -2, -4, 22, -8
-13,4:-4, -6, 6, -2, -4, 22, -4
12,-3:-4, -6, 6, -2, 14, -12, -20
-11,5:-4, -6, 6, -2, 22, 12, -14
-11,5:-4, -6, 6, -2, 22, 12, -6
15,3:-4, -6, 6, 0, 14, -10, 0
15,3:-4, -6, 6, 0, 14, 0, -10
15,3:-4, -6, 6, 0, 14, 0, -8
0,4:-4, -6, 6, 4, -8, -12, -4
0,4:-4, -6, 6, 4, -2, -30, -14
0,4:-4, -6, 6, 4, -2, -30, -6
0,4:-4, -6, 6, 4, -2, -14, -30
0,4:-4, -6, 6, 4, -2, -14, -22
3,7:-4, -6, 6, 4, 10, 0, -14
3,7:-4, -6, 6, 4, 10, 0, -4
-1,6:-4, -6, 6, 6, 2, 12, -14
-1,6:-4, -6, 6, 6, 2, 12, -4
9,1:-4, -6, 6, 10, -14, -2, -12
1,7:-4, -6, 6, 10, -14, 0, 2
1,7:-4, -6, 6, 10, -14, 2, -2
1,7:-4, -6, 6, 10, -14, 2, 0
-1,-1:-4, -6, 6, 10, -14, 2, 4
-1,-1:-4, -6, 6, 10, -14, 2, 6
-1,-1:-4, -6, 6, 10, -14, 2, 8
4,18:-4, -6, 6, 10, -14, 12, 22
2,2:-4, -6, 6, 10, -10, -14, -2
-1,6:-4, -6, 6, 10, -10, 0, -10
-1,6:-4, -6, 6, 10, -10, 0, -8
-1,6:-4, -6, 6, 10, -10, 0, -6
5,-4:-4, -6, 6, 10, -10, 0, 6
5,-4:-4, -6, 6, 10, -10, 0, 8
5,-4:-4, -6, 6, 10, -10, 0, 10
1,7:-4, -6, 6, 10, -10, 2, -2
-1,-1:-4, -6, 6, 10, -10, 6, -10
-1,-1:-4, -6, 6, 10, -10, 6, -8
-1,-1:-4, -6, 6, 10, -10, 6, -6
-1,-1:-4, -6, 6, 10, -10, 6, -4
5,-4:-4, -6, 6, 10, -10, 6, 0
5,-4:-4, -6, 6, 10, -10, 6, 2
-1,6:-4, -6, 6, 10, -6, -10, -2
11,-3:-4, -6, 6, 10, -6, -8, 2
-1,6:-4, -6, 6, 10, -6, -2, -10
-1,6:-4, -6, 6, 10, -6, -2, -6
11,-3:-4, -6, 6, 10, -6, 2, -8
-1,6:-4, -6, 6, 10, -4, -6, -12
-1,6:-4, -6, 6, 10, -4, -6, -10
-1,6:-4, -6, 6, 10, -4, -6, -4
5,-5:-4, -6, 6, 10, -4, -2, -14
0,6:-4, -6, 6, 10, -4, 0, 2
1,7:-4, -6, 6, 10, -4, 2, -10
-1,6:-4, -6, 6, 10, 0, -4, -20
-1,6:-4, -6, 6, 10, 0, -4, -10
1,7:-4, -6, 6, 10, 0, 2, -14
5,-4:-4, -6, 6, 10, 0, 6, -10
5,-4:-4, -6, 6, 10, 0, 6, -8
0,1:-4, -6, 6, 10, 6, 6, -14
4,18:-4, -6, 6, 10, 12, 22, -14
3,-19:-4, 2, 0, -8, 4, -36, -22
3,-19:-4, 2, 0, -8, 4, -36, -12
3,-19:-4, 2, 0, -8, 4, -22, -36
3,-19:-4, 2, 0, -8, 4, -22, -34
13,22:-4, 2, 2, -14, -10, 4, -6
14,22:-4, 2, 2, -14, -10, 4, 6
7,17:-4, 2, 2, -14, -10, 8, 6
3,-3:-4, 2, 2, -14, -8, -10, 6
3,-3:-4, 2, 2, -14, -8, -10, 14
3,-3:-4, 2, 2, -14, -8, 6, -10
5,16:-4, 2, 2, -14, -8, 8, -6
5,16:-4, 2, 2, -14, -8, 8, -4
5,16:-4, 2, 2, -14, -8, 8, -2
1,-4:-4, 2, 2, -14, -8, 8, 10
1,-4:-4, 2, 2, -14, -8, 8, 12
1,-4:-4, 2, 2, -14, -8, 8, 14
9,2:-4, 2, 2, -14, 6, -12, -22
10,2:-4, 2, 2, -14, 6, -12, -10
7,17:-4, 2, 2, -14, 8, 6, -10
7,17:-4, 2, 2, -14, 8, 6, -2
10,-4:-4, 2, 2, -8, -14, 4, -8
3,3:-4, 2, 2, -8, 2, -6, -2
15,12:-4, 2, 2, -8, 4, -28, 2
14,10:-4, 2, 2, -8, 4, -20, -26
14,10:-4, 2, 2, -8, 4, -20, -24
14,10:-4, 2, 2, -8, 4, -20, -22
17,-8:-4, 2, 2, -8, 4, -20, -6
17,-8:-4, 2, 2, -8, 4, -20, -4
17,-8:-4, 2, 2, -8, 4, -20, -2
17,-8:-4, 2, 2, -8, 4, -6, -20
15,12:-4, 2, 2, -8, 4, 2, -28
15,12:-4, 2, 2, -8, 4, 2, -26
15,12:-4, 2, 2, -8, 4, 2, -24
16,-10:-4, 2, 2, -8, 4, 2, -4
16,-10:-4, 2, 2, -8, 4, 2, -2
16,-10:-4, 2, 2, -8, 4, 2, 0
9,-6:-4, 2, 6, -14, -18, -8, 2
11,-6:-4, 2, 6, -14, -18, 2, 4
11,-6:-4, 2, 6, -14, -18, 4, 2
11,-6:-4, 2, 6, -14, 2, 4, -18
11,-6:-4, 2, 6, -14, 2, 4, -16
11,-6:-4, 2, 6, -14, 2, 4, -14
10,16:-4, 2, 6, 0, -4, -10, -12
10,16:-4, 2, 6, 0, -4, -10, -10
10,-4:-4, 2, 6, 0, 14, -16, -4
10,-4:-4, 2, 6, 0, 14, -4, -16
8,5:-4, 2, 6, 4, 0, -4, -14
-4,-1:-4, 2, 6, 6, 12, -8, -16
-4,-1:-4, 2, 6, 6, 12, -8, -12
8,0:-4, 4, -10, -12, -12, -14, 0
9,2:-4, 4, -10, -12, -12, -2, 2
8,0:-4, 4, -10, -12, -12, 0, -14
6,0:-4, 4, -10, -12, 0, -14, -10
4,-1:-4, 4, -10, -12, 6, -14, 4
19,-9:-4, 4, -10, -8, 2, -8, -4
19,-9:-4, 4, -10, -8, 2, -8, 0
17,11:-4, 4, -10, 0, -8, 2, -30
17,11:-4, 4, -10, 0, -8, 2, -28
17,11:-4, 4, -10, 0, -8, 2, -26
19,-9:-4, 4, -10, 0, -8, 2, -8
19,-9:-4, 4, -10, 0, -8, 2, -6
19,-9:-4, 4, -10, 0, -8, 2, -4
14,7:-4, 4, -10, 2, -16, -26, -46
14,7:-4, 4, -10, 2, -16, -26, -38
13,1:-4, 4, -10, 2, -6, -16, -4
13,1:-4, 4, -10, 2, -6, -4, -16
10,-2:-4, 4, -10, 6, 0, -4, 2
10,-2:-4, 4, -10, 6, 0, -4, 12
0,13:-4, 4, -10, 6, 4, 0, 8
10,-1:-4, 4, -10, 6, 6, 10, -6
0,4:-4, 4, -2, -14, 6, 4, -12
0,4:-4, 4, -2, -14, 6, 4, -6
1,-3:-4, 4, -2, -12, -2, -2, -16
0,2:-4, 4, -2, -12, -2, -2, -14
0,-8:-4, 4, -2, -12, -2, 8, 18
-9,-1:-4, 4, -2, -12, 6, -12, 14
0,4:-4, 4, -2, -12, 6, 4, -14
0,4:-4, 4, -2, -12, 6, 4, -4
17,-6:-4, 4, -2, -8, -12, -10, -4
17,-6:-4, 4, -2, -8, -12, -10, 0
17,-6:-4, 4, -2, -8, -12, -4, -10
11,5:-4, 4, -2, -8, 0, -16, -10
11,5:-4, 4, -2, -8, 0, -10, -16
11,5:-4, 4, -2, -8, 0, -10, -12
2,10:-4, 4, -2, 6, 0, -24, 6
2,10:-4, 4, -2, 6, 0, 6, -24
2,10:-4, 4, -2, 6, 0, 6, -20
18,-10:-4, 4, -2, 6, 4, 0, -22
-2,1:-4, 4, 4, -6, -14, -2, 14
6,14:-4, 4, 4, -6, -14, 8, -4
6,14:-4, 4, 4, -6, -14, 8, 0
6,14:-4, 4, 4, -6, 0, 8, -14
6,14:-4, 4, 4, -6, 0, 8, -4
7,16:-4, 4, 4, -6, 8, 14, 2
7,14:-4, 4, 6, 4, -8, 0, 12
0,1:-4, 4, 6, 6, 6, 6, -14
-5,10:6, -4, -4, -14, -12, -2, -8
-5,10:6, -4, -4, -14, -12, -2, -6
-5,10:6, -4, -4, -14, -12, -2, -4
18,11:6, -4, -4, -14, -12, -2, 14
18,11:6, -4, -4, -14, -12, -2, 16
18,11:6, -4, -4, -14, -12, -2, 18
-3,11:6, -4, -4, -14, -12, 10, -10
-3,11:6, -4, -4, -14, -12, 10, -8
-3,11:6, -4, -4, -14, -12, 10, -6
17,9:6, -4, -4, -14, -12, 10, 12
17,9:6, -4, -4, -14, -12, 10, 14
17,9:6, -4, -4, -14, -12, 10, 16
-2,13:6, -4, -4, -14, 10, 20, -8
-2,13:6, -4, -4, -14, 10, 20, -6
-2,13:6, -4, -4, -14, 10, 20, -4
15,8:6, -4, -4, -14, 10, 20, 14
15,8:6, -4, -4, -14, 10, 20, 16
15,8:6, -4, -4, -14, 10, 20, 18
3,7:6, -4, -4, -6, -14, 6, 4
-11,5:6, -4, -4, -6, 6, -2, -14
-11,5:6, -4, -4, -6, 6, -2, -6
3,7:6, -4, -4, -6, 6, 4, -14
3,7:6, -4, -4, -6, 6, 4, -4
13,1:6, -4, -4, 4, -10, 2, -4
-2,13:6, -4, 6, -4, -4, -14, -8
-2,13:6, -4, 6, -4, -4, -14, -6
-2,13:6, -4, 6, -4, -4, -14, -4
18,11:6, -4, 6, -4, -4, -14, 14
18,11:6, -4, 6, -4, -4, -14, 16
18,11:6, -4, 6, -4, -4, -14, 18
10,11:6, -4, 6, -4, 6, -4, 6
5,3:6, -4, 6, 6, -2, 16, 4
-2,10:6, -4, 6, 6, 14, 6, 10
10,19:6, -4, 6, 6, 16, -16, 14
9,17:6, -4, 6, 6, 16, -8, -14
9,17:6, -4, 6, 6, 16, -8, -12
9,17:6, -4, 6, 6, 16, -8, -10
12,-1:6, -4, 6, 6, 16, -8, 6
12,-1:6, -4, 6, 6, 16, -8, 8
12,-1:6, -4, 6, 6, 16, -8, 10
12,-1:6, -4, 6, 6, 16, 6, -8
10,19:6, -4, 6, 6, 16, 14, -16
10,19:6, -4, 6, 6, 16, 14, -14
10,19:6, -4, 6, 6, 16, 14, -12
11,-3:6, -4, 6, 6, 16, 14, 8
11,-3:6, -4, 6, 6, 16, 14, 10
11,-3:6, -4, 6, 6, 16, 14, 12
-9,18:6, 6, -4, 0, 10, -2, 4
-9,18:6, 6, -4, 0, 10, -2, 6
-9,18:6, 6, -4, 0, 10, -2, 8
11,16:6, 6, -4, 0, 10, -2, 26
11,16:6, 6, -4, 0, 10, -2, 28
11,16:6, 6, -4, 0, 10, -2, 30
-3,3:6, 6, -4, 0, 16, -12, 8
-3,3:6, 6, -4, 0, 16, -12, 10
17,7:6, 6, -4, 0, 16, -8, 4
17,7:6, 6, -4, 0, 16, -8, 12
17,7:6, 6, -4, 0, 16, 4, -8
17,7:6, 6, -4, 0, 16, 4, -6
-3,3:6, 6, -4, 0, 16, 8, -12
-3,3:6, 6, -4, 0, 16, 8, -4
0,1:6, 6, -2, -4, -4, -6, 16
-2,11:6, 6, -2, -4, -4, 12, -8
0,1:6, 6, -2, -4, -4, 16, -6
0,1:6, 6, -2, -4, -4, 16, -4
5,0:6, 6, -2, -4, -4, 16, 0
0,1:6, 6, -2, -4, -2, 4, 6
0,1:6, 6, -2, -4, -2, 4, 16
13,8:6, 6, -2, -4, -2, 10, 2
1,10:6, 6, -2, -4, 4, -2, 18
1,7:6, 6, -2, -4, 14, -8, 16
0,1:6, 6, -2, -4, 14, 16, -2
25,4:6, 6, -2, -4, 16, -10, 0
25,4:6, 6, -2, -4, 16, -10, 4
7,3:6, 6, -2, -4, 16, -2, -8
15,8:6, 6, -2, -2, 8, -8, 0
15,8:6, 6, -2, -2, 8, 0, -8
15,8:6, 6, -2, -2, 8, 0, -6
2,0:6, 6, -2, 4, 8, 4, 6
2,0:6, 6, -2, 4, 8, 4, 16
5,11:6, 6, -2, 4, 10, 2, 14
5,11:6, 6, -2, 4, 10, 2, 18
1,13:6, 6, -2, 12, 0, 6, 8
1,13:6, 6, -2, 12, 0, 8, 6
0,6:6, 6, -2, 12, 2, 12, 16
1,10:6, 6, -2, 12, 12, 14, 0
-3,2:6, 6, -2, 14, 8, 0, 8
8,10:6, 6, -2, 14, 16, 8, 12
5,3:6, 6, -2, 16, 4, 4, -6
0,1:6, 6, 8, -4, -8, -8, 16
7,1:6, 6, 8, -4, -8, 2, 16
6,0:6, 6, 8, -4, -8, 6, 2
7,1:6, 6, 8, -4, -8, 6, 12
0,1:6, 6, 8, -4, -8, 16, -8
0,1:6, 6, 8, -4, -8, 16, -6
0,1:6, 6, 8, -4, -8, 16, -4
7,1:6, 6, 8, -4, -8, 16, 2
1,9:6, 6, 8, -4, -8, 16, 4
5,0:6, 6, 8, -4, -4, 0, 6
5,0:6, 6, 8, -4, -4, 0, 16
7,3:6, 6, 8, -4, -2, -8, 6
7,3:6, 6, 8, -4, -2, -8, 16
5,-11:6, 6, 8, -4, 4, -20, 8
5,-11:6, 6, 8, -4, 4, -20, 16
3,-12:6, 6, 8, -4, 4, 6, 6
3,-12:6, 6, 8, -4, 4, 6, 10
3,-12:6, 6, 8, -4, 4, 6, 16
5,-11:6, 6, 8, -4, 4, 8, -20
3,-12:6, 6, 8, -4, 4, 12, 12
3,-12:6, 6, 8, -4, 4, 12, 16
-7,22:6, 6, 8, 2, 4, 8, 26
-7,22:6, 6, 8, 2, 4, 8, 28
-11,2:6, 6, 8, 2, 4, 10, 24
-11,2:6, 6, 8, 2, 4, 10, 32
-11,2:6, 6, 8, 2, 4, 24, 10
-11,2:6, 6, 8, 2, 4, 24, 12
-7,22:6, 6, 8, 2, 4, 26, 8
-7,22:6, 6, 8, 2, 4, 26, 16
2,16:6, 6, 8, 2, 10, 22, -10
2,16:6, 6, 8, 2, 10, 22, -8
2,16:6, 6, 8, 2, 10, 22, -6
4,-4:6, 6, 8, 2, 10, 22, 12
4,-4:6, 6, 8, 2, 10, 22, 14
4,-4:6, 6, 8, 2, 10, 22, 16
0,12:6, 6, 8, 10, 4, 14, 22
1,10:6, 6, 8, 10, 4, 20, 22
-10,6:6, 6, 8, 10, 4, 22, 22
2,8:6, 6, 8, 10, 12, 6, 22
2,8:6, 6, 8, 10, 12, 22, 6
2,8:6, 6, 8, 10, 12, 22, 16
1,10:6, 6, 8, 10, 20, 22, 4
4,10:6, 6, 14, 6, 6, 2, 0
-2,10:6, 6, 14, 6, 10, 18, 8
0,16:6, 6, 14, 10, 16, 6, 8
-2,21:6, 6, 16, -16, 4, -6, 0
-2,21:6, 6, 16, -16, 4, -6, 2
-2,21:6, 6, 16, -16, 4, -6, 4
18,19:6, 6, 16, -16, 4, -6, 22
18,19:6, 6, 16, -16, 4, -6, 24
18,19:6, 6, 16, -16, 4, -6, 26
6,14:6, 6, 16, -8, -18, -8, -14
6,14:6, 6, 16, -8, -18, -8, -12
6,14:6, 6, 16, -8, -18, -8, -10
12,-1:6, 6, 16, -8, -18, -8, 6
12,-1:6, 6, 16, -8, -18, -8, 8
12,-1:6, 6, 16, -8, -18, -8, 10
7,16:6, 6, 16, -8, -18, 14, -16
7,16:6, 6, 16, -8, -18, 14, -14
7,16:6, 6, 16, -8, -18, 14, -12
11,-3:6, 6, 16, -8, -18, 14, 8
11,-3:6, 6, 16, -8, -18, 14, 10
11,-3:6, 6, 16, -8, -18, 14, 12
6,14:6, 6, 16, -8, -8, -6, -14
9,-4:6, 6, 16, -8, 4, 2, 10
9,17:6, 6, 16, -8, 14, 4, -14
9,17:6, 6, 16, -8, 14, 4, -12
9,17:6, 6, 16, -8, 14, 4, -10
9,-4:6, 6, 16, -8, 14, 4, 6
9,-4:6, 6, 16, -8, 14, 4, 8
9,-4:6, 6, 16, -8, 14, 4, 10
