10,-5:-4, -6, -8, -20
5,-5:-4, -6, 6, -2, -4, 14
5,-5:-4, -6, 6, -2, -4, 16
5,-5:-4, -6, 6, -2, -4, 18
5,-5:-4, -6, 6, -2, 14, -4
7,3:-4, 4, 4, 4, -14, 8
7,3:-4, 4, 4, 4, 8, -14
13,-2:6, -4, -4, -6, -8, -20
0,0:6, 6, -2, 12, 12, 16
12,-9:-4, -6, 0, -8, -12, -14, -26
5,-5:-4, -6, 6, -2, -4, 22, 16
5,-5:-4, -6, 6, -2, -4, 22, 18
5,-5:-4, -6, 6, -2, -4, 22, 20
4,-6:-4, 2, 6, 0, 14, -16, -16
4,-6:-4, 2, 6, 0, 14, -16, -14
4,-6:-4, 2, 6, 0, 14, -16, -12
4,-6:-4, 2, 6, 0, 14, -12, -14
4,-6:-4, 2, 6, 0, 14, -12, -12
