-2,-1:-4, -12, -8, -18, -20, 2
-2,-1:-4, -12, -8, -18, -20, 4
-2,-1:-4, -12, -8, -18, -20, 6
-2,-1:-4, -12, -8, -18, 2, -20
-2,-1:-4, -12, -8, -18, 2, -10
3,4:-4, -6, -14, 6, 12, 20
3,4:-4, -6, -14, 6, 12, 22
3,4:-4, -6, -14, 6, 12, 24
-10,6:6, 6, 8, 10, 4, 22
-2,-1:-4, -12, -8, -18, -20, -2, 0
-2,-1:-4, -12, -8, -18, -20, -2, 2
-2,-1:-4, -12, -8, -18, -20, -2, 4
3,4:-4, -6, -14, 6, 12, 28, 22
3,4:-4, -6, -14, 6, 12, 28, 24
3,4:-4, -6, -14, 6, 12, 28, 26
-1,0:-4, -6, 6, 10, -6, -10, 6
-1,0:-4, -6, 6, 10, -6, -10, 8
-1,0:-4, -6, 6, 10, -6, -10, 10
-1,0:-4, -6, 6, 10, -6, 6, -10
-1,0:-4, -6, 6, 10, -6, 6, -6
7,-8:6, -4, -4, -6, -8, -2, -20
5,5:6, 6, -2, -4, 16, -10, -22
5,5:6, 6, -2, -4, 16, -10, -20
5,5:6, 6, -2, -4, 16, -10, -18
0,0:6, 6, 14, 10, -4, 10, 12
0,0:6, 6, 14, 10, -4, 10, 22
0,0:6, 6, 14, 10, 10, 12, -4
0,0:6, 6, 14, 10, 10, 12, -2
0,0:6, 6, 14, 10, 10, 12, 0
-19,11:-4, -14, -8, 20, 22, 24, 18, 36
1,9:-4, -14, 14, -2, 0, 2, -4, 14
-2,-1:-4, -12, -8, -18, -20, -2, 8, 2
-2,-1:-4, -12, -8, -18, -20, -2, 8, 4
-2,-1:-4, -12, -8, -18, -20, -2, 8, 6
-2,-1:-4, -12, -8, -18, -20, 8, 10, 2
-2,-1:-4, -12, -8, -18, -14, -18, 2, -10
-2,-1:-4, -12, -8, -14, -22, -16, -20, 0
-2,-1:-4, -12, -8, -14, 2, -2, -34, -30
4,-6:-4, -12, -4, -4, -10, -18, -2, -4
4,-6:-4, -12, -4, -4, -10, -2, -4, -18
4,-6:-4, -12, -4, -4, -10, -2, -4, -14
4,5:-4, -12, 4, 4, -8, -10, -20, -20
4,5:-4, -12, 4, 4, -8, -10, -20, -10
4,5:-4, -12, 4, 4, -8, -10, -10, -20
4,5:-4, -12, 4, 4, -8, -10, -10, -16
16,-4:-4, -12, 4, 4, -8, -10, -10, -2
16,-4:-4, -12, 4, 4, -8, -10, -10, 2
16,-4:-4, -12, 4, 4, -8, -10, -2, -10
3,4:-4, -6, -14, 6, 12, 28, 18, 20
3,4:-4, -6, -14, 6, 12, 28, 18, 22
3,4:-4, -6, -14, 6, 12, 28, 18, 24
11,5:-4, -6, -8, -18, -20, -10, -16, -28
11,5:-4, -6, -8, -18, -20, -10, -16, -26
11,5:-4, -6, -8, -18, -20, -10, -16, -24
6,-15:-4, -6, 0, -8, -12, -14, -8, -26
-5,6:-4, -6, 6, 0, 8, 4, 0, 4
-1,0:-4, -6, 6, 10, -6, -8, 6, -16
-1,0:-4, -6, 6, 10, -6, -8, 6, -14
-1,0:-4, -6, 6, 10, -6, -8, 6, -12
-1,0:-4, -6, 6, 10, 2, -6, -10, 4
-1,0:-4, -6, 6, 10, 2, -6, -10, 6
-1,0:-4, -6, 6, 10, 2, -6, -10, 8
-1,7:-4, -6, 6, 10, 12, 14, 4, 16
-2,2:-4, 2, 2, -8, -4, -2, -8, 10
-5,6:-4, 2, 6, 0, 8, 4, -10, 4
15,-1:-4, 4, -2, 6, 6, 12, -16, 16
15,-1:-4, 4, -2, 6, 6, 12, -16, 20
15,-1:-4, 4, -2, 6, 6, 12, 16, -16
1,2:6, -4, -4, -12, -8, -18, -20, 2
1,2:6, -4, -4, -12, -8, -18, -20, 4
1,2:6, -4, -4, -12, -8, -18, -20, 6
1,2:6, -4, -4, -12, -8, -18, 2, -20
1,2:6, -4, -4, -12, -8, -18, 2, -10
6,7:6, -4, -4, -6, -14, 6, 12, 20
6,7:6, -4, -4, -6, -14, 6, 12, 22
6,7:6, -4, -4, -6, -14, 6, 12, 24
-7,9:6, -4, 6, 6, 8, 10, 4, 22
5,5:6, 6, -2, -4, 16, -10, -26, -24
5,5:6, 6, -2, -4, 16, -10, -26, -22
5,5:6, 6, -2, -4, 16, -10, -26, -20
1,1:6, 6, 8, -4, -8, -8, 8, 8
1,1:6, 6, 8, -4, -8, -8, 8, 12
1,1:6, 6, 8, -4, -8, 8, 8, -8
1,1:6, 6, 8, -4, -8, 8, 8, -6
1,1:6, 6, 8, -4, -8, 8, 8, -4
0,0:6, 6, 14, 10, 4, 10, 12, -2
0,0:6, 6, 14, 10, 4, 10, 12, 0
0,0:6, 6, 14, 10, 4, 10, 12, 2
18,-5:-4, -14, -12, 14, -12, -14, -16, -10, -28
-2,-3:-4, -14, -8, 10, 10, 8, 6, 12, -6
-4,10:-4, -14, -8, 20, 12, 10, 30, 4, -8
-4,10:-4, -14, -8, 20, 12, 10, 30, 4, -6
-4,10:-4, -14, -8, 20, 12, 10, 30, 4, -4
-9,5:-4, -14, -8, 20, 28, 24, 10, 24, 26
-9,5:-4, -14, -8, 20, 28, 24, 10, 24, 36
-9,5:-4, -14, -8, 20, 28, 24, 24, 26, 10
-9,5:-4, -14, -8, 20, 28, 24, 24, 26, 12
-9,5:-4, -14, -8, 20, 28, 24, 24, 26, 14
1,9:-4, -14, 10, -2, 0, 2, -4, 14, 16
-8,7:-4, -14, 10, 10, 2, 6, 0, -2, 16
-8,7:-4, -14, 10, 10, 2, 6, 0, -2, 18
-8,7:-4, -14, 10, 10, 2, 6, 0, -2, 20
-8,7:-4, -14, 10, 10, 2, 6, 0, 16, -2
-16,12:-4, -14, 10, 10, 2, 18, 2, -10, 2
-16,12:-4, -14, 10, 10, 2, 18, 2, -10, 4
-16,12:-4, -14, 10, 10, 2, 18, 2, -10, 6
-16,12:-4, -14, 10, 10, 2, 18, 2, 2, -10
16,8:-4, -14, 14, -2, -10, -12, 8, -18, -30
16,8:-4, -14, 14, -2, -10, -12, 8, -18, -28
16,8:-4, -14, 14, -2, -10, -12, 8, -18, -26
11,3:-4, -14, 14, -2, 6, 2, -12, 2, 4
11,3:-4, -14, 14, -2, 6, 2, -12, 2, 14
11,3:-4, -14, 14, -2, 6, 2, 2, 4, -12
11,3:-4, -14, 14, -2, 6, 2, 2, 4, -10
11,3:-4, -14, 14, -2, 6, 2, 2, 4, -8
-3,-3:-4, -12, -14, 4, -6, -8, -4, -4, -18
-2,-1:-4, -12, -8, -18, -20, -2, -2, -4, 4
-2,-1:-4, -12, -8, -18, -20, -2, 8, -2, 0
-2,-1:-4, -12, -8, -18, -20, -2, 8, -2, 2
-2,-1:-4, -12, -8, -18, -20, -2, 8, -2, 4
-2,-1:-4, -12, -8, -18, -20, 8, -2, 2, 6
-2,-1:-4, -12, -8, -18, -20, 8, -2, 2, 16
-2,-1:-4, -12, -8, -18, -20, 8, 0, 18, 4
-2,-1:-4, -12, -8, -18, -20, 8, 0, 18, 8
-2,-1:-4, -12, -8, -18, -20, 8, 10, 4, 8
-2,-1:-4, -12, -8, -18, -20, 8, 10, 4, 18
-2,-1:-4, -12, -8, -18, -14, -18, -26, 2, -16
-2,-1:-4, -12, -8, -18, -14, -18, -26, 2, -12
-2,-1:-4, -12, -8, -18, -14, -18, -12, 2, -26
-2,-1:-4, -12, -8, -18, -14, -18, -12, 2, -16
-2,-1:-4, -12, -8, -18, -14, -10, -10, 2, -24
-2,-1:-4, -12, -8, -18, -14, -10, -10, 2, -14
-2,-1:-4, -12, -8, -14, -22, -18, -20, 2, -14
-2,-1:-4, -12, -8, -14, -22, -18, -20, 2, -4
-2,-1:-4, -12, -8, -14, -20, -2, -10, 2, -16
-2,-1:-4, -12, -8, -14, -20, -2, -10, 2, -12
-2,-1:-4, -12, -8, -14, -10, -16, -20, -2, -6
-2,-1:-4, -12, -8, -14, -10, -16, -20, 2, -12
-2,-1:-4, -12, -8, -14, -10, -16, -20, 2, -2
-2,-1:-4, -12, -8, -14, -10, -16, -14, -2, -16
-2,-1:-4, -12, -8, -14, -10, -16, -14, -2, -10
-2,-1:-4, -12, -8, -14, 0, -20, -16, -20, -8
-2,-1:-4, -12, -8, -14, 0, -20, -16, -20, 0
-2,-1:-4, -12, -8, -14, 0, 0, -12, -10, -20
-2,-1:-4, -12, -8, -14, 0, 0, -12, -10, -18
-2,-1:-4, -12, -8, -14, 0, 0, -12, -10, -16
-2,-1:-4, -12, -8, -14, 2, -2, -42, -28, -30
-2,-1:-4, -12, -8, -14, 2, -2, -42, -28, -28
-2,-1:-4, -12, -8, -14, 2, -2, -42, -28, -26
-2,-1:-4, -12, -8, -14, 2, -2, -34, -28, -40
-2,-1:-4, -12, -8, -14, 2, -2, -28, -28, -42
-2,-1:-4, -12, -8, -14, 2, -2, -28, -28, -40
-2,-1:-4, -12, -8, -14, 2, -2, -24, -32, -12
-2,-1:-4, -12, -8, -14, 2, -2, -24, -18, -34
-2,-1:-4, -12, -8, -14, 2, -2, -24, -18, -32
14,3:-4, -12, -8, -4, -2, 8, -10, 2, -4
14,3:-4, -12, -8, -4, -2, 8, -10, 2, -2
14,3:-4, -12, -8, -4, -2, 8, -10, 2, 0
-2,-1:-4, -12, -8, -2, -2, -14, -20, 4, -2
-2,-1:-4, -12, -8, -2, -2, -14, -20, 4, 2
-6,-2:-4, -12, -4, -8, -6, -4, -2, -8, 10
4,-6:-4, -12, -4, -4, -10, -16, -2, -4, -12
4,-6:-4, -12, -4, -4, -10, -16, -2, -4, -10
4,-6:-4, -12, -4, -4, -10, -16, -2, -4, -8
10,0:-4, -12, -4, 2, 6, 6, -6, -2, 10
10,0:-4, -12, -4, 2, 6, 6, -6, 10, -2
4,5:-4, -12, 4, 4, -8, -10, -14, -10, -22
4,5:-4, -12, 4, 4, -8, -10, -14, -10, -20
4,5:-4, -12, 4, 4, -8, -10, -14, -10, -18
16,-4:-4, -12, 4, 4, -8, -10, -10, -4, 0
16,-4:-4, -12, 4, 4, -8, -10, -10, -4, 2
16,-4:-4, -12, 4, 4, -8, -10, -10, -4, 4
-2,-1:-4, -12, 4, 4, 4, 6, -8, -20, 4
-2,-1:-4, -12, 4, 4, 4, 6, -8, -20, 14
-4,5:-4, -12, 4, 4, 4, 10, -12, -4, 8
-4,5:-4, -12, 4, 4, 4, 10, -12, 8, -4
-4,5:-4, -12, 4, 4, 4, 10, -12, 8, -2
-4,5:-4, -12, 4, 4, 4, 10, -12, 8, 0
3,-6:-4, -12, 4, 4, 4, 10, -4, 6, 8
-4,5:-4, -12, 4, 4, 4, 10, -4, 8, -12
-4,5:-4, -12, 4, 4, 4, 10, -4, 8, -8
3,-6:-4, -12, 4, 4, 4, 10, -4, 8, 6
3,-6:-4, -12, 4, 4, 4, 10, -4, 8, 10
3,-6:-4, -12, 4, 4, 4, 10, 6, 8, -4
3,-6:-4, -12, 4, 4, 4, 10, 6, 8, -2
3,-6:-4, -12, 4, 4, 4, 10, 6, 8, 0
-13,5:-4, -6, -14, -2, 8, 10, 12, 6, 24
12,-17:-4, -6, -8, -20, -20, -20, -22, -16, -34
11,5:-4, -6, -8, -18, -20, -10, -16, -32, -30
11,5:-4, -6, -8, -18, -20, -10, -16, -32, -28
11,5:-4, -6, -8, -18, -20, -10, -16, -32, -26
0,0:-4, -6, -8, -18, -2, -14, -18, -20, -12
-5,-13:-4, -6, -8, -16, -16, -14, -20, -6, -2
17,-11:-4, -6, -8, -16, -16, -14, 6, -8, -8
0,-5:-4, -6, 0, -8, -18, -14, -24, -26, -4
0,-5:-4, -6, 0, -8, -18, -14, -24, -26, -2
0,-5:-4, -6, 0, -8, -18, -14, -24, -26, 0
0,-5:-4, -6, 0, -8, -18, -14, -24, -4, -26
0,-5:-4, -6, 0, -8, -18, -14, -24, -4, -16
5,0:-4, -6, 0, -8, -12, -20, 0, 6, 14
5,0:-4, -6, 0, -8, -12, -20, 0, 6, 16
5,0:-4, -6, 0, -8, -12, -20, 0, 6, 18
-1,10:-4, -6, 6, -8, -10, -14, -22, 2, -16
10,1:-4, -6, 6, -2, -10, -4, 14, 2, 10
10,1:-4, -6, 6, -2, -10, -4, 14, 2, 12
10,1:-4, -6, 6, -2, -10, -4, 14, 2, 14
17,0:-4, -6, 6, -2, 14, -12, -12, -6, 2
17,0:-4, -6, 6, -2, 14, -12, -12, -6, 4
17,0:-4, -6, 6, -2, 14, -12, -12, -6, 6
10,-8:-4, -6, 6, 0, -8, 10, -14, -10, -6
8,11:-4, -6, 6, 0, 8, -2, 6, 4, 10
-5,6:-4, -6, 6, 0, 8, 4, 0, -8, 0
-5,6:-4, -6, 6, 0, 8, 4, 0, -8, 2
-5,6:-4, -6, 6, 0, 8, 4, 0, -8, 4
-5,6:-4, -6, 6, 0, 8, 4, 0, 0, -4
-5,6:-4, -6, 6, 0, 8, 4, 0, 0, -2
-5,6:-4, -6, 6, 0, 8, 4, 0, 0, 0
-5,6:-4, -6, 6, 0, 8, 4, 0, 2, -8
-5,6:-4, -6, 6, 0, 8, 4, 0, 2, -6
-5,6:-4, -6, 6, 0, 8, 4, 0, 2, -4
3,-3:-4, -6, 6, 10, -14, -4, -2, 4, 6
3,-3:-4, -6, 6, 10, -14, -4, -2, 4, 10
4,-2:-4, -6, 6, 10, -14, 12, 2, 22, 22
-1,0:-4, -6, 6, 10, -6, -16, -16, 6, -8
-1,0:-4, -6, 6, 10, -6, -16, -14, 6, -16
-1,0:-4, -6, 6, 10, -6, -16, -14, 6, -14
-1,0:-4, -6, 6, 10, -6, -16, -14, 6, -12
-1,0:-4, -6, 6, 10, -6, -16, -10, 6, -22
-1,0:-4, -6, 6, 10, -6, -16, -10, 6, -12
14,2:-4, -6, 6, 10, -6, -16, 2, -22, -34
14,2:-4, -6, 6, 10, -6, -16, 2, -22, -32
14,2:-4, -6, 6, 10, -6, -16, 2, -22, -30
-1,0:-4, -6, 6, 10, -6, -8, -8, 6, -14
-1,0:-4, -6, 6, 10, -6, -8, -8, 6, -12
-1,0:-4, -6, 6, 10, -6, -8, -8, 6, -10
5,2:-4, -6, 6, 10, 2, -6, -10, 12, 0
-1,0:-4, -6, 6, 10, 2, -6, -10, 12, 6
-1,0:-4, -6, 6, 10, 2, -6, -10, 12, 8
-1,0:-4, -6, 6, 10, 2, -6, -10, 12, 10
5,2:-4, -6, 6, 10, 2, -6, 12, 0, -10
-2,-2:-4, -6, 6, 10, 12, -6, -10, 2, 2
-2,-2:-4, -6, 6, 10, 12, -6, 2, 2, -10
-2,-2:-4, -6, 6, 10, 12, -6, 2, 2, -6
13,1:-4, 2, 2, -8, -14, -16, 4, -22, -34
13,1:-4, 2, 2, -8, -14, -16, 4, -22, -32
13,1:-4, 2, 2, -8, -14, -16, 4, -22, -30
8,-4:-4, 2, 2, -8, 2, -2, -16, -2, 0
8,-4:-4, 2, 2, -8, 2, -2, -16, -2, 10
8,-4:-4, 2, 2, -8, 2, -2, -2, 0, -16
8,-4:-4, 2, 2, -8, 2, -2, -2, 0, -14
8,-4:-4, 2, 2, -8, 2, -2, -2, 0, -12
1,8:-4, 2, 6, -8, 2, -6, -2, -14, -2
1,8:-4, 2, 6, -8, 2, -6, -2, -2, -14
1,8:-4, 2, 6, -8, 2, -6, -2, -2, -4
-5,6:-4, 2, 6, 0, 8, -2, -10, 4, 12
-5,6:-4, 2, 6, 0, 8, -2, -10, 4, 16
-5,6:-4, 2, 6, 0, 8, 4, -10, -4, -10
11,-3:-4, 4, -10, -8, 0, -4, 2, -6, 6
11,-3:-4, 4, -10, -8, 0, -4, 2, -6, 8
11,-3:-4, 4, -10, -8, 0, -4, 2, -6, 10
1,3:-4, 4, -10, 0, -8, -6, -4, -10, 8
5,16:-4, 4, -10, 6, 4, 0, 16, 22, 30
5,16:-4, 4, -10, 6, 4, 0, 16, 22, 32
5,16:-4, 4, -10, 6, 4, 0, 16, 22, 34
4,4:-4, 4, -2, -14, -8, 6, 6, 2, 4
-6,4:-4, 4, -2, -12, 6, -12, 6, 0, -12
-6,4:-4, 4, -2, -12, 6, -12, 6, 0, -10
-6,4:-4, 4, -2, -12, 6, -12, 6, 0, -8
4,4:-4, 4, -2, -8, 6, 6, 2, 4, -14
15,-1:-4, 4, -2, 6, 6, 12, -16, 18, 10
15,-1:-4, 4, -2, 6, 6, 12, -16, 18, 12
15,-1:-4, 4, -2, 6, 6, 12, -16, 18, 14
4,-11:-4, 4, 4, -6, 4, -8, -2, -20, 10
4,-11:-4, 4, 4, -6, 4, -8, -2, -20, 20
4,-11:-4, 4, 4, 4, 6, -8, -2, -20, 4
4,-11:-4, 4, 4, 4, 6, -8, -2, -20, 14
1,2:6, -4, -4, -12, -8, -18, -20, -2, 0
1,2:6, -4, -4, -12, -8, -18, -20, -2, 2
1,2:6, -4, -4, -12, -8, -18, -20, -2, 4
6,7:6, -4, -4, -6, -14, 6, 12, 28, 22
6,7:6, -4, -4, -6, -14, 6, 12, 28, 24
6,7:6, -4, -4, -6, -14, 6, 12, 28, 26
2,3:6, -4, -4, -6, 6, 10, -6, -10, 6
2,3:6, -4, -4, -6, 6, 10, -6, -10, 8
2,3:6, -4, -4, -6, 6, 10, -6, -10, 10
2,3:6, -4, -4, -6, 6, 10, -6, 6, -10
2,3:6, -4, -4, -6, 6, 10, -6, 6, -6
10,-5:6, -4, 6, -4, -4, -6, -8, -2, -20
8,8:6, -4, 6, 6, -2, -4, 16, -10, -22
8,8:6, -4, 6, 6, -2, -4, 16, -10, -20
8,8:6, -4, 6, 6, -2, -4, 16, -10, -18
3,3:6, -4, 6, 6, 14, 10, -4, 10, 12
3,3:6, -4, 6, 6, 14, 10, -4, 10, 22
3,3:6, -4, 6, 6, 14, 10, 10, 12, -4
3,3:6, -4, 6, 6, 14, 10, 10, 12, -2
3,3:6, -4, 6, 6, 14, 10, 10, 12, 0
7,-3:6, 6, -4, -4, 2, -6, -2, 12, -2
3,0:6, 6, -4, 0, 10, 6, 4, 10, -8
0,17:6, 6, -2, -4, -4, -10, -18, 4, 18
0,17:6, 6, -2, -4, -4, -10, 4, 18, -18
0,17:6, 6, -2, -4, -4, -10, 4, 18, -14
5,5:6, 6, -2, -4, 16, -10, -26, -16, -22
5,5:6, 6, -2, -4, 16, -10, -26, -16, -20
5,5:6, 6, -2, -4, 16, -10, -26, -16, -18
-3,18:6, 6, -2, -2, 14, 10, 12, 0, 12
-3,18:6, 6, -2, -2, 14, 10, 12, 12, 0
-3,18:6, 6, -2, -2, 14, 10, 12, 12, 4
6,6:6, 6, -2, -2, 14, 10, 12, 12, 18
6,6:6, 6, -2, -2, 14, 10, 12, 12, 22
6,6:6, 6, -2, -2, 14, 10, 12, 18, 12
6,6:6, 6, -2, -2, 14, 10, 12, 18, 22
8,1:6, 6, 8, -4, -8, -10, -12, -2, -14
1,1:6, 6, 8, -4, -8, -8, 8, 10, 14
1,1:6, 6, 8, -4, -8, -8, 8, 10, 16
1,1:6, 6, 8, -4, -8, -8, 8, 10, 18
1,1:6, 6, 8, -4, -8, 0, 8, 8, -6
1,1:6, 6, 8, -4, -8, 0, 8, 8, -4
1,1:6, 6, 8, -4, -8, 0, 8, 8, -2
7,-3:6, 6, 8, -4, 2, -6, -2, 2, -2
-14,8:6, 6, 8, 2, 10, 14, 16, 10, 28
6,13:6, 6, 8, 10, 20, 12, 22, 18, 26
6,13:6, 6, 8, 10, 20, 12, 22, 18, 28
6,13:6, 6, 8, 10, 20, 12, 22, 18, 30
-5,6:6, 6, 14, 6, 6, 12, 4, 6, 16
-5,6:6, 6, 14, 6, 6, 12, 4, 6, 20
-5,6:6, 6, 14, 6, 6, 12, 4, 16, 6
0,0:6, 6, 14, 10, -4, 10, 16, 20, 12
0,0:6, 6, 14, 10, -4, 16, 4, 36, 32
0,0:6, 6, 14, 10, 4, -6, 10, 12, -4
0,0:6, 6, 14, 10, 4, -6, 10, 12, -2
0,0:6, 6, 14, 10, 4, -6, 10, 12, 0
0,0:6, 6, 14, 10, 10, 12, -6, -8, 0
0,0:6, 6, 14, 10, 16, 20, 18, 22, 2
10,3:6, 6, 16, -16, 4, 2, 0, 6, -12
