5,-6:-4, -6, 6, -2, 16
5,-6:-4, -6, 6, -2, 18
5,-6:-4, -6, 6, -2, 22, 16
5,-6:-4, -6, 6, -2, 22, 18
5,-6:-4, -6, 6, -2, 22, 20
-4,6:6, 6, 8, -4, 4, -16
-4,6:6, 6, 8, -4, 4, -14
-4,6:6, 6, 8, -4, 4, -12
10,5:-4, -12, -14, -4, -4, -6, 6
5,-6:-4, -12, 4, 6, 4, -2, 0
5,-6:-4, -12, 4, 6, 4, -2, 2
5,-14:-4, -6, -14, 6, -2, -16, -4
5,-14:-4, -6, -14, 6, -2, -16, 0
5,-14:-4, -6, -14, 6, -2, -4, -16
5,-14:-4, -6, -14, 6, -2, -4, -6
4,2:-4, -6, -8, -10, -20, -2, -8
4,2:-4, -6, -8, -10, -20, -2, -6
4,2:-4, -6, -8, -10, -20, -2, -4
4,2:-4, -6, -8, -10, -2, -8, -20
4,2:-4, -6, -8, -10, -2, -8, -10
0,-3:-4, -6, 6, -8, -12, -14, 0
0,-3:-4, -6, 6, -8, -8, 0, -18
0,-3:-4, -6, 6, -8, -8, 0, -12
5,-6:-4, -6, 6, -2, 12, 10, 18
5,-6:-4, -6, 6, -2, 22, 12, 14
5,-6:-4, -6, 6, -2, 22, 12, 16
5,-6:-4, -6, 6, -2, 22, 12, 18
4,-2:-4, 2, 6, 0, 14, -4, -6
36,-8:-4, 4, -10, 2, -16, -26, -8
36,-8:-4, 4, -10, 2, -16, -26, -6
36,-8:-4, 4, -10, 2, -16, -26, -4
8,-3:6, -4, -4, -6, 6, -2, 14
8,-3:6, -4, -4, -6, 6, -2, 16
8,-3:6, -4, -4, -6, 6, -2, 18
-4,6:6, 6, 8, -4, 4, -20, -18
-4,6:6, 6, 8, -4, 4, -20, -16
-4,6:6, 6, 8, -4, 4, -20, -14
-13,11:-4, -14, -8, 20, 22, 10, 18, -2
-13,11:-4, -14, -8, 20, 22, 10, 18, 0
-13,11:-4, -14, -8, 20, 22, 10, 18, 2
7,9:-4, -14, 14, -2, 0, -12, -4, -24
7,9:-4, -14, 14, -2, 0, -12, -4, -22
7,9:-4, -14, 14, -2, 0, -12, -4, -20
-9,9:-4, -12, -14, -4, 4, 2, -4, 8
-9,9:-4, -12, -14, -4, 4, 2, -4, 18
-9,9:-4, -12, -14, -4, 4, 2, 8, -4
-9,9:-4, -12, -14, -4, 4, 2, 8, 0
6,-12:-4, -12, 4, -6, -14, -8, -2, -12
0,-3:-4, -12, 4, 6, -8, -18, 0, -20
0,-3:-4, -12, 4, 6, -8, -18, 0, -10
5,-6:-4, -12, 4, 6, 4, -2, 6, 0
5,-6:-4, -12, 4, 6, 4, -2, 6, 2
5,-6:-4, -12, 4, 6, 4, -2, 6, 4
7,-10:-4, -6, 0, -8, -12, 0, -8, 8
7,-10:-4, -6, 0, -8, -12, 0, -8, 10
7,-10:-4, -6, 0, -8, -12, 0, -8, 12
0,-3:-4, -6, 6, -8, -10, -20, 0, -12
0,-3:-4, -6, 6, -8, -10, -20, 0, -10
0,-3:-4, -6, 6, -8, -10, -20, 0, -8
0,-3:-4, -6, 6, -8, -8, -16, 0, -20
0,-3:-4, -6, 6, -8, -8, -16, 0, -18
0,-3:-4, -6, 6, -8, -8, -16, 0, -16
16,-4:-4, -6, 6, -8, 0, 2, -10, -10
5,-6:-4, -6, 6, -2, 12, 10, 2, 12
5,-6:-4, -6, 6, -2, 12, 10, 2, 16
5,-6:-4, -6, 6, -2, 12, 10, 16, 2
5,-6:-4, -6, 6, -2, 12, 10, 16, 12
5,-6:-4, -6, 6, -2, 12, 18, 18, 4
5,-6:-4, -6, 6, -2, 12, 18, 18, 14
5,-6:-4, -6, 6, -2, 22, 12, 22, 16
5,-6:-4, -6, 6, -2, 22, 12, 22, 18
5,-6:-4, -6, 6, -2, 22, 12, 22, 20
1,-6:-4, -6, 6, 0, -8, -18, 14, -8
4,2:-4, 2, 2, -8, -4, -16, -8, -28
4,2:-4, 2, 2, -8, -4, -16, -8, -26
4,2:-4, 2, 2, -8, -4, -16, -8, -24
0,-3:-4, 2, 6, -14, -18, -6, 0, -18
0,-3:-4, 2, 6, -14, -18, -6, 0, -8
0,-3:-4, 2, 6, -14, -18, 2, 0, -18
0,-3:-4, 2, 6, -14, -18, 2, 0, -16
0,-3:-4, 2, 6, -14, -18, 2, 0, -14
36,-8:-4, 4, -10, 2, -16, -26, -12, -10
36,-8:-4, 4, -10, 2, -16, -26, -12, -8
36,-8:-4, 4, -10, 2, -16, -26, -12, -6
-10,16:-4, 4, 4, -6, 4, -8, 22, 4
-10,16:-4, 4, 4, -6, 4, -8, 22, 6
-10,16:-4, 4, 4, -6, 4, -8, 22, 8
5,-6:-4, 4, 4, 6, -6, -2, 16, 14
8,-3:6, -4, -4, -6, 6, -2, 22, 16
8,-3:6, -4, -4, -6, 6, -2, 22, 18
8,-3:6, -4, -4, -6, 6, -2, 22, 20
-1,9:6, -4, 6, 6, 8, -4, 4, -16
-1,9:6, -4, 6, 6, 8, -4, 4, -14
-1,9:6, -4, 6, 6, 8, -4, 4, -12
0,5:6, 6, -4, -4, 2, -12, 6, 8
-4,6:6, 6, -2, -4, -2, 4, 4, 0
-4,6:6, 6, -2, -4, -2, 4, 4, 2
-12,6:6, 6, -2, -4, 16, 4, 2, 8
-12,6:6, 6, -2, -4, 16, 4, 2, 18
-12,6:6, 6, -2, -4, 16, 4, 8, 2
-12,6:6, 6, -2, -4, 16, 4, 8, 6
-6,37:6, 6, -2, 12, 0, 18, 28, 6
-6,37:6, 6, -2, 12, 0, 18, 28, 8
-6,37:6, 6, -2, 12, 0, 18, 28, 10
-4,6:6, 6, 8, -4, 4, -20, -10, -16
-4,6:6, 6, 8, -4, 4, -20, -10, -14
-4,6:6, 6, 8, -4, 4, -20, -10, -12
-4,6:6, 6, 8, -4, 4, -10, -8, -16
-1,1:6, 6, 8, -4, 10, 10, 2, 14
-1,1:6, 6, 8, -4, 10, 10, 2, 20
-1,1:6, 6, 8, -4, 10, 10, 14, 2
4,5:6, 6, 8, 10, 12, 4, 6, 12
4,5:6, 6, 8, 10, 12, 4, 6, 22
4,5:6, 6, 8, 10, 12, 4, 22, 6
4,5:6, 6, 8, 10, 12, 4, 22, 8
4,5:6, 6, 8, 10, 12, 4, 22, 10
7,11:6, 6, 14, 6, 6, 6, 16, -4
19,0:-4, -14, -12, 14, -12, -14, -2, -10, 6
19,0:-4, -14, -12, 14, -12, -14, -2, -10, 8
19,0:-4, -14, -12, 14, -12, -14, -2, -10, 10
-1,2:-4, -14, -8, 10, 10, 8, 20, 12, 28
-1,2:-4, -14, -8, 10, 10, 8, 20, 12, 30
-1,2:-4, -14, -8, 10, 10, 8, 20, 12, 32
-13,11:-4, -14, -8, 20, 22, 10, 18, -6, -4
-13,11:-4, -14, -8, 20, 22, 10, 18, -6, -2
-13,11:-4, -14, -8, 20, 22, 10, 18, -6, 0
7,9:-4, -14, 10, -2, 0, -12, -4, -24, 12
7,9:-4, -14, 10, -2, 0, -12, -4, -24, 14
7,9:-4, -14, 10, -2, 0, -12, -4, -24, 16
1,-4:-4, -14, 10, 10, 16, 14, 6, -4, 8
1,-4:-4, -14, 10, 10, 16, 14, 6, -4, 18
-6,5:-4, -14, 10, 10, 16, 20, 0, 4, 14
1,-4:-4, -14, 10, 10, 16, 20, 6, -4, 12
7,9:-4, -14, 14, -2, 0, -12, -4, -28, -26
7,9:-4, -14, 14, -2, 0, -12, -4, -28, -24
7,9:-4, -14, 14, -2, 0, -12, -4, -28, -22
-9,9:-4, -12, -14, -4, 4, 2, -2, 8, 2
-9,9:-4, -12, -14, -4, 4, 2, -2, 8, 4
-9,9:-4, -12, -14, -4, 4, 2, -2, 8, 6
15,-6:-4, -12, -8, -14, 0, -14, -24, -8, -18
0,-2:-4, -12, -4, -8, -6, -4, -16, -8, -28
0,-2:-4, -12, -4, -8, -6, -4, -16, -8, -26
0,-2:-4, -12, -4, -8, -6, -4, -16, -8, -24
-7,5:-4, -6, -14, -2, 8, 10, -2, 6, -14
-7,5:-4, -6, -14, -2, 8, 10, -2, 6, -12
-7,5:-4, -6, -14, -2, 8, 10, -2, 6, -10
5,-14:-4, -6, -14, 6, -2, -10, -18, -2, -6
5,-14:-4, -6, -14, 6, -2, -10, -18, -2, -4
5,-14:-4, -6, -14, 6, -2, -10, -18, -2, -2
5,-14:-4, -6, -14, 6, -2, -10, -18, 4, -6
5,-14:-4, -6, -14, 6, -2, -10, -18, 4, -4
5,-14:-4, -6, -14, 6, -2, -10, -14, -22, 4
5,-14:-4, -6, -14, 6, -2, -10, -14, 0, -6
5,-14:-4, -6, -14, 6, -2, -10, -14, 4, -22
5,-14:-4, -6, -14, 6, -2, -10, -14, 4, -12
5,-14:-4, -6, -14, 6, -2, -10, -4, 4, -22
13,-12:-4, -6, -8, -20, -20, -20, -8, -16, 0
13,-12:-4, -6, -8, -20, -20, -20, -8, -16, 2
13,-12:-4, -6, -8, -20, -20, -20, -8, -16, 4
-6,6:-4, -6, -8, -18, -20, -10, -2, -4, 2
-6,6:-4, -6, -8, -18, -20, -10, -2, -4, 12
-6,6:-4, -6, -8, -18, -20, -10, -2, 2, -4
-6,6:-4, -6, -8, -18, -20, -10, -2, 2, 0
17,-5:-4, -6, -8, -18, -2, -14, 4, -24, -6
4,-18:-4, -6, -8, -16, -28, -28, -8, -24, -22
2,-15:-4, -6, -8, -16, -26, -12, -24, -20, -2
1,-13:-4, -6, -8, -16, -16, -28, -6, -20, -40
1,-13:-4, -6, -8, -16, -16, -28, -6, -20, -38
1,-13:-4, -6, -8, -16, -16, -28, -6, -20, -36
4,2:-4, -6, -8, -10, -2, -14, -18, -8, -10
4,2:-4, -6, -8, -10, -2, -8, -8, -36, -20
4,2:-4, -6, -8, -10, -2, -8, -8, -36, -12
4,2:-4, -6, -8, -10, -2, -8, -8, -20, -36
4,2:-4, -6, -8, -10, -2, -8, -8, -20, -28
7,-10:-4, -6, 0, -8, -12, 0, -8, 16, 10
7,-10:-4, -6, 0, -8, -12, 0, -8, 16, 12
7,-10:-4, -6, 0, -8, -12, 0, -8, 16, 14
0,-3:-4, -6, 6, -8, -18, -14, -24, 0, -10
0,-3:-4, -6, 6, -8, -18, -14, -10, 0, -24
0,-3:-4, -6, 6, -8, -18, -14, -10, 0, -14
0,-3:-4, -6, 6, -8, -12, -24, -8, 0, -20
0,-3:-4, -6, 6, -8, -12, -24, -8, 0, -14
1,-1:-4, -6, 6, -8, -12, -4, -24, 6, -4
1,-1:-4, -6, 6, -8, -12, -4, 6, -4, -24
0,-3:-4, -6, 6, -8, -10, -20, -4, 0, -10
0,-3:-4, -6, 6, -8, -10, -20, -4, 0, -8
0,-3:-4, -6, 6, -8, -10, -20, -4, 0, -6
0,-3:-4, -6, 6, -8, -8, -22, -16, 0, -24
0,-3:-4, -6, 6, -8, -8, -16, -24, 0, -22
0,-3:-4, -6, 6, -8, -8, -16, -24, 0, -20
0,-3:-4, -6, 6, -8, -8, -16, -24, 0, -18
0,-3:-4, -6, 6, -8, 0, -12, -20, 0, -2
5,-6:-4, -6, 6, -2, 12, 4, 12, 8, 4
5,-6:-4, -6, 6, -2, 12, 4, 12, 8, 6
5,-6:-4, -6, 6, -2, 12, 4, 12, 8, 8
5,-6:-4, -6, 6, -2, 12, 10, 2, 14, 18
5,-6:-4, -6, 6, -2, 12, 10, 2, 14, 20
5,-6:-4, -6, 6, -2, 12, 10, 2, 14, 22
5,-6:-4, -6, 6, -2, 12, 10, 8, 14, 0
5,-6:-4, -6, 6, -2, 12, 10, 22, 22, 14
5,-6:-4, -6, 6, -2, 12, 10, 22, 22, 26
5,-6:-4, -6, 6, -2, 12, 20, 14, 4, 0
5,-6:-4, -6, 6, -2, 12, 20, 14, 4, 4
5,-6:-4, -6, 6, -2, 12, 20, 14, 4, 12
5,-6:-4, -6, 6, -2, 22, 12, 12, 10, 18
5,-6:-4, -6, 6, -2, 22, 12, 22, 12, 14
5,-6:-4, -6, 6, -2, 22, 12, 22, 12, 16
5,-6:-4, -6, 6, -2, 22, 12, 22, 12, 18
1,2:-4, -6, 6, 0, -8, -2, 8, 14, 6
-6,10:-4, -6, 6, 10, -14, 12, 14, 2, 10
17,-5:-4, -6, 6, 10, -4, 6, -8, -22, -32
17,-5:-4, -6, 6, 10, -4, 6, -8, -22, -30
17,-5:-4, -6, 6, 10, -4, 6, -8, -22, -28
-6,10:-4, -6, 6, 10, 12, 14, 2, 10, -14
9,-12:-4, 2, 0, -8, -14, -8, -4, 2, -18
-6,4:-4, 2, 0, -8, -14, 2, -2, -2, 10
7,-3:-4, 2, 0, -8, -4, -16, -2, 2, -10
4,2:-4, 2, 2, -8, -4, -16, -8, -32, -30
4,2:-4, 2, 2, -8, -4, -16, -8, -32, -28
4,2:-4, 2, 2, -8, -4, -16, -8, -32, -26
12,3:-4, 2, 6, -14, -22, -8, -12, -18, 4
12,3:-4, 2, 6, -14, -22, -8, -12, 4, -18
12,3:-4, 2, 6, -14, -22, -8, -12, 4, -16
0,-3:-4, 2, 6, -14, -22, -6, -8, 0, -20
0,-3:-4, 2, 6, -14, -22, -6, -8, 0, -18
0,-3:-4, 2, 6, -14, -22, -6, -8, 0, -16
0,-3:-4, 2, 6, -14, -18, -22, 2, 0, -20
0,-3:-4, 2, 6, -14, -18, -22, 2, 0, -18
0,-3:-4, 2, 6, -14, -18, -22, 2, 0, -16
0,-3:-4, 2, 6, -14, -18, -18, -8, 0, -12
0,-3:-4, 2, 6, -14, -18, -18, -8, 0, -10
0,-3:-4, 2, 6, -14, -18, -18, -8, 0, -8
0,-3:-4, 2, 6, -14, -8, -12, -18, 0, -10
9,4:-4, 2, 6, -8, -14, -14, -16, 10, 4
0,-3:-4, 2, 6, -8, -14, 4, -8, 0, -14
0,-3:-4, 2, 6, -8, -14, 4, -8, 0, -12
0,-3:-4, 2, 6, -8, -14, 4, -8, 0, -10
7,-19:-4, 2, 6, -8, -4, -16, 6, -2, 0
7,-19:-4, 2, 6, -8, -4, -16, 6, -2, 6
14,-1:-4, 2, 6, -8, 2, -6, 2, -22, -12
14,-1:-4, 2, 6, -8, 2, -6, 2, -12, -22
3,16:-4, 2, 6, 4, 10, -8, -16, -12, 10
0,11:-4, 4, -10, -12, -12, -14, 6, 0, 4
0,11:-4, 4, -10, -12, -12, 6, 0, 4, -14
0,11:-4, 4, -10, -12, -12, 6, 0, 4, -4
6,8:-4, 4, -10, -8, -16, 2, -2, -2, -2
7,3:-4, 4, -10, 0, -8, -6, -18, -10, -30
7,3:-4, 4, -10, 0, -8, -6, -18, -10, -28
7,3:-4, 4, -10, 0, -8, -6, -18, -10, -26
36,-8:-4, 4, -10, 2, -16, -26, -12, -2, -8
36,-8:-4, 4, -10, 2, -16, -26, -12, -2, -6
36,-8:-4, 4, -10, 2, -16, -26, -12, -2, -4
15,-8:-4, 4, -10, 2, -16, -18, -6, -14, -12
15,-8:-4, 4, -10, 2, -16, -18, -6, -14, -8
-7,5:-4, 4, -2, -12, -2, 8, 10, -2, 6
10,-9:-4, 4, -2, -8, -10, -18, -2, 2, -16
23,1:-4, 4, -2, -8, -10, 2, -28, -16, -22
-10,16:-4, 4, 4, -6, 4, -8, 22, 12, 6
-10,16:-4, 4, 4, -6, 4, -8, 22, 12, 8
-10,16:-4, 4, 4, -6, 4, -8, 22, 12, 10
5,-6:-4, 4, 4, 6, -6, -2, 8, 16, 6
5,-6:-4, 4, 4, 6, -6, -2, 8, 16, 8
5,-6:-4, 4, 4, 6, -6, -2, 8, 16, 10
5,-6:-4, 4, 4, 6, -6, -2, 16, 4, 10
5,-6:-4, 4, 4, 6, -6, -2, 16, 4, 20
10,-14:-4, 4, 6, 4, -8, 4, -30, -20, -24
7,6:-4, 4, 6, 4, 6, 6, -2, -10, 6
13,8:6, -4, -4, -12, -14, -4, -4, -6, 6
8,-3:6, -4, -4, -12, 4, 6, 4, -2, 0
8,-3:6, -4, -4, -12, 4, 6, 4, -2, 2
8,-11:6, -4, -4, -6, -14, 6, -2, -16, -4
8,-11:6, -4, -4, -6, -14, 6, -2, -16, 0
8,-11:6, -4, -4, -6, -14, 6, -2, -4, -16
8,-11:6, -4, -4, -6, -14, 6, -2, -4, -6
7,5:6, -4, -4, -6, -8, -10, -20, -2, -8
7,5:6, -4, -4, -6, -8, -10, -20, -2, -6
7,5:6, -4, -4, -6, -8, -10, -20, -2, -4
7,5:6, -4, -4, -6, -8, -10, -2, -8, -20
7,5:6, -4, -4, -6, -8, -10, -2, -8, -10
3,0:6, -4, -4, -6, 6, -8, -12, -14, 0
3,0:6, -4, -4, -6, 6, -8, -8, 0, -18
3,0:6, -4, -4, -6, 6, -8, -8, 0, -12
8,-3:6, -4, -4, -6, 6, -2, 12, 10, 18
8,-3:6, -4, -4, -6, 6, -2, 22, 12, 14
8,-3:6, -4, -4, -6, 6, -2, 22, 12, 16
8,-3:6, -4, -4, -6, 6, -2, 22, 12, 18
7,1:6, -4, -4, 2, 6, 0, 14, -4, -6
39,-5:6, -4, -4, 4, -10, 2, -16, -26, -8
39,-5:6, -4, -4, 4, -10, 2, -16, -26, -6
39,-5:6, -4, -4, 4, -10, 2, -16, -26, -4
11,0:6, -4, 6, -4, -4, -6, 6, -2, 14
11,0:6, -4, 6, -4, -4, -6, 6, -2, 16
11,0:6, -4, 6, -4, -4, -6, 6, -2, 18
-1,9:6, -4, 6, 6, 8, -4, 4, -20, -18
-1,9:6, -4, 6, 6, 8, -4, 4, -20, -16
-1,9:6, -4, 6, 6, 8, -4, 4, -20, -14
-1,1:6, 6, -4, -4, 16, 0, 2, 16, 16
-1,1:6, 6, -4, -4, 16, 0, 2, 16, 18
-1,1:6, 6, -4, -4, 16, 0, 2, 16, 20
-1,1:6, 6, -4, -4, 16, 16, 8, 2, 10
-1,1:6, 6, -4, -4, 16, 16, 8, 2, 20
4,5:6, 6, -4, 0, 10, 6, 18, 10, 26
4,5:6, 6, -4, 0, 10, 6, 18, 10, 28
4,5:6, 6, -4, 0, 10, 6, 18, 10, 30
-4,6:6, 6, -2, -4, -2, 4, 4, -4, -2
-4,6:6, 6, -2, -4, -2, 4, 4, -4, 0
-4,6:6, 6, -2, -4, -2, 4, 4, -4, 2
-1,1:6, 6, -2, -4, 14, 10, 2, 10, 12
-1,1:6, 6, -2, -4, 14, 10, 2, 10, 22
-4,6:6, 6, -2, -2, -4, 8, 4, -16, -12
18,-9:6, 6, -2, -2, 8, -2, 10, -20, -6
18,-9:6, 6, -2, -2, 8, -2, 10, -20, -4
18,-9:6, 6, -2, -2, 8, -2, 10, -20, -2
-6,37:6, 6, -2, 12, 0, 18, 28, 14, 8
-6,37:6, 6, -2, 12, 0, 18, 28, 14, 10
-6,37:6, 6, -2, 12, 0, 18, 28, 14, 12
-10,7:6, 6, -2, 14, 8, 16, 10, 4, 14
-4,2:6, 6, 8, -4, 2, 10, -12, 20, 10
-4,6:6, 6, 8, -4, 4, -20, -10, -20, -18
-4,6:6, 6, 8, -4, 4, -20, -10, -20, -16
-4,6:6, 6, 8, -4, 4, -20, -10, -20, -14
-4,6:6, 6, 8, -4, 4, -10, -20, -16, -12
-4,6:6, 6, 8, -4, 4, -10, -20, -16, -2
-4,6:6, 6, 8, -4, 4, -10, -18, 0, -14
-4,6:6, 6, 8, -4, 4, -10, -18, 0, -10
-4,6:6, 6, 8, -4, 4, -10, -8, -14, -10
-4,6:6, 6, 8, -4, 4, -10, -8, -14, 0
-2,17:6, 6, 8, -4, 10, 2, 0, 12, 12
-1,1:6, 6, 8, -4, 10, 10, 2, 18, 18
-1,1:6, 6, 8, -4, 10, 10, 2, 18, 20
-1,1:6, 6, 8, -4, 10, 10, 2, 18, 22
-1,1:6, 6, 8, -4, 10, 12, 2, 22, 10
-1,1:6, 6, 8, -4, 10, 12, 2, 22, 12
-1,1:6, 6, 8, -4, 10, 12, 2, 22, 14
-8,8:6, 6, 8, 2, 10, 14, 2, 10, -10
-8,8:6, 6, 8, 2, 10, 14, 2, 10, -8
-8,8:6, 6, 8, 2, 10, 14, 2, 10, -6
11,-8:6, 6, 14, 6, 16, -2, -16, -4, 2
11,-8:6, 6, 14, 6, 16, -2, -16, -4, 6
11,-8:6, 6, 14, 6, 16, -2, -4, 2, -16
11,-8:6, 6, 14, 6, 16, -2, -4, 2, -6
11,8:6, 6, 16, -16, 4, 2, 14, 6, 22
11,8:6, 6, 16, -16, 4, 2, 14, 6, 24
11,8:6, 6, 16, -16, 4, 2, 14, 6, 26
