-2,3:-4, -6, 6, -8, -8, -18
-2,3:-4, -6, 6, -8, -8, -12
10,-4:-4, 2, 6, 0, 14, -4
-2,3:-4, -12, 4, 6, -8, -18, -20
-2,3:-4, -12, 4, 6, -8, -18, -10
-2,3:-4, -6, 6, -8, -18, -20, -8
-2,3:-4, -6, 6, -8, -18, -20, -6
-2,3:-4, -6, 6, -8, -18, -20, -4
-2,3:-4, -6, 6, -8, -10, -20, -12
-2,3:-4, -6, 6, -8, -10, -20, -10
-2,3:-4, -6, 6, -8, -10, -20, -8
-2,3:-4, -6, 6, -8, -8, -16, -20
-2,3:-4, -6, 6, -8, -8, -16, -18
-2,3:-4, -6, 6, -8, -8, -16, -16
-2,3:-4, 2, 6, -14, -18, -18, 2
-2,3:-4, 2, 6, -14, -18, -6, -18
-2,3:-4, 2, 6, -14, -18, -6, -8
-2,3:-4, 2, 6, -14, -18, 2, -18
-2,3:-4, 2, 6, -14, -18, 2, -16
-2,3:-4, 2, 6, -14, -18, 2, -14
-2,3:-4, 4, -10, -12, 6, -14, -6
-2,3:-4, 4, -10, -12, 6, -14, -4
-2,11:6, 6, -4, -4, 2, -12, 6
5,-1:6, 6, 8, -4, 10, 10, 14
5,-1:6, 6, 8, -4, 10, 10, 20
5,-1:6, 6, 8, -4, 10, 14, 16
-8,11:-4, -14, 10, 10, 16, 20, 0, 4
-8,11:-4, -14, 10, 10, 16, 20, 0, 6
13,0:-4, -12, -8, -14, 0, -14, -24, -8
-2,3:-4, -12, 4, 6, -8, -14, -10, -14
10,-20:-4, -6, -8, -16, -28, -28, -8, -24
-2,3:-4, -6, 6, -8, -18, -20, 0, -6
-2,3:-4, -6, 6, -8, -18, -20, 0, -4
-2,3:-4, -6, 6, -8, -18, -20, 0, -2
-2,3:-4, -6, 6, -8, -18, -14, -24, -10
-2,3:-4, -6, 6, -8, -18, -14, -10, -24
-2,3:-4, -6, 6, -8, -18, -14, -10, -14
-2,3:-4, -6, 6, -8, -12, -24, -20, -8
-2,3:-4, -6, 6, -8, -12, -24, -20, -6
-2,3:-4, -6, 6, -8, -12, -24, -8, -20
-2,3:-4, -6, 6, -8, -12, -24, -8, -14
-2,3:-4, -6, 6, -8, -10, -20, -4, -10
-2,3:-4, -6, 6, -8, -10, -20, -4, -8
-2,3:-4, -6, 6, -8, -10, -20, -4, -6
-2,3:-4, -6, 6, -8, -8, -22, -16, -24
-2,3:-4, -6, 6, -8, -8, -16, -24, -22
-2,3:-4, -6, 6, -8, -8, -16, -24, -20
-2,3:-4, -6, 6, -8, -8, -16, -24, -18
-2,3:-4, -6, 6, -8, 0, -12, -20, -2
7,-6:-4, 2, 0, -8, -14, -8, -4, 2
0,2:-4, 2, 0, -8, -14, 2, -2, -2
0,2:-4, 2, 0, -8, -14, 2, -2, 8
13,-5:-4, 2, 0, -8, -4, -16, -2, 2
-2,3:-4, 2, 6, -14, -22, -6, -8, -20
-2,3:-4, 2, 6, -14, -22, -6, -8, -18
-2,3:-4, 2, 6, -14, -22, -6, -8, -16
-2,3:-4, 2, 6, -14, -18, -22, 2, -20
-2,3:-4, 2, 6, -14, -18, -22, 2, -18
-2,3:-4, 2, 6, -14, -18, -22, 2, -16
-2,3:-4, 2, 6, -14, -18, -18, -8, -12
-2,3:-4, 2, 6, -14, -18, -18, -8, -10
-2,3:-4, 2, 6, -14, -18, -18, -8, -8
-2,3:-4, 2, 6, -14, -8, -12, -18, -10
-2,3:-4, 2, 6, -8, -14, 4, -8, -14
-2,3:-4, 2, 6, -8, -14, 4, -8, -12
-2,3:-4, 2, 6, -8, -14, 4, -8, -10
12,5:-4, 2, 6, -8, 2, -6, 2, -22
12,5:-4, 2, 6, -8, 2, -6, 2, -16
8,-3:-4, 4, -2, -8, -10, -18, -2, 2
29,-1:-4, 4, -2, -8, -10, 2, -28, -16
16,-16:-4, 4, 6, 4, -8, 4, -30, -20
1,6:6, -4, -4, -6, 6, -8, -12, -14
1,6:6, -4, -4, -6, 6, -8, -8, -18
1,6:6, -4, -4, -6, 6, -8, -8, -12
13,-1:6, -4, -4, 2, 6, 0, 14, -4
5,-1:6, 6, -4, -4, 16, 0, 16, 16
5,-1:6, 6, -4, -4, 16, 0, 16, 18
5,-1:6, 6, -4, -4, 16, 0, 16, 20
5,-1:6, 6, -4, -4, 16, 16, 8, 10
5,-1:6, 6, -4, -4, 16, 16, 8, 20
5,-1:6, 6, -4, -4, 16, 16, 16, 0
5,-1:6, 6, -2, -4, 12, 12, 16, 6
5,-1:6, 6, -2, -4, 12, 12, 16, 8
5,-1:6, 6, -2, -4, 14, 10, 10, 12
5,-1:6, 6, -2, -4, 14, 10, 10, 22
5,-1:6, 6, 8, -4, 10, 10, 18, 18
5,-1:6, 6, 8, -4, 10, 10, 18, 20
5,-1:6, 6, 8, -4, 10, 10, 18, 22
5,-1:6, 6, 8, -4, 10, 12, 22, 10
5,-1:6, 6, 8, -4, 10, 12, 22, 12
5,-1:6, 6, 8, -4, 10, 12, 22, 14
5,-1:6, 6, 8, -4, 10, 20, 22, 6
5,-1:6, 6, 8, -4, 10, 20, 22, 8
5,-1:6, 6, 8, -4, 10, 20, 22, 10
-11,16:-4, -14, -8, 20, 10, 10, 16, 2, 20
-4,4:-4, -14, -8, 20, 22, 10, 24, 24, 28
-4,4:-4, -14, -8, 20, 22, 10, 24, 24, 34
-4,4:-4, -14, -8, 20, 22, 10, 24, 28, 30
8,7:-4, -14, 10, -2, -12, 20, 10, 12, 4
-8,11:-4, -14, 10, 10, 16, 20, 0, -2, 10
-8,11:-4, -14, 10, 10, 16, 20, 0, -2, 12
-8,11:-4, -14, 10, 10, 16, 20, 0, -2, 14
-8,11:-4, -14, 10, 10, 16, 20, 0, 8, 0
-8,11:-4, -14, 10, 10, 16, 20, 0, 8, 4
-8,11:-4, -14, 10, 10, 16, 20, 0, 10, -2
-8,11:-4, -14, 10, 10, 16, 20, 0, 10, 8
9,14:-4, -14, 14, -2, -12, -12, -6, -20, -2
16,2:-4, -14, 14, -2, 0, -12, 2, 2, 6
16,2:-4, -14, 14, -2, 0, -12, 2, 2, 12
16,2:-4, -14, 14, -2, 0, -12, 2, 6, 8
15,-9:-4, -12, -8, -14, -22, -22, 2, 4, 4
15,-9:-4, -12, -8, -14, -22, -22, 2, 4, 6
15,-9:-4, -12, -8, -14, -22, -22, 2, 4, 8
15,-9:-4, -12, -8, -14, -20, -22, 0, -10, 0
15,-9:-4, -12, -8, -14, -20, -22, 0, -10, 10
15,-9:-4, -12, -8, -14, -20, -22, 0, 10, -10
5,-13:-4, -12, -8, -14, -10, -16, -14, -14, -2
17,-6:-4, -12, -8, -14, 2, 4, -24, -10, -14
17,-6:-4, -12, -8, -14, 2, 4, -24, -10, -12
17,-6:-4, -12, -8, -14, 2, 4, -24, -8, -10
17,-6:-4, -12, -8, -14, 2, 4, -10, -14, -24
2,9:-4, -12, -8, -2, -2, -4, 8, -10, 0
4,-6:-4, -6, -8, -18, -2, -14, 4, -24, -24
4,-6:-4, -6, -8, -18, -2, -14, 4, -24, -16
10,-20:-4, -6, -8, -16, -28, -28, -8, -14, -14
10,-20:-4, -6, -8, -16, -28, -28, -8, -14, -12
10,-20:-4, -6, -8, -16, -28, -28, -8, -14, -10
10,-20:-4, -6, -8, -16, -16, -28, -14, -14, 2
9,-10:-4, -6, -8, -4, -14, -20, -14, -10, -4
2,-2:-4, -6, -8, -4, -14, -20, -4, -8, -8
2,-2:-4, -6, -8, -4, -14, -20, -4, -8, 2
15,-9:-4, -6, -8, -4, -14, -10, -22, -8, -4
0,-1:-4, -6, 0, -8, -12, 0, -14, -18, -20
0,-1:-4, -6, 0, -8, -12, 0, -14, -14, -24
0,-1:-4, -6, 0, -8, -12, 0, -14, -14, -18
12,-8:-4, -6, 0, -8, -4, 0, -6, 8, -10
-2,3:-4, -6, 6, -8, -18, -20, -10, -12, -4
-2,3:-4, -6, 6, -8, -18, -20, 0, -10, -8
-2,3:-4, -6, 6, -8, -18, -20, 0, -10, -6
-2,3:-4, -6, 6, -8, -18, -20, 0, -10, -4
-2,3:-4, -6, 6, -8, -18, -14, -24, -26, -16
-2,3:-4, -6, 6, -8, -18, -14, -24, -26, -12
-2,3:-4, -6, 6, -8, -18, -14, -24, -12, -26
-2,3:-4, -6, 6, -8, -18, -14, -24, -12, -16
-2,3:-4, -6, 6, -8, -12, -28, -8, -14, -18
-2,3:-4, -6, 6, -8, -12, -28, -8, -14, -16
-2,3:-4, -6, 6, -8, -12, -28, -8, -14, -14
12,-10:-4, -6, 6, -8, -12, -28, 6, -4, -20
12,-10:-4, -6, 6, -8, -12, -28, 6, -4, -12
12,-10:-4, -6, 6, -8, -12, -28, 6, -4, -6
-2,3:-4, -6, 6, -8, -12, -24, -20, -12, -10
-2,3:-4, -6, 6, -8, -12, -24, -20, -12, -8
-2,3:-4, -6, 6, -8, -12, -24, -20, -12, -6
-2,3:-4, -6, 6, -8, -12, -24, -16, -8, -16
-2,3:-4, -6, 6, -8, -12, -24, -16, -8, -14
-2,3:-4, -6, 6, -8, -12, -24, -16, -8, -12
-2,3:-4, -6, 6, -8, -12, -16, -14, -8, -24
-2,3:-4, -6, 6, -8, -12, -16, -14, -8, -22
-2,3:-4, -6, 6, -8, -12, -16, -14, -8, -20
-2,3:-4, -6, 6, -8, -12, -16, -8, -16, -24
-2,3:-4, -6, 6, -8, -12, -16, -8, -16, -20
-2,3:-4, -6, 6, -8, -12, -16, -8, -8, -16
-2,3:-4, -6, 6, -8, -12, -8, -12, -16, -24
-2,3:-4, -6, 6, -8, -10, -20, -14, -16, -8
-2,3:-4, -6, 6, -8, -10, -20, -4, -14, -12
-2,3:-4, -6, 6, -8, -10, -20, -4, -14, -10
-2,3:-4, -6, 6, -8, -10, -20, -4, -14, -8
-2,3:-4, -6, 6, -8, -8, -22, -28, -24, -20
-2,3:-4, -6, 6, -8, -8, -22, -28, -24, -10
-2,3:-4, -6, 6, -8, -8, -22, -26, -8, -22
-2,3:-4, -6, 6, -8, -8, -22, -26, -8, -18
-2,3:-4, -6, 6, -8, -8, -22, -16, -22, -18
-2,3:-4, -6, 6, -8, -8, -22, -16, -22, -8
-2,3:-4, -6, 6, -8, -8, -16, -24, -14, -20
-2,3:-4, -6, 6, -8, -8, -16, -24, -14, -18
-2,3:-4, -6, 6, -8, -8, -16, -24, -14, -16
-2,3:-4, -6, 6, -8, -8, -16, -14, -12, -20
-2,3:-4, -6, 6, -8, 0, -12, -20, -12, -16
-2,3:-4, -6, 6, -8, 0, -12, -20, -12, -14
-2,3:-4, -6, 6, -8, 0, -12, -20, -12, -12
10,-2:-4, -6, 6, 0, -8, -18, -20, -10, 6
3,-4:-4, -6, 6, 0, -8, -18, -20, -2, 10
10,-2:-4, -6, 6, 0, -8, -18, -10, 6, -20
3,-4:-4, -6, 6, 0, -8, -18, -2, 10, -20
4,9:-4, -6, 6, 0, -8, 10, 6, -16, -2
-5,10:-4, -6, 6, 0, 8, 4, 16, 0, 4
13,3:-4, -6, 6, 10, -10, -14, -4, -4, 0
4,6:-4, -6, 6, 10, 12, 14, 4, 4, 16
3,-9:-4, 2, 0, -8, -4, -10, -8, -8, 0
3,-9:-4, 2, 0, -8, -4, -10, -8, -8, 2
3,-9:-4, 2, 0, -8, -4, -10, -8, -8, 4
0,2:-4, 2, 0, -8, -4, -2, -12, -8, 4
0,2:-4, 2, 0, -8, -4, -2, -12, 8, -10
0,2:-4, 2, 0, -8, -4, -2, -12, 8, -6
0,2:-4, 2, 0, -8, -4, -2, -10, -2, -12
7,-16:-4, 2, 0, -8, 4, -30, -18, -14, -24
6,7:-4, 2, 2, -8, -16, -16, -10, -24, -6
13,-5:-4, 2, 2, -8, -4, -16, -2, -2, 2
13,-5:-4, 2, 2, -8, -4, -16, -2, -2, 8
13,-5:-4, 2, 2, -8, -4, -16, -2, 2, 4
-2,3:-4, 2, 6, -14, -22, -14, -18, -8, 0
-2,3:-4, 2, 6, -14, -22, -12, -6, -8, -18
-2,3:-4, 2, 6, -14, -22, -12, -6, -8, -16
-2,3:-4, 2, 6, -14, -22, -12, -6, -8, -14
-2,3:-4, 2, 6, -14, -22, -8, -12, -22, -14
-2,3:-4, 2, 6, -14, -22, -8, -12, -18, -12
-2,3:-4, 2, 6, -14, -22, -8, -12, -18, -4
-2,3:-4, 2, 6, -14, -22, -8, -12, -14, -16
13,-2:-4, 2, 6, -14, -22, -8, -12, -14, 4
-2,3:-4, 2, 6, -14, -22, -8, -12, -2, -14
13,-2:-4, 2, 6, -14, -22, -8, -12, 4, -14
-2,3:-4, 2, 6, -14, -18, -22, -12, 2, -18
-2,3:-4, 2, 6, -14, -18, -22, -12, 2, -16
-2,3:-4, 2, 6, -14, -18, -22, -12, 2, -14
-2,3:-4, 2, 6, -14, -18, -18, -8, -4, -10
-2,3:-4, 2, 6, -14, -18, -18, -8, -4, -8
-2,3:-4, 2, 6, -14, -18, -18, -8, -4, -6
-2,3:-4, 2, 6, -14, -18, -6, -12, -16, -8
-2,3:-4, 2, 6, -14, -18, 2, -12, -10, -18
-2,3:-4, 2, 6, -14, -8, -12, -22, -12, -16
-2,3:-4, 2, 6, -14, -8, -12, -22, -12, -14
-2,3:-4, 2, 6, -14, -8, -12, -22, -12, -12
-2,3:-4, 2, 6, -14, -8, -12, -18, -8, -14
-2,3:-4, 2, 6, -14, -8, -12, -18, -8, -8
-2,3:-4, 2, 6, -14, -8, -12, -12, -16, -22
-2,3:-4, 2, 6, -14, -8, -12, -12, -16, -20
-2,3:-4, 2, 6, -14, -8, -12, -12, -16, -18
-2,3:-4, 2, 6, -14, -8, -12, -8, -10, -14
-2,3:-4, 2, 6, -14, -8, -4, -14, -18, -12
-2,3:-4, 2, 6, -14, -8, -4, -14, -18, -10
-2,3:-4, 2, 6, -14, -8, -4, -14, -18, -8
-2,3:-4, 2, 6, -14, -8, -4, -4, 0, -2
-2,3:-4, 2, 6, -8, -14, 4, -8, -6, -12
-2,3:-4, 2, 6, -8, -14, 4, -8, -6, -10
-2,3:-4, 2, 6, -8, -14, 4, -8, -6, -8
12,5:-4, 2, 6, -8, 2, -6, 2, -18, -18
12,5:-4, 2, 6, -8, 2, -6, 2, -18, -16
12,5:-4, 2, 6, -8, 2, -6, 2, -18, -14
16,-16:-4, 2, 6, -8, 6, 4, -30, -20, 0
16,-16:-4, 2, 6, -8, 6, 4, -30, -20, 6
16,-16:-4, 2, 6, -8, 6, 4, -30, -20, 8
16,-4:-4, 4, -10, -8, -16, -18, 2, -2, 0
-4,0:-4, 4, -10, -8, 0, 6, 6, 10, 10
16,4:-4, 4, -2, -8, -10, -18, -10, 2, -20
4,-2:-4, 4, -2, -8, 0, 0, 10, -14, 0
4,-2:-4, 4, -2, -8, 0, 0, 10, -14, 2
4,-2:-4, 4, -2, -8, 0, 0, 10, -14, 4
4,-2:-4, 4, -2, -8, 0, 0, 10, 0, -14
-5,13:-4, 4, 4, -6, -14, 4, 16, 6, 2
-8,15:-4, 4, 4, -6, 4, 16, 12, 24, 2
6,-1:-4, 4, 4, 6, 6, 12, 10, 12, -14
-2,-4:-4, 4, 6, 4, 6, 6, 8, 0, 14
-2,-4:-4, 4, 6, 4, 6, 6, 8, 0, 16
1,6:6, -4, -4, -12, 4, 6, -8, -18, -20
1,6:6, -4, -4, -12, 4, 6, -8, -18, -10
1,6:6, -4, -4, -6, 6, -8, -18, -20, -8
1,6:6, -4, -4, -6, 6, -8, -18, -20, -6
1,6:6, -4, -4, -6, 6, -8, -18, -20, -4
1,6:6, -4, -4, -6, 6, -8, -10, -20, -12
1,6:6, -4, -4, -6, 6, -8, -10, -20, -10
1,6:6, -4, -4, -6, 6, -8, -10, -20, -8
1,6:6, -4, -4, -6, 6, -8, -8, -16, -20
1,6:6, -4, -4, -6, 6, -8, -8, -16, -18
1,6:6, -4, -4, -6, 6, -8, -8, -16, -16
1,6:6, -4, -4, 2, 6, -14, -18, -18, 2
1,6:6, -4, -4, 2, 6, -14, -18, -6, -18
1,6:6, -4, -4, 2, 6, -14, -18, -6, -8
1,6:6, -4, -4, 2, 6, -14, -18, 2, -18
1,6:6, -4, -4, 2, 6, -14, -18, 2, -16
1,6:6, -4, -4, 2, 6, -14, -18, 2, -14
1,6:6, -4, -4, 4, -10, -12, 6, -14, -6
1,6:6, -4, -4, 4, -10, -12, 6, -14, -4
1,14:6, -4, 6, 6, -4, -4, 2, -12, 6
8,2:6, -4, 6, 6, 8, -4, 10, 10, 14
8,2:6, -4, 6, 6, 8, -4, 10, 10, 20
8,2:6, -4, 6, 6, 8, -4, 10, 14, 16
7,13:6, 6, -4, -4, 10, 0, 8, 0, 18
7,13:6, 6, -4, -4, 10, 0, 8, 0, 24
5,-1:6, 6, -4, -4, 10, 16, -2, 10, 12
5,-1:6, 6, -4, -4, 10, 16, -2, 10, 14
5,-1:6, 6, -4, -4, 10, 16, -2, 10, 16
5,-1:6, 6, -4, -4, 16, 0, 16, 24, 18
5,-1:6, 6, -4, -4, 16, 0, 16, 24, 20
5,-1:6, 6, -4, -4, 16, 0, 16, 24, 22
5,-1:6, 6, -4, -4, 16, 10, 14, 18, 12
5,-1:6, 6, -4, -4, 16, 10, 18, 18, 10
5,-1:6, 6, -4, -4, 16, 10, 18, 18, 12
5,-1:6, 6, -4, -4, 16, 10, 18, 18, 14
5,-1:6, 6, -4, -4, 16, 24, 8, 10, 18
5,-1:6, 6, -4, -4, 16, 24, 8, 10, 20
5,-1:6, 6, -4, -4, 16, 24, 8, 10, 22
4,1:6, 6, -4, 2, 10, 0, 16, 4, -6
4,1:6, 6, -4, 2, 10, 0, 16, 4, 4
-3,14:6, 6, -4, 2, 10, 6, 18, 4, 0
-4,8:6, 6, -4, 2, 10, 16, 10, 0, 0
-14,17:6, 6, -2, -4, -2, 10, -2, 32, 22
5,-1:6, 6, -2, -4, 14, 10, 16, 12, 16
1,30:6, 6, -2, 4, 10, 12, 0, 30, 18
-1,9:6, 6, -2, 4, 10, 12, 4, 20, 0
5,-1:6, 6, 8, -4, 10, 2, 14, 22, 4
5,-1:6, 6, 8, -4, 10, 2, 20, 22, 4
5,-1:6, 6, 8, -4, 10, 2, 20, 22, 6
5,-1:6, 6, 8, -4, 10, 2, 20, 22, 8
5,-1:6, 6, 8, -4, 10, 10, 18, 26, 20
5,-1:6, 6, 8, -4, 10, 10, 18, 26, 22
5,-1:6, 6, 8, -4, 10, 10, 18, 26, 24
5,-1:6, 6, 8, -4, 10, 10, 24, 18, 26
5,-1:6, 6, 8, -4, 10, 12, 6, 22, 8
5,-1:6, 6, 8, -4, 10, 12, 6, 22, 10
5,-1:6, 6, 8, -4, 10, 12, 6, 22, 12
5,-1:6, 6, 8, -4, 10, 14, 8, 24, 16
5,-1:6, 6, 8, -4, 10, 14, 8, 24, 22
5,-1:6, 6, 8, -4, 10, 14, 24, 22, 8
5,-1:6, 6, 8, -4, 10, 14, 24, 22, 10
5,-1:6, 6, 8, -4, 10, 20, 16, 12, 16
5,-1:6, 6, 8, -4, 10, 20, 16, 12, 26
5,-1:6, 6, 8, -4, 10, 20, 16, 16, 12
-18,11:6, 6, 8, 10, 18, 26, 30, 10, 26
2,14:6, 6, 14, 10, 16, 2, 16, 22, 10
13,-7:6, 6, 16, -8, -8, -18, -18, 2, -4
13,-7:6, 6, 16, -8, -8, -18, -18, 2, -2
