8,-10:-4, -12, 4, -6, -14, -8, -12
-2,-4:-4, -6, 6, 6, 12, 16, 0
3,-2:-4, 4, -2, -12, -2, -2, -12
7,8:-4, 4, 4, 4, 6, 8, 16
7,3:6, 6, 8, -4, -8, 10, 4
2,-13:-4, -12, -8, -14, -22, 2, 4, -20
2,-9:-4, -12, -8, -14, -22, 2, 4, -14
2,-9:-4, -12, -8, -14, -22, 2, 4, -8
2,-9:-4, -12, -8, -14, 2, 4, -14, -18
2,-9:-4, -12, -8, -14, 2, 4, -14, -16
2,-9:-4, -12, -8, -14, 2, 4, -14, -14
2,-9:-4, -12, -8, -14, 2, 4, -8, -22
2,-9:-4, -12, -8, -14, 2, 4, -8, -20
2,-9:-4, -12, -8, -14, 2, 4, -8, -18
14,1:-4, -12, -8, -2, -14, -8, -20, -10
3,-12:-4, -12, -8, -2, -14, -8, -18, -12
14,1:-4, -12, -8, -2, -14, -8, -10, -20
14,1:-4, -12, -8, -2, -14, -8, -10, -18
-2,-4:-4, -6, -14, 6, 6, 12, 16, 0
12,-19:-4, 2, 0, -8, 4, -28, -22, -20
12,-19:-4, 2, 0, -8, 4, -22, -22, -28
15,4:-4, 2, 6, -14, -8, -12, -18, 4
15,4:-4, 2, 6, -14, -8, -12, 4, -18
15,4:-4, 2, 6, -14, -8, -12, 4, -16
1,-8:-4, 2, 6, -8, 6, -2, -14, -6
21,7:-4, 2, 6, 0, -4, -22, -22, 4
21,7:-4, 2, 6, 0, -4, -22, -22, 6
21,7:-4, 2, 6, 0, -4, -22, -22, 8
21,7:-4, 2, 6, 0, -4, -22, 4, -22
21,7:-4, 2, 6, 0, -4, -22, 4, -20
12,-8:-4, 2, 6, 0, -4, -10, 4, -18
-2,-4:-4, 2, 6, 6, 12, 16, 0, -12
-2,-4:-4, 2, 6, 6, 12, 16, 0, -2
0,-6:-4, 4, -2, -12, 6, 4, -12, -4
-1,-1:-4, 4, -2, -8, 6, 4, 2, -8
-1,-1:-4, 4, -2, -8, 6, 4, 2, -6
6,7:6, -4, -4, -6, 6, 10, -10, -2
11,7:6, 6, -2, -2, -2, -4, -6, -14
1,3:6, 6, -2, 4, 8, 4, 4, 14
-7,8:6, 6, -2, 14, 8, 16, 10, 14
-1,-2:6, 6, 8, -4, -4, -10, -18, 2
-2,8:-4, -14, -8, 20, 22, 10, 6, 24, 18
-18,17:-4, -14, 10, 10, 2, 6, 2, 28, 38
10,8:-4, -14, 10, 10, 8, 6, 10, 0, 12
18,6:-4, -14, 14, -2, 0, -12, -16, 2, -4
2,-9:-4, -12, -8, -14, -22, 2, 4, -12, -16
2,-9:-4, -12, -8, -14, -22, 2, 4, -12, -14
2,-9:-4, -12, -8, -14, -22, 2, 4, -12, -12
16,-8:-4, -12, -8, -14, -20, -20, -4, -6, -10
16,-8:-4, -12, -8, -14, -20, -20, -4, -6, 0
16,-8:-4, -12, -8, -14, -4, -12, -14, -6, -2
2,-9:-4, -12, -8, -14, 2, 4, -24, -8, -24
2,-9:-4, -12, -8, -14, 2, 4, -14, -22, -20
2,-9:-4, -12, -8, -14, 2, 4, -14, -22, -18
2,-9:-4, -12, -8, -14, 2, 4, -14, -22, -16
0,-4:-4, -12, -8, -4, -14, -20, -6, -14, -12
0,-4:-4, -12, -8, -4, -14, -20, -6, -14, -8
8,-10:-4, -12, 4, -6, -8, -8, -8, -12, -4
8,-10:-4, -12, 4, -6, -8, -8, -8, -12, -2
8,-10:-4, -12, 4, -6, -8, -8, -8, -12, 0
1,3:-4, -12, 4, 4, 4, 6, -8, -20, 0
1,3:-4, -12, 4, 4, 4, 6, -8, 0, -20
1,3:-4, -12, 4, 4, 4, 6, -8, 0, -10
1,5:-4, -12, 4, 6, -8, -14, -20, -14, -16
5,8:-4, -6, -14, 6, -2, -22, -10, -20, 2
14,-23:-4, -6, -8, -4, -14, -2, -34, -28, -26
14,-23:-4, -6, -8, -4, -14, -2, -28, -28, -34
5,0:-4, -6, 0, -8, -12, 0, 4, -16, -8
-2,-4:-4, -6, 6, 6, 12, 10, 12, 0, 10
-2,-4:-4, -6, 6, 6, 12, 10, 12, 0, 12
-2,-4:-4, -6, 6, 6, 12, 10, 12, 0, 14
-2,-4:-4, -6, 6, 6, 12, 10, 16, 0, 4
-2,-4:-4, -6, 6, 6, 12, 10, 16, 0, 14
-2,-4:-4, -6, 6, 6, 12, 18, 18, 0, 12
-2,-4:-4, -6, 6, 6, 12, 18, 18, 0, 14
-2,-4:-4, -6, 6, 6, 12, 18, 18, 0, 16
-3,8:-4, -6, 6, 10, -14, -4, -2, -4, 14
-3,8:-4, -6, 6, 10, -14, -4, -2, 14, -4
-3,8:-4, -6, 6, 10, -14, -4, -2, 14, 0
6,5:-4, -6, 6, 10, -14, 2, 2, 8, -8
10,10:-4, -6, 6, 10, -10, 0, 4, -14, -10
14,4:-4, -6, 6, 10, 2, -6, 2, 0, -2
12,-19:-4, 2, 0, -8, 4, -28, -22, -16, -20
15,-1:-4, 2, 2, -8, -4, -16, -20, -2, -8
15,4:-4, 2, 6, -14, -8, -12, -22, 4, -20
15,4:-4, 2, 6, -14, -8, -12, -22, 4, -18
15,4:-4, 2, 6, -14, -8, -12, -22, 4, -16
15,4:-4, 2, 6, -14, -8, -12, -18, 0, 2
15,4:-4, 2, 6, -14, -8, -12, -18, 6, 0
15,4:-4, 2, 6, -14, -8, -12, -18, 6, 6
15,4:-4, 2, 6, -14, -8, -12, -18, 6, 8
15,4:-4, 2, 6, -14, -8, -12, -18, 10, 6
15,4:-4, 2, 6, -14, -8, -12, -18, 10, 8
15,4:-4, 2, 6, -14, -8, -12, -18, 10, 10
15,4:-4, 2, 6, -14, -8, 0, 4, -2, -12
8,-3:-4, 2, 6, 0, -8, -16, 14, -4, 8
8,-3:-4, 2, 6, 0, -8, -16, 14, 8, -4
8,-3:-4, 2, 6, 0, -8, -16, 14, 8, -2
8,-3:-4, 2, 6, 0, -8, -16, 14, 8, 0
21,7:-4, 2, 6, 0, -4, -22, -26, 4, -24
21,7:-4, 2, 6, 0, -4, -22, -26, 4, -22
21,7:-4, 2, 6, 0, -4, -22, -26, 4, -20
21,7:-4, 2, 6, 0, -4, -22, -22, 12, 6
21,7:-4, 2, 6, 0, -4, -22, -22, 12, 8
21,7:-4, 2, 6, 0, -4, -22, -22, 12, 10
7,7:-4, 2, 6, 6, 2, -4, -14, 2, 6
7,7:-4, 2, 6, 6, 2, -4, 2, 6, -14
0,-1:-4, 4, -10, -12, 6, -14, 6, 0, 10
-2,-4:-4, 4, -10, -12, 6, 6, 12, 16, 0
1,0:-4, 4, -10, 2, -16, -10, -6, -10, 2
-2,-4:-4, 4, -10, 6, 6, 12, 16, 0, -14
-2,-4:-4, 4, -10, 6, 6, 12, 16, 0, -12
-2,-4:-4, 4, -10, 6, 6, 12, 16, 0, -10
-2,-9:-4, 4, -2, -12, 6, 6, 10, 2, 6
-2,-9:-4, 4, -2, -12, 6, 6, 10, 2, 10
-2,-9:-4, 4, -2, -12, 6, 6, 10, 10, 2
-2,-9:-4, 4, -2, -12, 6, 6, 10, 10, 4
-2,-9:-4, 4, -2, -12, 6, 6, 10, 10, 6
-1,-1:-4, 4, -2, -8, 6, 4, 2, -12, -10
-1,-1:-4, 4, -2, -8, 6, 4, 2, -12, -8
-1,-1:-4, 4, -2, -8, 6, 4, 2, -12, -6
11,-7:6, -4, -4, -12, 4, -6, -14, -8, -12
1,-1:6, -4, -4, -6, 6, 6, 12, 16, 0
6,1:6, -4, -4, 4, -2, -12, -2, -2, -12
10,11:6, -4, -4, 4, 4, 4, 6, 8, 16
10,6:6, -4, 6, 6, 8, -4, -8, 10, 4
-1,-2:6, 6, -4, -4, -4, -10, -18, 2, 4
-1,-2:6, 6, -4, -4, -4, -10, -18, 2, 14
-5,1:6, 6, -4, -4, -4, 10, 4, 12, 8
-5,12:6, 6, -4, -4, 2, 6, -6, 12, 20
10,21:6, 6, -4, -4, 2, 6, -6, 24, 22
10,21:6, 6, -4, -4, 2, 6, -6, 24, 24
10,21:6, 6, -4, -4, 2, 6, 24, 22, -6
10,21:6, 6, -4, -4, 2, 6, 24, 22, -4
10,21:6, 6, -4, -4, 2, 6, 24, 22, -2
7,15:6, 6, -4, -4, 16, -2, 10, 14, 18
7,15:6, 6, -4, -4, 16, -2, 10, 14, 20
7,15:6, 6, -4, -4, 16, 10, 14, 18, -2
-16,12:6, 6, -4, 2, 10, -2, 14, 22, 30
-16,12:6, 6, -4, 2, 10, -2, 14, 30, 22
-1,-2:6, 6, -2, -4, -4, -10, -18, 16, 2
-3,0:6, 6, -2, -4, 4, -2, 8, 14, 6
2,-1:6, 6, -2, -4, 4, -2, 10, 0, 8
2,-1:6, 6, -2, -4, 4, -2, 10, 0, 10
-6,2:6, 6, 14, 10, -4, 16, -2, 10, 20
-6,2:6, 6, 14, 10, -4, 16, -2, 10, 22
-6,2:6, 6, 14, 10, -4, 16, -2, 10, 24
-6,2:6, 6, 14, 10, -4, 16, -2, 16, 16
-6,2:6, 6, 14, 10, -4, 16, -2, 16, 18
-6,2:6, 6, 14, 10, -4, 16, -2, 16, 20
-6,2:6, 6, 14, 10, -4, 16, -2, 20, 10
-6,2:6, 6, 14, 10, -4, 16, -2, 20, 16
-10,2:6, 6, 14, 10, -4, 16, -2, 20, 22
4,14:6, 6, 14, 10, 4, 16, 10, 12, 20
4,14:6, 6, 14, 10, 4, 16, 10, 12, 22
-9,3:6, 6, 14, 10, 4, 16, 10, 18, 14
4,14:6, 6, 14, 10, 4, 16, 10, 22, 12
17,10:-4, -14, -12, 14, -12, -14, -2, 2, -18, -10
-3,12:-4, -14, -8, 10, 10, 8, 20, 24, 4, 12
2,12:-4, -14, -8, 20, 12, 12, 12, 10, 8, 0
-8,8:-4, -14, -8, 20, 12, 18, 22, 18, 18, 28
-16,13:-4, -14, -8, 20, 12, 28, 22, 30, 24, 28
-10,3:-4, -14, -8, 20, 22, 10, 10, 4, -4, 16
9,16:-4, -14, 10, -2, 0, 20, 20, 30, 28, 4
13,18:-4, -14, 10, -2, 6, 20, 10, 20, 6, 8
10,8:-4, -14, 10, 10, 2, 6, 0, 12, 16, 12
10,8:-4, -14, 10, 10, 2, 6, 0, 12, 16, 16
-18,17:-4, -14, 10, 10, 2, 6, 2, 32, 38, 22
-18,17:-4, -14, 10, 10, 2, 6, 2, 32, 38, 24
-18,17:-4, -14, 10, 10, 2, 6, 2, 32, 38, 26
-18,17:-4, -14, 10, 10, 2, 6, 2, 36, 38, 22
-18,17:-4, -14, 10, 10, 2, 6, 2, 36, 38, 32
-3,12:-4, -14, 10, 10, 8, 20, 24, 4, 12, -8
-3,12:-4, -14, 10, 10, 8, 20, 24, 4, 12, -6
-3,12:-4, -14, 10, 10, 8, 20, 24, 4, 12, -4
-2,6:-4, -14, 10, 10, 18, 12, 14, -2, 4, -4
9,16:-4, -14, 10, 20, 20, 30, -2, 6, 28, 4
22,10:-4, -14, 14, -2, -10, -10, -10, -12, -14, -22
12,6:-4, -14, 14, -2, -10, -4, 0, -4, -4, 6
4,11:-4, -14, 14, -2, -10, 6, 0, 8, 2, 6
10,1:-4, -14, 14, -2, 0, -12, -12, -18, -26, -6
6,-5:-4, -12, -14, 4, -6, -14, 6, 6, 10, 6
6,-5:-4, -12, -14, 4, -6, -14, 6, 6, 10, 10
2,-9:-4, -12, -8, -14, -22, 2, 4, -12, -20, -18
2,-9:-4, -12, -8, -14, -22, 2, 4, -12, -20, -16
2,-9:-4, -12, -8, -14, -22, 2, 4, -12, -20, -14
2,-9:-4, -12, -8, -14, -20, -20, 2, 4, -8, -18
2,-9:-4, -12, -8, -14, -20, -20, 2, 4, -8, -16
2,-9:-4, -12, -8, -14, -20, -20, 2, 4, -8, -14
16,-8:-4, -12, -8, -14, -4, -12, -14, -6, 0, -4
16,-8:-4, -12, -8, -14, -4, -12, -14, -6, 2, -4
16,-8:-4, -12, -8, -14, -4, -12, -14, -6, 2, -2
16,-8:-4, -12, -8, -14, -4, -12, -14, -6, 2, 0
10,-3:-4, -12, -8, -14, -4, -12, -12, 2, -2, 0
15,-2:-4, -12, -8, -14, 0, -20, -12, -10, -14, -2
15,-2:-4, -12, -8, -14, 0, -20, -12, -10, -14, 2
15,-2:-4, -12, -8, -14, 0, -20, -12, -10, 2, -14
14,4:-4, -12, -8, -14, 0, -14, -22, -16, -6, -18
8,-5:-4, -12, -8, -14, 0, 4, -14, -12, -6, -10
14,-23:-4, -12, -8, -14, 2, -2, -34, -28, -26, -2
14,-23:-4, -12, -8, -14, 2, -2, -34, -28, -26, 2
2,-13:-4, -12, -8, -14, 2, 4, -24, -28, -20, -34
2,-13:-4, -12, -8, -14, 2, 4, -24, -28, -20, -26
2,-9:-4, -12, -8, -14, 2, 4, -24, -28, -14, -34
2,-9:-4, -12, -8, -14, 2, 4, -24, -28, -14, -26
2,-9:-4, -12, -8, -14, 2, 4, -24, -22, -20, -14
2,-9:-4, -12, -8, -14, 2, 4, -24, -22, -20, -12
2,-9:-4, -12, -8, -14, 2, 4, -24, -22, -20, -10
2,-9:-4, -12, -8, -14, 2, 4, -24, -22, -8, -28
2,-9:-4, -12, -8, -14, 2, 4, -24, -22, -8, -22
2,-9:-4, -12, -8, -14, 2, 4, -24, -22, -8, -20
2,-9:-4, -12, -8, -14, 2, 4, -24, -18, -14, -18
2,-9:-4, -12, -8, -14, 2, 4, -24, -18, -8, -22
2,-9:-4, -12, -8, -14, 2, 4, -24, -18, -8, -20
2,-9:-4, -12, -8, -14, 2, 4, -24, -18, -8, -18
2,-9:-4, -12, -8, -14, 2, 4, -24, -12, -24, -22
2,-9:-4, -12, -8, -14, 2, 4, -24, -12, -24, -20
2,-9:-4, -12, -8, -14, 2, 4, -24, -12, -24, -18
2,-9:-4, -12, -8, -14, 2, 4, -14, -22, -12, -18
2,-9:-4, -12, -8, -14, 2, 4, -14, -22, -12, -16
2,-9:-4, -12, -8, -14, 2, 4, -14, -22, -12, -14
2,-9:-4, -12, -8, -14, 2, 4, -14, -12, -10, -18
0,-4:-4, -12, -8, -4, -14, -20, -6, -14, -10, -6
0,-4:-4, -12, -8, -4, -14, -20, -6, -14, -10, -4
0,-4:-4, -12, -8, -4, -14, -20, -6, -14, -10, -2
5,-3:-4, -12, -8, -4, -14, 0, -4, -14, -22, -8
5,-3:-4, -12, -8, -4, -14, 0, -4, -14, -22, 2
5,-3:-4, -12, -8, -4, -14, 0, -4, -14, -8, -22
9,3:-4, -12, -8, -4, -4, 2, -10, -20, -4, 0
9,3:-4, -12, -8, -4, -4, 2, -10, -4, 0, -20
11,-5:-4, -12, -4, -8, -6, -4, -16, -20, -2, -8
-12,4:-4, -12, -4, -2, 6, 10, -14, 12, 18, 2
-12,4:-4, -12, -4, -2, 6, 10, -14, 12, 18, 6
8,-10:-4, -12, 4, -6, -8, -8, -8, -12, 4, -2
8,-10:-4, -12, 4, -6, -8, -8, -8, -12, 4, 0
8,-10:-4, -12, 4, -6, -8, -8, -8, -12, 4, 2
1,4:-4, -12, 4, -6, 2, -4, 4, 8, 4, 0
6,-2:-4, -12, 4, 6, 4, -2, -4, -2, 2, -6
4,2:-4, -6, -14, -2, 8, 10, -2, -6, 12, 6
7,6:-4, -6, -14, 6, -2, -22, -10, -18, 4, 2
5,8:-4, -6, -14, 6, -2, -20, -10, -20, 2, -30
5,8:-4, -6, -14, 6, -2, -20, -10, -20, 2, -26
5,8:-4, -6, -14, 6, -2, -18, -10, -20, 2, -22
5,8:-4, -6, -14, 6, -2, -18, -10, -20, 2, -18
7,6:-4, -6, -14, 6, -2, -10, -18, 4, 2, -22
7,6:-4, -6, -14, 6, -2, -10, -18, 4, 2, -14
11,-2:-4, -6, -8, -20, -20, -20, -8, -4, -24, -16
5,-2:-4, -6, -8, -18, -20, -10, -10, -16, -24, -4
10,-9:-4, -6, -8, -18, -2, -14, -26, -28, -14, -4
10,-9:-4, -6, -8, -18, -2, -14, -26, -14, -4, -28
9,-13:-4, -6, -8, -18, -2, -14, 2, -6, -4, -8
9,-13:-4, -6, -8, -18, -2, -14, 2, -6, -4, -4
15,1:-4, -6, -8, -16, -28, -22, 0, -4, -12, -14
12,-16:-4, -6, -8, -16, -16, -28, -32, -14, -20, -6
12,-16:-4, -6, -8, -16, -16, -28, -32, -14, -20, 4
12,-16:-4, -6, -8, -16, -16, -28, -32, -14, -6, -20
10,-18:-4, -6, -8, -16, -10, -18, -24, -28, -26, -14
4,10:-4, -6, -8, -10, -20, -2, 2, -8, 12, 20
4,10:-4, -6, -8, -10, -20, -2, 2, -8, 12, 24
4,-9:-4, -6, -8, -10, -2, -8, -6, -14, -22, -10
14,-23:-4, -6, -8, -4, -14, -2, -34, -28, -22, -26
10,-14:-4, -6, 0, -8, -18, -2, -12, -20, -14, -18
0,-8:-4, -6, 0, -8, -12, 0, 0, 6, 10, -6
5,-6:-4, -6, 0, -8, -2, -8, -18, -8, -8, -18
9,4:-4, -6, 0, -8, -2, -2, -2, 0, 2, 10
13,-11:-4, -6, 6, -8, -12, -18, -30, -14, 10, 4
13,-11:-4, -6, 6, -8, -12, -18, -30, -10, -4, 2
13,-11:-4, -6, 6, -8, -12, -18, -30, -10, 4, -4
13,-11:-4, -6, 6, -8, -12, -18, -30, -4, 2, -10
13,-11:-4, -6, 6, -8, -12, -18, -30, -4, 2, -8
3,5:-4, -6, 6, -8, -12, -18, -28, -8, 6, 2
13,-11:-4, -6, 6, -8, -12, -18, -14, 10, 4, -30
13,-11:-4, -6, 6, -8, -12, -18, -14, 10, 4, -26
9,-10:-4, -6, 6, -8, -12, -8, 0, -2, -18, -8
9,-10:-4, -6, 6, -8, -12, -8, 0, -2, -18, -4
0,-6:-4, -6, 6, 0, -8, -4, 10, -6, -4, -14
0,-6:-4, -6, 6, 0, -8, -4, 10, -6, -4, -12
0,-6:-4, -6, 6, 0, -8, -4, 10, -6, -4, -10
4,-6:-4, -6, 6, 0, -8, 10, 6, -16, 4, -8
6,3:-4, -6, 6, 0, -8, 14, -10, -20, -2, -10
6,3:-4, -6, 6, 0, -8, 14, -10, -2, -10, -20
6,3:-4, -6, 6, 0, -8, 14, -10, -2, -10, -10
14,-4:-4, -6, 6, 0, 8, 12, 10, 2, 14, -12
1,-3:-4, -6, 6, 4, 10, 10, 0, 16, 0, 14
-2,-4:-4, -6, 6, 6, 12, 10, 10, 4, -4, 0
-2,-4:-4, -6, 6, 6, 12, 10, 10, 8, 0, 14
-2,-4:-4, -6, 6, 6, 12, 10, 10, 8, 0, 16
-2,-4:-4, -6, 6, 6, 12, 10, 10, 8, 0, 18
-2,-4:-4, -6, 6, 6, 12, 10, 10, 14, 0, 10
-2,-4:-4, -6, 6, 6, 12, 10, 10, 14, 0, 12
-2,-4:-4, -6, 6, 6, 12, 10, 10, 14, 0, 14
-2,-4:-4, -6, 6, 6, 12, 10, 12, 0, 6, 8
-2,-4:-4, -6, 6, 6, 12, 10, 12, 0, 6, 10
-2,-4:-4, -6, 6, 6, 12, 10, 12, 0, 6, 12
-2,-4:-4, -6, 6, 6, 12, 18, 18, 0, 8, 10
-2,-4:-4, -6, 6, 6, 12, 18, 18, 0, 8, 12
-2,-4:-4, -6, 6, 6, 12, 18, 18, 0, 8, 14
-3,8:-4, -6, 6, 10, -14, -4, -12, -2, 14, 2
-3,8:-4, -6, 6, 10, -14, -4, -2, -2, 14, 2
-3,8:-4, -6, 6, 10, -14, -4, -2, -2, 14, 4
-3,-6:-4, -6, 6, 10, -14, 12, -2, 2, -2, 10
5,-7:-4, -6, 6, 10, -10, 0, -4, 2, -12, -8
5,-7:-4, -6, 6, 10, -10, 0, -4, 2, -12, -4
5,-7:-4, -6, 6, 10, -10, 0, -4, 2, -8, -12
5,-7:-4, -6, 6, 10, -10, 0, -4, 2, -8, -10
5,-7:-4, -6, 6, 10, -10, 0, -4, 2, -8, -8
6,5:-4, -6, 6, 10, -10, 2, 2, 8, -8, -10
6,5:-4, -6, 6, 10, -10, 2, 2, 8, -8, -8
3,-2:-4, -6, 6, 10, 6, 6, 6, -2, 16, 0
3,-8:-4, 2, 0, -8, -14, -14, 4, -14, -8, 0
3,-8:-4, 2, 0, -8, -14, -14, 4, -14, -8, 2
3,-8:-4, 2, 0, -8, -14, -14, 4, -14, -8, 4
3,-8:-4, 2, 0, -8, -14, -14, 4, -14, 0, -8
-3,-6:-4, 2, 0, -8, -4, -2, -14, -10, -2, 0
8,-26:-4, 2, 0, -8, 4, -36, -26, -18, -28, -30
8,-26:-4, 2, 0, -8, 4, -36, -26, -18, -28, -28
8,-26:-4, 2, 0, -8, 4, -36, -26, -18, -28, -26
3,-13:-4, 2, 0, -8, 4, -32, -46, -40, -36, -14
3,-13:-4, 2, 0, -8, 4, -32, -46, -40, -14, -36
3,-13:-4, 2, 0, -8, 4, -32, -46, -40, -14, -30
3,-13:-4, 2, 0, -8, 4, -32, -46, -30, -14, -40
3,-13:-4, 2, 0, -8, 4, -32, -46, -30, -14, -38
3,-13:-4, 2, 0, -8, 4, -32, -46, -30, -14, -36
3,-11:-4, 2, 0, -8, 4, -18, -24, -36, -30, -38
12,-19:-4, 2, 0, -8, 4, -18, -12, -16, -28, -22
12,-19:-4, 2, 0, -8, 4, -18, -12, -16, -28, -20
12,-19:-4, 2, 0, -8, 4, -18, -12, -16, -28, -18
19,3:-4, 2, 2, -8, -14, -14, -14, -16, -18, -26
9,-1:-4, 2, 2, -8, -14, -8, -4, -8, -8, 2
1,4:-4, 2, 2, -8, -14, 2, -4, 4, -2, 2
7,-6:-4, 2, 2, -8, -4, -16, -16, -22, -30, -10
9,3:-4, 2, 6, -14, -22, -8, -12, 2, 0, -10
1,5:-4, 2, 6, -14, -18, 2, -12, -20, -14, -16
15,4:-4, 2, 6, -14, -8, -12, -18, 0, 4, 0
15,4:-4, 2, 6, -14, -8, -12, -18, 0, 4, 4
15,4:-4, 2, 6, -14, -8, -12, -18, 6, 10, 4
15,4:-4, 2, 6, -14, -8, -12, -18, 6, 10, 6
15,4:-4, 2, 6, -14, -8, -12, -18, 6, 10, 8
15,4:-4, 2, 6, -14, -8, -12, -18, 10, 2, 4
15,4:-4, 2, 6, -14, -8, -12, -18, 10, 2, 6
15,4:-4, 2, 6, -14, -8, -12, -18, 10, 2, 8
-3,0:-4, 2, 6, -8, -14, 6, 0, 12, 2, 20
-3,0:-4, 2, 6, -8, -14, 6, 0, 12, 2, 22
-3,0:-4, 2, 6, -8, -14, 6, 0, 12, 2, 24
-3,0:-4, 2, 6, -8, -14, 6, 0, 12, 20, 2
-3,0:-4, 2, 6, -8, -14, 6, 0, 12, 20, 4
-3,0:-4, 2, 6, -8, -14, 6, 0, 12, 20, 6
12,-19:-4, 2, 6, -8, 6, 4, -28, -22, -20, -2
8,-3:-4, 2, 6, 0, -8, -16, 14, -4, 4, 0
8,-3:-4, 2, 6, 0, -8, -16, 14, -4, 4, 2
8,-3:-4, 2, 6, 0, -8, -16, 14, -4, 4, 4
8,-3:-4, 2, 6, 0, -8, -16, 14, 4, 8, -2
8,-3:-4, 2, 6, 0, -8, -16, 14, 4, 8, 0
8,-3:-4, 2, 6, 0, -8, -16, 14, 4, 8, 2
5,2:-4, 2, 6, 0, -8, -14, 0, 0, 10, -2
0,-8:-4, 2, 6, 0, -8, 2, -6, -8, 14, 14
21,7:-4, 2, 6, 0, -4, -22, -22, 2, 0, 8
21,7:-4, 2, 6, 0, -4, -22, -22, 12, 2, 4
21,7:-4, 2, 6, 0, -4, -22, -22, 12, 2, 6
21,7:-4, 2, 6, 0, -4, -22, -22, 12, 2, 8
0,17:-4, 2, 6, 0, -4, -8, -8, 4, -18, -4
0,17:-4, 2, 6, 0, -4, -8, -8, 4, -18, 6
11,-3:-4, 2, 6, 0, 8, 14, 8, -2, -2, 6
11,-3:-4, 2, 6, 0, 8, 14, 8, -2, -2, 10
11,-3:-4, 2, 6, 0, 8, 14, 8, -2, 10, -2
7,-6:-4, 2, 6, 0, 14, -16, -18, -20, -28, -10
6,-4:-4, 2, 6, 4, 10, -8, -4, 0, -14, -8
-2,-4:-4, 2, 6, 6, 12, 16, 0, -8, -4, -12
5,5:-4, 4, -10, -12, -12, -2, -12, -12, 6, 2
0,-1:-4, 4, -10, -12, 6, -14, 6, 0, 14, 8
0,-1:-4, 4, -10, -12, 6, -14, 6, 0, 14, 10
-5,-1:-4, 4, -10, -12, 6, -4, -14, -2, -6, 10
-5,1:-4, 4, -10, -12, 6, -4, -14, -2, 10, 24
18,0:-4, 4, -10, -8, -6, -18, -22, -4, -10, -4
18,0:-4, 4, -10, -8, -6, -18, -22, -4, -10, 0
18,0:-4, 4, -10, 0, -8, -6, -18, -22, -4, -10
7,0:-4, 4, -10, 2, -16, -8, -6, -6, -2, -4
4,-7:-4, 4, -10, 6, 6, 12, 2, -2, -8, 16
4,-7:-4, 4, -10, 6, 6, 12, 2, -2, -8, 20
4,-7:-4, 4, -10, 6, 6, 12, 2, -2, 16, -8
-2,-4:-4, 4, -10, 6, 6, 12, 16, 0, -6, -12
-2,-4:-4, 4, -10, 6, 6, 12, 16, 0, -6, -10
-2,-4:-4, 4, -10, 6, 6, 12, 16, 0, -6, -8
21,3:-4, 4, -2, -12, -2, -10, 0, -6, -4, -2
2,-1:-4, 4, -2, -12, -2, -2, -10, 0, -8, -4
17,-7:-4, 4, -2, -12, -2, -2, -2, -8, -22, 8
17,-7:-4, 4, -2, -12, -2, -2, -2, -8, 8, -22
-2,-9:-4, 4, -2, -12, 6, 6, 10, -2, 10, 0
-2,-9:-4, 4, -2, -12, 6, 6, 10, -2, 10, 2
-2,-9:-4, 4, -2, -12, 6, 6, 10, -2, 10, 4
-2,-9:-4, 4, -2, -12, 6, 6, 10, 2, 12, 6
-2,-9:-4, 4, -2, -12, 6, 6, 10, 2, 12, 8
-2,-9:-4, 4, -2, -12, 6, 6, 10, 2, 12, 10
-2,-4:-4, 4, -2, -12, 6, 6, 12, 16, 0, -14
-2,-4:-4, 4, -2, -12, 6, 6, 12, 16, 0, -4
6,-4:-4, 4, -2, -8, -10, -12, 0, -8, -16, -26
6,-4:-4, 4, -2, -8, -10, -12, 0, -8, -16, -24
6,-4:-4, 4, -2, -8, -10, -12, 0, -8, -16, -22
-2,-9:-4, 4, -2, -8, 0, 6, 6, 10, -6, -8
-2,-9:-4, 4, -2, -8, 0, 6, 6, 10, -6, 2
-2,-9:-4, 4, -2, -8, 0, 6, 6, 10, 2, -6
-2,-9:-4, 4, -2, -8, 0, 6, 6, 10, 2, -4
-2,-9:-4, 4, -2, -8, 0, 6, 6, 10, 2, -2
-1,-1:-4, 4, -2, -8, 6, 4, 2, -12, -2, -8
-1,-1:-4, 4, -2, -8, 6, 4, 2, -12, -2, -6
-1,-1:-4, 4, -2, -8, 6, 4, 2, -12, -2, -4
1,6:-4, 4, -2, -8, 6, 6, 2, -16, -6, 4
1,6:-4, 4, -2, -8, 6, 6, 2, -16, 4, -6
1,6:-4, 4, -2, -8, 6, 6, 2, -16, 4, -4
-1,5:-4, 4, 4, -6, 0, 4, -8, -20, -14, 18
-1,5:-4, 4, 4, -6, 0, 4, -8, -20, 18, -14
-1,5:-4, 4, 4, -6, 0, 4, -8, -20, 18, -12
-1,5:-4, 4, 4, -6, 0, 4, -8, -20, 18, -10
3,11:-4, 4, 4, 6, 6, 4, -14, 8, -6, 8
8,2:-4, 4, 4, 6, 6, 4, -14, 8, 2, -4
3,11:-4, 4, 4, 6, 6, 4, 8, -6, 8, -14
3,11:-4, 4, 4, 6, 6, 4, 8, -6, 8, -4
8,2:-4, 4, 4, 6, 6, 4, 8, 2, -4, -14
-2,-4:-4, 4, 4, 6, 6, 12, -6, 16, 0, 14
-2,-4:-4, 4, 4, 6, 6, 12, 4, -6, 0, 2
-2,-4:-4, 4, 4, 6, 6, 12, 4, -6, 0, 12
-2,-4:-4, 4, 4, 6, 6, 12, 4, 10, 0, 6
-2,-4:-4, 4, 4, 6, 6, 12, 4, 10, 0, 10
12,-19:-4, 4, 6, 4, -8, 4, -28, -22, -20, -2
12,-19:-4, 4, 6, 4, -8, 4, -28, -22, -20, 0
12,-19:-4, 4, 6, 4, -8, 4, -28, -22, -20, 2
-2,-4:-4, 4, 6, 6, 12, 18, 18, 2, 0, -10
-2,-4:-4, 4, 6, 6, 12, 18, 18, 2, 0, -8
-2,-4:-4, 4, 6, 6, 12, 18, 18, 2, 0, -6
5,-10:6, -4, -4, -12, -8, -14, -22, 2, 4, -20
5,-6:6, -4, -4, -12, -8, -14, -22, 2, 4, -14
5,-6:6, -4, -4, -12, -8, -14, -22, 2, 4, -8
5,-6:6, -4, -4, -12, -8, -14, 2, 4, -14, -18
5,-6:6, -4, -4, -12, -8, -14, 2, 4, -14, -16
5,-6:6, -4, -4, -12, -8, -14, 2, 4, -14, -14
5,-6:6, -4, -4, -12, -8, -14, 2, 4, -8, -22
5,-6:6, -4, -4, -12, -8, -14, 2, 4, -8, -20
5,-6:6, -4, -4, -12, -8, -14, 2, 4, -8, -18
17,4:6, -4, -4, -12, -8, -2, -14, -8, -20, -10
6,-9:6, -4, -4, -12, -8, -2, -14, -8, -18, -12
17,4:6, -4, -4, -12, -8, -2, -14, -8, -10, -20
17,4:6, -4, -4, -12, -8, -2, -14, -8, -10, -18
1,-1:6, -4, -4, -6, -14, 6, 6, 12, 16, 0
15,-16:6, -4, -4, 2, 0, -8, 4, -28, -22, -20
15,-16:6, -4, -4, 2, 0, -8, 4, -22, -22, -28
18,7:6, -4, -4, 2, 6, -14, -8, -12, -18, 4
18,7:6, -4, -4, 2, 6, -14, -8, -12, 4, -18
18,7:6, -4, -4, 2, 6, -14, -8, -12, 4, -16
4,-5:6, -4, -4, 2, 6, -8, 6, -2, -14, -6
24,10:6, -4, -4, 2, 6, 0, -4, -22, -22, 4
24,10:6, -4, -4, 2, 6, 0, -4, -22, -22, 6
24,10:6, -4, -4, 2, 6, 0, -4, -22, -22, 8
24,10:6, -4, -4, 2, 6, 0, -4, -22, 4, -22
24,10:6, -4, -4, 2, 6, 0, -4, -22, 4, -20
15,-5:6, -4, -4, 2, 6, 0, -4, -10, 4, -18
1,-1:6, -4, -4, 2, 6, 6, 12, 16, 0, -12
1,-1:6, -4, -4, 2, 6, 6, 12, 16, 0, -2
3,-3:6, -4, -4, 4, -2, -12, 6, 4, -12, -4
2,2:6, -4, -4, 4, -2, -8, 6, 4, 2, -8
2,2:6, -4, -4, 4, -2, -8, 6, 4, 2, -6
9,10:6, -4, 6, -4, -4, -6, 6, 10, -10, -2
14,10:6, -4, 6, 6, -2, -2, -2, -4, -6, -14
4,6:6, -4, 6, 6, -2, 4, 8, 4, 4, 14
-4,11:6, -4, 6, 6, -2, 14, 8, 16, 10, 14
2,1:6, -4, 6, 6, 8, -4, -4, -10, -18, 2
10,7:6, 6, -4, -4, -4, 0, 6, 0, -4, 16
10,7:6, 6, -4, -4, -4, 0, 6, 0, 16, -4
7,15:6, 6, -4, -4, -4, 16, 10, 14, 18, -6
7,15:6, 6, -4, -4, -4, 16, 10, 14, 18, -4
7,15:6, 6, -4, -4, -4, 16, 10, 14, 18, 2
10,21:6, 6, -4, -4, 2, 6, -6, 24, 28, 22
10,21:6, 6, -4, -4, 2, 6, -6, 24, 28, 24
10,21:6, 6, -4, -4, 2, 6, -6, 24, 28, 26
10,21:6, 6, -4, -4, 2, 6, 24, 22, -10, -8
10,21:6, 6, -4, -4, 2, 6, 24, 22, -10, -6
10,21:6, 6, -4, -4, 2, 6, 24, 22, -10, -4
0,8:6, 6, -4, -4, 2, 10, 14, -12, -6, 2
0,8:6, 6, -4, -4, 2, 10, 14, -12, -6, 4
0,8:6, 6, -4, -4, 2, 10, 14, -12, -6, 6
0,8:6, 6, -4, -4, 2, 10, 14, -12, 2, -6
7,15:6, 6, -4, -4, 16, -8, 10, 14, 18, -8
7,15:6, 6, -4, -4, 16, -8, 10, 14, 18, -6
7,15:6, 6, -4, -4, 16, -8, 10, 14, 18, -4
7,15:6, 6, -4, -4, 16, -2, 10, 14, 24, 18
7,15:6, 6, -4, -4, 16, -2, 10, 14, 24, 20
7,15:6, 6, -4, -4, 16, -2, 10, 14, 24, 22
7,15:6, 6, -4, -4, 16, 10, 2, -2, 4, 14
7,15:6, 6, -4, -4, 16, 10, 2, 14, 18, 0
2,15:6, 6, -4, 0, 10, 6, 18, 22, 2, 10
-16,12:6, 6, -4, 2, 10, -2, 14, 18, 30, 22
-1,-2:6, 6, -2, -4, -4, -10, -18, 12, 2, 12
-1,-2:6, 6, -2, -4, -4, -10, -18, 12, 2, 14
-1,-2:6, 6, -2, -4, -4, -10, -18, 12, 2, 16
-1,-2:6, 6, -2, -4, -4, -10, -18, 12, 12, 2
-6,-2:6, 6, -2, -4, -4, 4, 8, -8, -8, -4
-6,-2:6, 6, -2, -4, -4, 4, 8, -8, -8, -2
-6,-2:6, 6, -2, -4, -4, 4, 8, -8, -8, 0
-6,-2:6, 6, -2, -4, -4, 4, 8, -8, -4, -8
-6,-2:6, 6, -2, -4, -4, 4, 8, -8, -4, -4
2,0:6, 6, -2, -4, -4, 12, 12, 16, 2, -8
2,-1:6, 6, -2, -4, 4, -2, 10, 0, 14, 8
2,-1:6, 6, -2, -4, 4, -2, 10, 0, 14, 10
2,-1:6, 6, -2, -4, 4, -2, 10, 0, 14, 12
8,1:6, 6, -2, -4, 14, 10, 16, 22, 16, 18
11,5:6, 6, -2, -4, 16, 4, 24, 12, 22, 0
6,1:6, 6, -2, -2, 14, -2, -4, 10, 2, 12
6,1:6, 6, -2, -2, 14, -2, -4, 10, 2, 22
6,1:6, 6, -2, -2, 14, -2, -4, 10, 12, 2
3,1:6, 6, -2, 12, 0, 18, 8, 8, 12, 0
-7,8:6, 6, -2, 14, 8, 10, 10, 6, 14, 2
-7,8:6, 6, -2, 14, 8, 10, 10, 6, 14, 4
-7,8:6, 6, -2, 14, 8, 10, 10, 6, 14, 6
7,14:6, 6, 8, -4, -8, 0, 8, 0, 2, 4
8,6:6, 6, 8, -4, -8, 0, 16, 0, -10, 10
13,10:6, 6, 8, -4, -8, 2, 10, -2, 12, 12
11,-3:6, 6, 8, -4, -8, 16, 6, 4, -12, 2
11,-3:6, 6, 8, -4, -8, 16, 6, 4, -12, 6
11,-3:6, 6, 8, -4, -8, 16, 6, 4, 2, -12
-1,-2:6, 6, 8, -4, -4, -10, -16, -16, 2, -14
-1,-2:6, 6, 8, -4, -4, -10, -16, -16, 2, -12
-1,-2:6, 6, 8, -4, -4, -10, -16, -16, 2, -10
-1,-2:6, 6, 8, -4, -4, -10, -8, -14, 2, -12
-1,-2:6, 6, 8, -4, -4, -10, -8, -14, 2, -2
-1,-2:6, 6, 8, -4, -4, -10, -8, -10, 2, -12
-1,-2:6, 6, 8, -4, -4, -10, -8, -10, 2, -10
-1,-2:6, 6, 8, -4, -4, -10, -8, -10, 2, -8
3,5:6, 6, 8, 2, 10, 14, 2, -2, 16, 10
-20,14:6, 6, 8, 10, 2, 16, 4, 20, 28, 36
-20,14:6, 6, 8, 10, 2, 16, 4, 20, 36, 28
-6,2:6, 6, 14, 10, -4, 16, -2, 10, 26, 26
-6,2:6, 6, 14, 10, -4, 16, -2, 14, 20, 14
-6,2:6, 6, 14, 10, -4, 16, -2, 14, 20, 16
-6,2:6, 6, 14, 10, -4, 16, -2, 14, 20, 18
-6,2:6, 6, 14, 10, -4, 16, -2, 16, 24, 18
-6,2:6, 6, 14, 10, -4, 16, -2, 16, 24, 20
-6,2:6, 6, 14, 10, -4, 16, -2, 16, 24, 22
-1,0:6, 6, 14, 10, 6, 16, 22, 8, 16, 10
-1,0:6, 6, 14, 10, 6, 16, 22, 8, 16, 14
-5,16:6, 6, 14, 10, 16, 6, 14, 16, 8, 4
-5,16:6, 6, 14, 10, 16, 6, 22, 22, 8, 2
-5,16:6, 6, 14, 10, 16, 6, 22, 22, 8, 12
9,18:6, 6, 16, -16, 4, 2, 14, 18, -2, 6
11,10:6, 6, 16, -8, -8, -6, -4, -12, 2, -10
20,-18:6, 6, 16, -8, -8, 0, -4, 0, -26, -36
21,9:-4, -14, -12, -2, 14, -2, 0, -12, -16, 2, -4
-4,-5:-4, -14, -12, 10, 10, 2, 6, 0, 16, 18, -6
-4,-1:-4, -14, -12, 10, 10, 2, 6, 0, 16, 18, 0
-4,-1:-4, -14, -12, 10, 10, 2, 6, 0, 16, 18, 6
2,3:-4, -14, -12, 10, 10, 8, 14, 6, 12, 6, 8
-3,12:-4, -14, -12, 10, 10, 8, 20, 24, 4, 12, -10
-3,12:-4, -14, -12, 10, 10, 8, 20, 24, 4, 12, -8
-3,12:-4, -14, -12, 10, 10, 8, 20, 24, 4, 12, -6
22,-4:-4, -14, -12, 14, -12, -20, -4, -14, -22, -16, -20
12,2:-4, -14, -12, 14, -12, -14, -2, -2, 4, 8, -8
17,4:-4, -14, -12, 14, -12, -4, -10, -20, -10, -10, -20
21,14:-4, -14, -12, 14, -12, -4, -4, -4, -2, 0, 8
2,-2:-4, -14, -8, 10, 10, 2, 18, 8, 0, 6, 2
-8,4:-4, -14, -8, 10, 10, 8, 20, 20, 26, 30, 14
-3,6:-4, -14, -8, 10, 10, 18, 12, 2, 12, 12, 2
1,16:-4, -14, -8, 10, 10, 18, 18, 18, 20, 22, 30
1,11:-4, -14, -8, 10, 20, 20, 22, 10, 6, 24, 18
-10,3:-4, -14, -8, 20, 10, 10, 10, 4, -4, 16, 18
-10,3:-4, -14, -8, 20, 10, 10, 10, 4, -4, 16, 28
-14,6:-4, -14, -8, 20, 10, 10, 10, 24, 18, 26, 22
-14,17:-4, -14, -8, 20, 10, 10, 16, 20, 8, 26, 34
1,26:-4, -14, -8, 20, 10, 10, 16, 20, 8, 38, 36
1,26:-4, -14, -8, 20, 10, 10, 16, 20, 8, 38, 38
1,26:-4, -14, -8, 20, 10, 10, 16, 20, 38, 36, 8
1,26:-4, -14, -8, 20, 10, 10, 16, 20, 38, 36, 10
1,26:-4, -14, -8, 20, 10, 10, 16, 20, 38, 36, 12
-2,20:-4, -14, -8, 20, 10, 10, 30, 12, 24, 28, 32
-2,20:-4, -14, -8, 20, 10, 10, 30, 12, 24, 28, 34
-2,20:-4, -14, -8, 20, 10, 10, 30, 24, 28, 32, 12
-25,17:-4, -14, -8, 20, 10, 16, 24, 12, 28, 36, 44
-25,17:-4, -14, -8, 20, 10, 16, 24, 12, 28, 44, 36
-10,3:-4, -14, -8, 20, 12, 10, 10, 4, -4, 30, 16
-12,5:-4, -14, -8, 20, 12, 10, 18, 12, 22, 28, 20
-7,4:-4, -14, -8, 20, 12, 10, 18, 12, 24, 14, 22
-7,4:-4, -14, -8, 20, 12, 10, 18, 12, 24, 14, 24
-15,7:-4, -14, -8, 20, 28, 24, 10, 30, 12, 24, 34
-15,7:-4, -14, -8, 20, 28, 24, 10, 30, 12, 24, 36
-15,7:-4, -14, -8, 20, 28, 24, 10, 30, 12, 24, 38
-15,7:-4, -14, -8, 20, 28, 24, 10, 30, 12, 30, 30
-15,7:-4, -14, -8, 20, 28, 24, 10, 30, 12, 30, 32
-15,7:-4, -14, -8, 20, 28, 24, 10, 30, 12, 30, 34
-15,7:-4, -14, -8, 20, 28, 24, 10, 30, 12, 34, 24
-15,7:-4, -14, -8, 20, 28, 24, 10, 30, 12, 34, 30
-19,7:-4, -14, -8, 20, 28, 24, 10, 30, 12, 34, 36
-5,19:-4, -14, -8, 20, 28, 24, 18, 30, 24, 26, 34
-5,19:-4, -14, -8, 20, 28, 24, 18, 30, 24, 26, 36
-18,8:-4, -14, -8, 20, 28, 24, 18, 30, 24, 32, 28
-5,19:-4, -14, -8, 20, 28, 24, 18, 30, 24, 36, 26
11,20:-4, -14, 10, -2, -10, -12, -4, -10, 8, 4, 2
11,20:-4, -14, 10, -2, -10, -12, -4, -10, 8, 4, 4
12,6:-4, -14, 10, -2, -10, -4, 0, -4, -4, 6, 12
12,6:-4, -14, 10, -2, -10, -4, 0, -4, -4, 6, 14
12,6:-4, -14, 10, -2, -10, -4, 0, -4, -4, 6, 16
9,11:-4, -14, 10, -2, -10, 20, 10, 12, -4, 6, -6
15,14:-4, -14, 10, -2, 0, -12, 2, 2, -6, -4, 8
18,6:-4, -14, 10, -2, 0, -12, 20, -16, 2, -4, 14
18,6:-4, -14, 10, -2, 0, -12, 20, -16, 2, -4, 16
18,6:-4, -14, 10, -2, 0, -12, 20, -16, 2, -4, 18
9,16:-4, -14, 10, -2, 0, -6, 20, 20, 30, 28, 4
4,19:-4, -14, 10, -2, 0, 2, -6, 8, 20, -4, 8
10,8:-4, -14, 10, 10, 2, 6, 0, 12, 10, 16, 14
10,8:-4, -14, 10, 10, 2, 6, 0, 12, 10, 16, 16
10,8:-4, -14, 10, 10, 2, 6, 0, 12, 10, 16, 18
-18,17:-4, -14, 10, 10, 2, 6, 2, 26, 20, 38, 22
-18,17:-4, -14, 10, 10, 2, 6, 2, 26, 20, 38, 32
-18,17:-4, -14, 10, 10, 2, 6, 2, 32, 30, 38, 24
-18,17:-4, -14, 10, 10, 2, 6, 2, 32, 30, 38, 26
-18,17:-4, -14, 10, 10, 2, 6, 2, 32, 30, 38, 28
-18,17:-4, -14, 10, 10, 2, 6, 2, 34, 22, 38, 28
-18,17:-4, -14, 10, 10, 2, 6, 2, 34, 22, 38, 30
-18,17:-4, -14, 10, 10, 2, 6, 2, 34, 22, 38, 32
-18,17:-4, -14, 10, 10, 2, 6, 2, 38, 24, 38, 30
1,22:-4, -14, 10, 10, 2, 6, 2, 38, 32, 22, 32
2,-2:-4, -14, 10, 10, 2, 18, 8, 0, 6, 2, -8
2,-2:-4, -14, 10, 10, 2, 18, 8, 0, 6, 2, -6
2,-2:-4, -14, 10, 10, 2, 18, 8, 0, 6, 2, -4
-4,6:-4, -14, 10, 10, 2, 18, 18, 6, -2, 4, 16
-4,6:-4, -14, 10, 10, 2, 18, 18, 6, -2, 4, 18
-4,6:-4, -14, 10, 10, 2, 18, 18, 6, -2, 4, 20
10,8:-4, -14, 10, 10, 2, 18, 20, 6, 0, 12, 18
-5,-4:-4, -14, 10, 10, 8, 6, 10, 0, 0, -2, -4
2,12:-4, -14, 10, 10, 8, 20, 14, 6, 24, 2, -12
2,12:-4, -14, 10, 10, 8, 20, 14, 6, 24, 2, -10
2,12:-4, -14, 10, 10, 8, 20, 14, 6, 24, 2, -8
-8,4:-4, -14, 10, 10, 8, 20, 20, 26, 30, 14, -8
-8,4:-4, -14, 10, 10, 8, 20, 20, 26, 30, 14, -6
-8,4:-4, -14, 10, 10, 8, 20, 20, 26, 30, 14, -4
9,10:-4, -14, 10, 10, 16, 20, 0, 8, 24, 18, 16
13,19:-4, -14, 10, 10, 18, 12, 0, 6, 4, 0, 16
-3,6:-4, -14, 10, 10, 18, 12, 2, 12, 12, 2, -8
-3,6:-4, -14, 10, 10, 18, 12, 2, 12, 12, 2, -6
-3,6:-4, -14, 10, 10, 18, 12, 2, 12, 12, 2, -4
1,16:-4, -14, 10, 10, 18, 18, 18, 20, 22, 30, -8
1,16:-4, -14, 10, 10, 18, 18, 18, 20, 22, 30, -6
1,16:-4, -14, 10, 10, 18, 18, 18, 20, 22, 30, -4
-12,11:-4, -14, 10, 20, 20, 12, 10, 28, 30, 8, -4
1,11:-4, -14, 10, 20, 20, 22, 10, 6, 24, 18, -8
1,11:-4, -14, 10, 20, 20, 22, 10, 6, 24, 18, -6
1,11:-4, -14, 10, 20, 20, 22, 10, 6, 24, 18, -4
10,1:-4, -14, 14, -2, -12, -12, -12, -18, -26, -6, -4
10,1:-4, -14, 14, -2, -12, -12, -12, -18, -26, -6, 6
6,4:-4, -14, 14, -2, -12, -12, -12, 2, -4, 4, 0
6,15:-4, -14, 14, -2, -12, -12, -6, -2, -14, 4, 12
21,24:-4, -14, 14, -2, -12, -12, -6, -2, -14, 16, 14
21,24:-4, -14, 14, -2, -12, -12, -6, -2, -14, 16, 16
21,24:-4, -14, 14, -2, -12, -12, -6, -2, 16, 14, -14
21,24:-4, -14, 14, -2, -12, -12, -6, -2, 16, 14, -12
21,24:-4, -14, 14, -2, -12, -12, -6, -2, 16, 14, -10
18,18:-4, -14, 14, -2, -12, -12, 8, -10, 2, 6, 10
18,18:-4, -14, 14, -2, -12, -12, 8, -10, 2, 6, 12
18,18:-4, -14, 14, -2, -12, -12, 8, 2, 6, 10, -10
-5,15:-4, -14, 14, -2, -12, -6, 2, -10, 6, 14, 22
-5,15:-4, -14, 14, -2, -12, -6, 2, -10, 6, 22, 14
10,1:-4, -14, 14, -2, -10, -12, -12, -18, -26, 8, -6
8,3:-4, -14, 14, -2, -10, -12, -4, -10, 0, 6, -2
13,2:-4, -14, 14, -2, -10, -12, -4, -10, 2, -8, 0
13,2:-4, -14, 14, -2, -10, -12, -4, -10, 2, -8, 2
5,5:-4, -14, 14, -2, 6, 2, -12, 8, -10, 2, 12
5,5:-4, -14, 14, -2, 6, 2, -12, 8, -10, 2, 14
5,5:-4, -14, 14, -2, 6, 2, -12, 8, -10, 2, 16
5,5:-4, -14, 14, -2, 6, 2, -12, 8, -10, 8, 8
5,5:-4, -14, 14, -2, 6, 2, -12, 8, -10, 8, 10
5,5:-4, -14, 14, -2, 6, 2, -12, 8, -10, 8, 12
5,5:-4, -14, 14, -2, 6, 2, -12, 8, -10, 12, 2
5,5:-4, -14, 14, -2, 6, 2, -12, 8, -10, 12, 8
1,5:-4, -14, 14, -2, 6, 2, -12, 8, -10, 12, 14
15,17:-4, -14, 14, -2, 6, 2, -4, 8, 2, 4, 12
15,17:-4, -14, 14, -2, 6, 2, -4, 8, 2, 4, 14
2,6:-4, -14, 14, -2, 6, 2, -4, 8, 2, 10, 6
15,17:-4, -14, 14, -2, 6, 2, -4, 8, 2, 14, 4
-1,-2:-4, -12, -14, -4, -4, -6, -4, -4, -14, -8, 14
-1,-2:-4, -12, -14, -4, -4, -6, -4, -4, -14, -8, 16
-1,-2:-4, -12, -14, -4, -4, -6, -4, -4, -14, -8, 18
-1,-2:-4, -12, -14, -4, -4, -6, -4, -4, -14, 14, -8
-1,-2:-4, -12, -14, -4, -4, -6, -4, -4, -14, 14, -6
-1,-2:-4, -12, -14, -4, -4, -6, -4, -4, -14, 14, -4
28,8:-4, -12, -14, -4, -2, 2, 4, -8, -8, -2, 4
2,5:-4, -12, -14, -4, 2, -6, -14, -8, 0, -8, 6
-3,-3:-4, -12, -14, -4, 4, 2, 8, 6, 12, 0, 6
-3,-3:-4, -12, -14, -4, 4, 2, 8, 6, 12, 0, 10
-3,-3:-4, -12, -14, -4, 4, 2, 8, 6, 12, 6, 0
-3,-3:-4, -12, -14, -4, 4, 2, 8, 6, 12, 6, 2
6,-5:-4, -12, -14, 4, -6, -14, 6, 6, 10, 8, 12
6,-5:-4, -12, -14, 4, -6, -14, 6, 6, 10, 8, 14
6,-5:-4, -12, -14, 4, -6, -14, 6, 6, 10, 8, 16
4,-8:-4, -12, -14, 4, -6, 2, 2, 2, 8, -10, 12
4,-8:-4, -12, -14, 4, -6, 2, 2, 2, 8, -10, 14
4,-8:-4, -12, -14, 4, -6, 2, 2, 2, 8, 12, -10
26,8:-4, -12, -14, 4, 4, 4, 6, -6, -6, 0, 6
0,3:-4, -12, -8, -18, -20, -4, 8, 10, 4, 4, 6
-2,-8:-4, -12, -8, -18, -14, -24, -26, 8, 14, -14, -4
7,-8:-4, -12, -8, -18, -14, -24, -8, -18, -10, 2, 0
17,10:-4, -12, -8, -18, -14, -4, -26, -14, -6, -6, -4
2,-9:-4, -12, -8, -14, -22, 2, 4, -12, -20, -10, -16
2,-9:-4, -12, -8, -14, -22, 2, 4, -12, -20, -10, -14
2,-9:-4, -12, -8, -14, -22, 2, 4, -12, -20, -10, -12
16,-8:-4, -12, -8, -14, -20, -20, -4, -6, -4, -8, 0
2,-9:-4, -12, -8, -14, -20, -20, 2, 4, -10, -8, -16
2,-9:-4, -12, -8, -14, -20, -20, 2, 4, -10, -8, -14
2,-9:-4, -12, -8, -14, -20, -20, 2, 4, -10, -8, -12
-9,-2:-4, -12, -8, -14, -20, -14, -16, -10, -6, 6, 8
-9,-2:-4, -12, -8, -14, -20, -14, -16, -10, 6, 8, -6
-9,-2:-4, -12, -8, -14, -20, -14, -16, -10, 6, 8, -2
-9,-2:-4, -12, -8, -14, -20, -14, -16, -10, 6, 8, 4
-9,-2:-4, -12, -8, -14, -20, -14, -16, -6, 6, 8, -10
-9,-2:-4, -12, -8, -14, -20, -14, -16, -6, 6, 8, -8
-9,-2:-4, -12, -8, -14, -20, -14, -16, -6, 6, 8, -6
5,5:-4, -12, -8, -14, -20, -14, -16, -6, 18, -14, -10
11,-6:-4, -12, -8, -14, -20, -14, -10, -16, -14, -26, 0
17,-15:-4, -12, -8, -14, -20, -14, -10, -4, -16, -6, 6
2,-20:-4, -12, -8, -14, -20, -6, -18, -14, -16, 2, -22
-7,-4:-4, -12, -8, -14, -20, 0, -6, -8, 12, -16, 6
-7,-4:-4, -12, -8, -14, -20, 0, -6, -8, 12, 6, -16
-7,-4:-4, -12, -8, -14, -20, 0, -6, -8, 12, 6, -14
-7,-4:-4, -12, -8, -14, -20, 0, -6, -8, 12, 6, -12
16,-8:-4, -12, -8, -14, -4, -12, -14, -6, -6, -2, 6
16,-8:-4, -12, -8, -14, -4, -12, -14, -6, 0, -2, -6
16,-8:-4, -12, -8, -14, -4, -12, -14, -6, 0, 0, -6
16,-8:-4, -12, -8, -14, -4, -12, -14, -6, 0, 0, -4
16,-8:-4, -12, -8, -14, -4, -12, -14, -6, 0, 0, -2
16,-8:-4, -12, -8, -14, -4, -12, -14, -6, 2, -8, -6
16,-8:-4, -12, -8, -14, -4, -12, -14, -6, 2, -8, -4
16,-8:-4, -12, -8, -14, -4, -12, -14, -6, 2, -8, -2
7,-2:-4, -12, -8, -14, -4, -12, -14, -6, 4, 0, -6
15,-2:-4, -12, -8, -14, 0, -20, -12, -10, -14, -4, 0
15,-2:-4, -12, -8, -14, 0, -20, -12, -10, -14, -4, 2
15,-2:-4, -12, -8, -14, 0, -20, -12, -10, -14, -4, 4
17,-5:-4, -12, -8, -14, 0, -14, -24, -24, -18, -28, -20
10,23:-4, -12, -8, -14, 0, -14, -24, -24, -10, -14, -28
20,1:-4, -12, -8, -14, 0, -14, -24, -24, -8, -24, -28
14,4:-4, -12, -8, -14, 0, -14, -22, -16, -6, -16, -24
14,4:-4, -12, -8, -14, 0, -14, -22, -16, -6, -16, -22
14,4:-4, -12, -8, -14, 0, -14, -22, -16, -6, -16, -20
14,-23:-4, -12, -8, -14, 2, -2, -34, -28, -26, -4, 0
14,-23:-4, -12, -8, -14, 2, -2, -34, -28, -26, -4, 2
14,-23:-4, -12, -8, -14, 2, -2, -34, -28, -26, -4, 4
2,-13:-4, -12, -8, -14, 2, 4, -24, -28, -30, -20, -34
2,-13:-4, -12, -8, -14, 2, 4, -24, -28, -30, -20, -30
2,-9:-4, -12, -8, -14, 2, 4, -24, -28, -30, -14, -34
2,-9:-4, -12, -8, -14, 2, 4, -24, -28, -30, -14, -30
2,-13:-4, -12, -8, -14, 2, 4, -24, -28, -24, -20, -34
2,-13:-4, -12, -8, -14, 2, 4, -24, -28, -24, -20, -28
2,-13:-4, -12, -8, -14, 2, 4, -24, -28, -24, -20, -24
2,-9:-4, -12, -8, -14, 2, 4, -24, -28, -24, -14, -34
2,-9:-4, -12, -8, -14, 2, 4, -24, -28, -24, -14, -28
2,-9:-4, -12, -8, -14, 2, 4, -24, -28, -24, -14, -24
2,-9:-4, -12, -8, -14, 2, 4, -24, -22, -20, -6, -12
2,-9:-4, -12, -8, -14, 2, 4, -24, -22, -20, -6, -10
2,-9:-4, -12, -8, -14, 2, 4, -24, -22, -20, -6, -8
2,-9:-4, -12, -8, -14, 2, 4, -24, -22, -18, -14, -24
2,-9:-4, -12, -8, -14, 2, 4, -24, -22, -18, -14, -22
2,-9:-4, -12, -8, -14, 2, 4, -24, -22, -18, -14, -20
2,-9:-4, -12, -8, -14, 2, 4, -24, -22, -12, -28, -24
2,-9:-4, -12, -8, -14, 2, 4, -24, -22, -12, -28, -22
2,-9:-4, -12, -8, -14, 2, 4, -24, -22, -12, -28, -20
2,-9:-4, -12, -8, -14, 2, 4, -24, -18, -26, -14, -24
2,-9:-4, -12, -8, -14, 2, 4, -24, -18, -26, -14, -22
2,-9:-4, -12, -8, -14, 2, 4, -24, -18, -26, -14, -20
2,-9:-4, -12, -8, -14, 2, 4, -24, -12, -24, -26, -24
2,-9:-4, -12, -8, -14, 2, 4, -24, -12, -24, -26, -22
2,-9:-4, -12, -8, -14, 2, 4, -24, -12, -24, -26, -20
2,-9:-4, -12, -8, -14, 2, 4, -14, -22, -22, -24, -16
2,-9:-4, -12, -8, -14, 2, 4, -14, -22, -12, -22, -20
2,-9:-4, -12, -8, -14, 2, 4, -14, -22, -12, -22, -18
2,-9:-4, -12, -8, -14, 2, 4, -14, -22, -12, -22, -16
2,-9:-4, -12, -8, -14, 2, 4, -14, -12, -22, -18, -14
2,-9:-4, -12, -8, -14, 2, 4, -14, -12, -22, -18, -4
2,-9:-4, -12, -8, -14, 2, 4, -14, -12, -20, -2, -16
2,-9:-4, -12, -8, -14, 2, 4, -14, -12, -20, -2, -12
2,-9:-4, -12, -8, -14, 2, 4, -14, -12, -10, -16, -12
2,-9:-4, -12, -8, -14, 2, 4, -14, -12, -10, -16, -2
2,-9:-4, -12, -8, -14, 2, 4, -14, -12, -2, -34, -12
2,-9:-4, -12, -8, -14, 2, 4, -14, -12, -2, -34, -10
2,-9:-4, -12, -8, -14, 2, 4, -14, -12, -2, -34, -8
2,-9:-4, -12, -8, -14, 2, 4, -14, -12, -2, -12, -34
2,-9:-4, -12, -8, -14, 2, 4, -14, -12, -2, -12, -32
2,-9:-4, -12, -8, -14, 2, 4, -14, -12, -2, -12, -30
0,-4:-4, -12, -8, -4, -14, -20, -6, -14, -10, -10, -8
0,-4:-4, -12, -8, -4, -14, -20, -6, -14, -10, -10, -6
0,-4:-4, -12, -8, -4, -14, -20, -6, -14, -10, -10, -4
0,-4:-4, -12, -8, -4, -14, -20, -6, -14, -2, -8, -6
0,-4:-4, -12, -8, -4, -14, -20, -6, -14, -2, -8, 4
0,-4:-4, -12, -8, -4, -14, -20, -6, -14, -2, -4, -6
0,-4:-4, -12, -8, -4, -14, -20, -6, -14, -2, -4, -4
0,-4:-4, -12, -8, -4, -14, -20, -6, -14, -2, -4, -2
0,-4:-4, -12, -8, -4, -14, -20, -6, -14, -2, -2, -10
-5,-2:-4, -12, -8, -4, -14, -20, -4, -10, -6, -4, 6
-5,-2:-4, -12, -8, -4, -14, -20, -4, -10, -6, 6, -4
-5,-2:-4, -12, -8, -4, -14, -20, -4, -10, -6, 6, -2
-5,-2:-4, -12, -8, -4, -14, -20, -4, -10, -6, 6, 0
3,-12:-4, -12, -8, -4, -14, -10, -22, -4, -2, -28, -8
0,3:-4, -12, -8, -4, -4, -14, -20, -14, -16, 0, -4
15,-17:-4, -12, -8, -4, -4, -14, -6, -12, -8, -16, -2
15,-17:-4, -12, -8, -4, -4, -14, -6, -12, -8, -16, 4
15,-17:-4, -12, -8, -4, -4, -14, -6, -12, -8, -2, -16
15,-17:-4, -12, -8, -4, -4, -14, -6, -12, -8, -2, -14
15,-17:-4, -12, -8, -4, -4, -14, -6, -12, -8, -2, -12
15,-2:-4, -12, -8, -4, -4, -14, 0, -20, -12, -10, -14
5,1:-4, -12, -8, -4, -4, -2, -2, 4, -6, -12, -10
5,1:-4, -12, -8, -4, -4, -2, -2, 4, -6, -12, -8
5,1:-4, -12, -8, -4, -4, -2, -2, 4, -6, -12, -6
4,2:-4, -12, -8, -4, -4, -2, -2, 6, 0, -20, -14
4,2:-4, -12, -8, -4, -4, -2, -2, 6, 0, -20, -12
4,2:-4, -12, -8, -4, -4, -2, -2, 6, 0, -20, -10
3,-12:-4, -12, -8, -2, -14, -8, -14, -28, -22, -12, 0
3,-12:-4, -12, -8, -2, -14, -8, -14, -28, -22, -12, 2
3,-12:-4, -12, -8, -2, -14, -8, -14, -28, -22, -12, 4
3,-12:-4, -12, -8, -2, -14, -8, -14, -20, -14, -12, -28
3,-12:-4, -12, -8, -2, -14, -8, -14, -20, -14, -12, -18
3,-12:-4, -12, -8, -2, -14, -8, -14, -12, -12, -12, -26
3,-12:-4, -12, -8, -2, -14, -8, -14, -12, -12, -12, -16
7,-12:-4, -12, -8, -2, -2, 6, 0, -10, 2, 2, -16
3,-12:-4, -12, -8, -2, 8, -2, -14, -8, -20, -12, -2
3,-12:-4, -12, -8, -2, 8, -2, -14, -8, -20, -12, 2
10,-1:-4, -12, -4, -8, -16, -16, -18, -6, -2, -22, -14
15,-1:-4, -12, -4, -8, -6, -14, -14, -14, -16, -18, -26
5,-5:-4, -12, -4, -8, -6, -14, -8, -4, -8, -8, 2
-3,0:-4, -12, -4, -8, -6, -14, 2, -4, 4, -2, 2
3,-10:-4, -12, -4, -8, -6, -4, -16, -16, -22, -30, -10
-5,0:-4, -12, -4, -4, -10, -18, -8, -14, -18, -8, 0
-5,0:-4, -12, -4, -4, -10, -18, -8, -14, -18, -8, 4
-5,0:-4, -12, -4, -4, -10, -18, -8, -14, -18, -8, 10
-5,0:-4, -12, -4, -4, -10, -18, -8, -14, -18, 0, -8
-5,0:-4, -12, -4, -4, -10, -18, -8, -14, -18, 0, -6
-5,0:-4, -12, -4, -4, -10, -18, -8, -14, -18, 0, -4
4,-4:-4, -12, -4, -4, -10, -18, -8, 2, 2, -12, 4
3,12:-4, -12, -4, -4, 0, 0, 2, -4, -8, 2, -16
0,-8:-4, -12, -4, -4, 0, 0, 8, 4, 0, 8, -10
0,-8:-4, -12, -4, -4, 0, 0, 8, 4, 0, 8, -8
0,-8:-4, -12, -4, -4, 0, 0, 8, 4, 0, 8, -6
5,1:-4, -12, -4, -2, 6, 4, 2, 4, -8, -12, 8
-12,4:-4, -12, -4, -2, 6, 10, -14, 12, 18, 8, 0
-12,4:-4, -12, -4, -2, 6, 10, -14, 12, 18, 8, 2
-12,4:-4, -12, -4, -2, 6, 10, -14, 12, 18, 8, 4
11,-7:-4, -12, -4, 2, -6, -2, -8, -8, -2, -20, -4
11,-7:-4, -12, -4, 2, -6, -2, -8, -8, -2, -4, -20
17,3:-4, -12, -4, 2, 2, -6, -2, -14, -18, 0, -6
13,-6:-4, -12, -4, 2, 6, 2, -12, -4, -20, -12, 6
13,-6:-4, -12, -4, 2, 6, 2, -12, -4, -20, -12, 16
13,-6:-4, -12, -4, 2, 6, 2, -12, -4, -20, 6, -12
8,5:-4, -12, -4, 2, 6, 6, -6, -2, -14, 10, -12
2,5:-4, -12, 4, -6, -14, -16, 6, 6, 10, -14, 2
2,5:-4, -12, 4, -6, -14, -16, 6, 6, 10, 2, -14
2,5:-4, -12, 4, -6, -14, -16, 6, 6, 10, 2, -12
2,5:-4, -12, 4, -6, -14, -16, 6, 6, 10, 2, -10
8,-10:-4, -12, 4, -6, -8, -8, -8, -12, 4, -6, -4
8,-10:-4, -12, 4, -6, -8, -8, -8, -12, 4, -6, -2
8,-10:-4, -12, 4, -6, -8, -8, -8, -12, 4, -6, 0
1,-10:-4, -12, 4, -6, -8, 4, -10, -22, -16, 2, 8
1,-10:-4, -12, 4, -6, -8, 4, -10, -22, -16, 2, 18
18,1:-4, -12, 4, -6, -8, 4, -10, -22, -4, -4, 2
18,1:-4, -12, 4, -6, -8, 4, -10, -22, -4, 2, -4
1,-10:-4, -12, 4, -6, -8, 4, -10, -22, 2, 8, -16
9,-4:-4, -12, 4, -6, 0, 4, -2, 12, -18, -18, -2
9,-4:-4, -12, 4, -6, 0, 4, -2, 12, -18, -2, -18
9,-4:-4, -12, 4, -6, 0, 4, -2, 12, -18, -2, -16
9,-4:-4, -12, 4, -6, 0, 4, -2, 12, -18, -2, -14
9,-4:-4, -12, 4, -6, 0, 4, -2, 12, -14, -2, -16
9,-4:-4, -12, 4, -6, 0, 4, -2, 12, -14, -2, -14
4,-8:-4, -12, 4, -6, 2, -12, -2, 0, -16, -36, -20
4,-8:-4, -12, 4, -6, 2, -12, -2, 0, -16, -36, -18
4,-8:-4, -12, 4, -6, 2, -12, -2, 0, -16, -36, -16
4,-8:-4, -12, 4, -6, 2, -12, -2, 0, -16, -22, -24
4,-8:-4, -12, 4, -6, 2, -12, -2, 0, -16, -22, -22
4,-8:-4, -12, 4, -6, 2, -12, -2, 0, -16, -22, -20
4,-8:-4, -12, 4, -6, 2, -12, -2, 0, -16, -20, -36
4,-8:-4, -12, 4, -6, 2, -12, -2, 0, -16, -20, -26
17,5:-4, -12, 4, -6, 2, -12, -2, 6, 0, 14, 0
17,5:-4, -12, 4, -6, 2, -12, -2, 6, 0, 14, 2
7,0:-4, -12, 4, -6, 2, -4, 4, -18, -2, 2, -12
3,5:-4, -12, 4, -6, 2, -4, 4, -18, 4, -4, -10
10,3:-4, -12, 4, 4, -8, -14, -20, -6, -16, -14, -12
10,3:-4, -12, 4, 4, -8, -14, -20, -6, -16, -14, -8
10,8:-4, -12, 4, 4, -8, -14, -20, 2, -16, -20, 0
10,8:-4, -12, 4, 4, -8, -14, -20, 2, -16, 0, -20
10,8:-4, -12, 4, 4, -8, -14, -20, 2, -16, 0, -10
10,8:-4, -12, 4, 4, -8, -14, -20, 2, -10, 0, -16
10,8:-4, -12, 4, 4, -8, -14, -20, 2, -10, 0, -12
5,4:-4, -12, 4, 4, -6, -8, -10, -20, -8, -12, 4
10,-1:-4, -12, 4, 4, -6, -8, -10, -20, -8, -6, -2
10,-1:-4, -12, 4, 4, -6, -8, -10, -20, -8, -2, -6
5,4:-4, -12, 4, 4, -6, -8, -10, -20, -8, 4, -12
5,4:-4, -12, 4, 4, -6, -8, -10, -8, -12, 4, -20
5,4:-4, -12, 4, 4, -6, -8, -10, -8, -12, 4, -10
10,-1:-4, -12, 4, 4, -6, -8, -10, -8, -6, -2, -20
10,4:-4, -12, 4, 4, 4, -4, -6, 12, 14, -10, -4
1,3:-4, -12, 4, 4, 4, 6, -8, -14, -18, 0, -10
7,8:-4, -12, 4, 4, 4, 6, -6, -6, -2, 8, 16
26,8:-4, -12, 4, 4, 4, 6, -6, -6, 0, 6, -8
26,8:-4, -12, 4, 4, 4, 6, -6, -6, 0, 6, -6
26,8:-4, -12, 4, 4, 4, 6, -6, -6, 0, 6, -4
7,8:-4, -12, 4, 4, 4, 6, -6, 0, 8, 16, -12
8,-12:-4, -12, 4, 4, 4, 12, 4, 4, -12, -18, 0
8,-12:-4, -12, 4, 4, 4, 12, 4, 4, -12, -18, 10
8,-12:-4, -12, 4, 4, 4, 12, 4, 4, -12, 0, -18
-2,-1:-4, -12, 4, 6, -8, -18, -14, -26, 10, 0, -8
5,-1:-4, -12, 4, 6, -8, -14, -10, -8, 10, 12, 8
20,5:-4, -12, 4, 6, -8, 0, -2, 4, -14, 0, -26
20,5:-4, -12, 4, 6, -8, 0, -2, 4, -14, 0, -24
20,5:-4, -12, 4, 6, -8, 0, -2, 4, -14, 0, -22
-2,-4:-4, -12, 4, 6, 6, 12, 18, 18, 2, 0, -10
-2,-4:-4, -12, 4, 6, 6, 12, 18, 18, 2, 0, -2
3,6:-4, -6, -14, -2, -2, -2, -4, 8, 12, -8, 0
8,6:-4, -6, -14, -2, 8, 0, 0, 0, -2, -4, -12
-2,2:-4, -6, -14, -2, 8, 0, 6, 10, 6, 6, 16
-10,7:-4, -6, -14, -2, 8, 0, 16, 10, 18, 12, 16
-4,-3:-4, -6, -14, -2, 8, 10, -2, -2, -8, -16, 4
10,2:-4, -6, -14, 6, -2, -22, -10, -14, -4, -18, -6
21,3:-4, -6, -14, 6, -2, -22, -10, -6, -12, -24, 0
21,3:-4, -6, -14, 6, -2, -22, -10, -6, -12, -18, 0
21,3:-4, -6, -14, 6, -2, -22, -10, -6, -12, -18, 2
21,3:-4, -6, -14, 6, -2, -22, -10, -6, -12, -18, 4
21,3:-4, -6, -14, 6, -2, -22, -10, -6, -12, 0, -24
21,3:-4, -6, -14, 6, -2, -22, -10, -6, -12, 0, -22
21,3:-4, -6, -14, 6, -2, -22, -10, -6, -12, 0, -20
21,3:-4, -6, -14, 6, -2, -22, -10, -6, -12, 2, -18
5,8:-4, -6, -14, 6, -2, -20, -28, -10, -20, 2, -24
5,8:-4, -6, -14, 6, -2, -20, -28, -10, -20, 2, -22
5,8:-4, -6, -14, 6, -2, -20, -28, -10, -20, 2, -20
7,6:-4, -6, -14, 6, -2, -20, -10, -18, 4, 2, -30
7,6:-4, -6, -14, 6, -2, -20, -10, -18, 4, 2, -26
5,8:-4, -6, -14, 6, -2, -18, -20, -10, -20, 2, -16
5,8:-4, -6, -14, 6, -2, -18, -20, -10, -20, 2, -14
5,8:-4, -6, -14, 6, -2, -18, -20, -10, -20, 2, -12
7,6:-4, -6, -14, 6, -2, -18, -10, -18, 4, 2, -22
7,6:-4, -6, -14, 6, -2, -18, -10, -18, 4, 2, -18
7,6:-4, -6, -14, 6, -2, -10, -18, -12, 4, 2, -22
7,6:-4, -6, -14, 6, -2, -10, -18, -12, 4, 2, -16
7,6:-4, -6, -14, 6, -2, -10, -18, -12, 4, 2, -12
10,2:-4, -6, -14, 6, -2, -10, -14, -4, -18, -6, -22
10,2:-4, -6, -14, 6, -2, -10, -14, -4, -18, -6, -14
0,11:-4, -6, -14, 6, 0, 8, 4, 16, 20, 0, 8
3,8:-4, -6, -14, 6, 4, 0, -2, 10, 14, -6, 2
-2,-4:-4, -6, -14, 6, 6, 12, 10, 10, 4, -4, 0
16,-16:-4, -6, -8, -20, -20, -26, -10, -20, -28, -22, -26
6,-10:-4, -6, -8, -20, -20, -20, -8, -8, -2, 2, -14
11,-8:-4, -6, -8, -20, -20, -10, -16, -26, -16, -16, -26
15,2:-4, -6, -8, -20, -20, -10, -10, -10, -8, -6, 2
17,5:-4, -6, -8, -18, -20, -10, -2, 18, 6, 16, -6
7,-4:-4, -6, -8, -18, -4, -14, -18, -6, -2, -22, -14
10,-9:-4, -6, -8, -18, -2, -14, -26, -28, -14, -8, -6
10,-9:-4, -6, -8, -18, -2, -14, -26, -28, -14, -8, -4
5,-13:-4, -6, -8, -18, -2, -14, -12, -12, 2, -24, -16
9,-13:-4, -6, -8, -18, -2, -14, 2, -6, -4, -6, -2
9,-13:-4, -6, -8, -18, -2, -14, 2, -6, -4, -6, 0
9,-13:-4, -6, -8, -18, -2, -14, 2, -6, -4, -6, 2
4,6:-4, -6, -8, -18, -2, -2, -14, -12, -22, -16, 4
0,-18:-4, -6, -8, -16, -28, -28, -28, -14, -20, 2, -16
6,-14:-4, -6, -8, -16, -28, -28, -26, -24, -18, -8, -4
6,-14:-4, -6, -8, -16, -28, -28, -26, -24, -18, -8, -2
6,-14:-4, -6, -8, -16, -28, -28, -26, -24, -18, -8, 0
6,-14:-4, -6, -8, -16, -28, -28, -26, -24, -18, -4, -8
6,-14:-4, -6, -8, -16, -28, -28, -26, -24, -8, -4, -18
0,-7:-4, -6, -8, -16, -28, -28, -22, -18, -30, -12, -4
15,2:-4, -6, -8, -16, -28, -28, -22, -18, -30, 0, -2
15,2:-4, -6, -8, -16, -28, -28, -22, -18, -30, 0, 0
15,2:-4, -6, -8, -16, -28, -28, -22, -18, 0, -2, -30
15,2:-4, -6, -8, -16, -28, -28, -22, -18, 0, -2, -28
15,2:-4, -6, -8, -16, -28, -28, -22, -18, 0, -2, -26
16,-12:-4, -6, -8, -16, -26, -26, -26, -28, -30, -38, -6
16,-12:-4, -6, -8, -16, -26, -26, -26, -28, -30, -38, 4
16,-12:-4, -6, -8, -16, -26, -26, -26, -28, -30, -6, -38
6,-16:-4, -6, -8, -16, -26, -20, -16, -20, -20, -10, -6
6,-16:-4, -6, -8, -16, -26, -20, -16, -20, -20, -10, 4
6,-16:-4, -6, -8, -16, -26, -20, -16, -20, -20, -6, -10
12,-3:-4, -6, -8, -16, -26, -12, -22, -14, -6, -4, -24
12,-3:-4, -6, -8, -16, -26, -12, -14, -6, -4, -24, -22
-2,-11:-4, -6, -8, -16, -26, -10, -16, -8, -14, -10, -6
-2,-11:-4, -6, -8, -16, -26, -10, -16, -8, -14, -10, 4
-2,-11:-4, -6, -8, -16, -26, -10, -16, -8, -14, -6, -10
-2,-11:-4, -6, -8, -16, -26, -10, -16, -4, -14, -10, -6
-2,-11:-4, -6, -8, -16, -26, -10, -16, -4, -14, -10, -4
-2,-11:-4, -6, -8, -16, -26, -10, -16, -4, -14, -10, -2
4,-21:-4, -6, -8, -16, -16, -28, -28, -34, -42, -22, -6
4,-21:-4, -6, -8, -16, -16, -28, -28, -34, -42, -22, 4
4,-21:-4, -6, -8, -16, -16, -28, -28, -34, -42, -6, -22
-5,-14:-4, -6, -8, -16, -16, -22, 6, -22, -20, -6, -6
7,-17:-4, -6, -8, -16, -16, -14, 0, -10, -8, -12, -8
4,10:-4, -6, -8, -10, -20, -2, 2, -8, 12, 18, 22
4,10:-4, -6, -8, -10, -20, -2, 2, -8, 12, 18, 24
4,10:-4, -6, -8, -10, -20, -2, 2, -8, 12, 18, 26
3,-8:-4, -6, -8, -10, -2, -8, -2, 2, -8, -8, -12
5,-12:-4, -6, -8, -4, -14, -20, -20, -2, -20, -14, -6
5,-12:-4, -6, -8, -4, -14, -20, -20, -2, -20, -14, -4
5,-12:-4, -6, -8, -4, -14, -20, -20, -2, -20, -14, -2
5,-12:-4, -6, -8, -4, -14, -20, -20, -2, -20, -6, -14
-1,-10:-4, -6, -8, -4, -14, -10, -8, -20, -16, -8, -6
10,-30:-4, -6, -8, -4, -14, -2, -42, -32, -24, -34, -36
10,-30:-4, -6, -8, -4, -14, -2, -42, -32, -24, -34, -34
10,-30:-4, -6, -8, -4, -14, -2, -42, -32, -24, -34, -32
5,-17:-4, -6, -8, -4, -14, -2, -38, -52, -46, -42, -20
5,-17:-4, -6, -8, -4, -14, -2, -38, -52, -46, -20, -42
5,-17:-4, -6, -8, -4, -14, -2, -38, -52, -46, -20, -36
5,-17:-4, -6, -8, -4, -14, -2, -38, -52, -36, -20, -46
5,-17:-4, -6, -8, -4, -14, -2, -38, -52, -36, -20, -44
5,-17:-4, -6, -8, -4, -14, -2, -38, -52, -36, -20, -42
5,-15:-4, -6, -8, -4, -14, -2, -24, -30, -42, -36, -44
14,-23:-4, -6, -8, -4, -14, -2, -24, -18, -22, -34, -28
14,-23:-4, -6, -8, -4, -14, -2, -24, -18, -22, -34, -26
14,-23:-4, -6, -8, -4, -14, -2, -24, -18, -22, -34, -24
36,-2:-4, -6, -8, -2, -2, -16, -16, -16, -16, -2, -20
21,8:-4, -6, -8, -2, -2, -16, -6, -12, -10, -4, -22
12,-3:-4, -6, -8, -2, -2, -16, -6, -4, 4, -8, -22
4,-17:-4, -6, 0, -8, -18, -14, -20, -28, -4, -2, -26
4,-13:-4, -6, 0, -8, -18, -14, -20, -28, -4, -2, -20
4,-13:-4, -6, 0, -8, -18, -14, -20, -28, -4, -2, -14
4,-13:-4, -6, 0, -8, -18, -14, -20, -4, -2, -20, -24
4,-13:-4, -6, 0, -8, -18, -14, -20, -4, -2, -20, -22
4,-13:-4, -6, 0, -8, -18, -14, -20, -4, -2, -20, -20
4,-13:-4, -6, 0, -8, -18, -14, -20, -4, -2, -14, -28
4,-13:-4, -6, 0, -8, -18, -14, -20, -4, -2, -14, -26
4,-13:-4, -6, 0, -8, -18, -14, -20, -4, -2, -14, -24
16,-3:-4, -6, 0, -8, -18, -14, -8, -20, -14, -26, -16
5,-16:-4, -6, 0, -8, -18, -14, -8, -20, -14, -24, -18
16,-3:-4, -6, 0, -8, -18, -14, -8, -20, -14, -16, -26
16,-3:-4, -6, 0, -8, -18, -14, -8, -20, -14, -16, -24
0,-8:-4, -6, 0, -8, -12, -20, 0, 0, 6, 10, -6
17,0:-4, -6, 0, -8, -4, 0, -20, -14, -18, -24, -2
17,0:-4, -6, 0, -8, -4, 0, -20, -14, -18, -2, -24
17,0:-4, -6, 0, -8, -4, 0, -20, -14, -18, -2, -22
23,3:-4, -6, 0, -8, -4, 0, -6, -10, -28, -28, -2
23,3:-4, -6, 0, -8, -4, 0, -6, -10, -28, -28, 0
23,3:-4, -6, 0, -8, -4, 0, -6, -10, -28, -28, 2
23,3:-4, -6, 0, -8, -4, 0, -6, -10, -28, -2, -28
23,3:-4, -6, 0, -8, -4, 0, -6, -10, -28, -2, -26
14,-12:-4, -6, 0, -8, -4, 0, -6, -10, -16, -2, -24
0,-8:-4, -6, 0, -8, -4, 0, 0, 6, 10, -6, -18
0,-8:-4, -6, 0, -8, -4, 0, 0, 6, 10, -6, -8
2,-10:-4, -6, 0, -8, -2, -8, -18, 0, -2, -18, -10
1,-5:-4, -6, 0, -8, -2, -8, -14, 0, -2, -4, -14
1,-5:-4, -6, 0, -8, -2, -8, -14, 0, -2, -4, -12
5,3:-4, -6, 6, -8, -18, -10, -12, 0, 0, 2, -8
-2,6:-4, -6, 6, -8, -18, -10, -2, -2, -20, 2, 8
1,-4:-4, -6, 6, -8, -12, -24, -20, -12, 0, 4, -6
6,1:-4, -6, 6, -8, -12, -24, -20, 10, 4, -2, -6
13,-11:-4, -6, 6, -8, -12, -18, -30, -20, -4, 2, -20
13,-11:-4, -6, 6, -8, -12, -18, -30, -20, -4, 2, -18
13,-11:-4, -6, 6, -8, -12, -18, -30, -20, -4, 2, -16
13,-11:-4, -6, 6, -8, -12, -18, -30, -16, -4, 2, -14
13,-11:-4, -6, 6, -8, -12, -18, -30, -14, -4, 2, -18
13,-11:-4, -6, 6, -8, -12, -18, -30, -14, -4, 2, -14
13,-11:-4, -6, 6, -8, -12, -18, -30, -10, -14, -8, 4
13,-11:-4, -6, 6, -8, -12, -18, -30, -10, -14, 4, -8
13,-11:-4, -6, 6, -8, -12, -18, -30, -10, -14, 4, -6
13,-11:-4, -6, 6, -8, -12, -18, -30, -10, -14, 4, -4
13,-11:-4, -6, 6, -8, -12, -18, -30, -10, -8, 4, -14
13,-11:-4, -6, 6, -8, -12, -18, -30, -10, -8, 4, -12
13,-11:-4, -6, 6, -8, -12, -18, -30, -10, -4, 6, 6
13,-11:-4, -6, 6, -8, -12, -18, -30, -10, -4, 6, 8
13,-11:-4, -6, 6, -8, -12, -18, -30, -10, -4, 6, 10
13,-11:-4, -6, 6, -8, -12, -18, -30, -10, -4, 12, -4
13,-11:-4, -6, 6, -8, -12, -18, -30, -10, -4, 12, 6
14,-4:-4, -6, 6, -8, -12, -18, -28, -22, -16, -4, 2
14,-4:-4, -6, 6, -8, -12, -18, -28, -22, -16, 4, -4
14,-4:-4, -6, 6, -8, -12, -18, -28, -22, -4, 2, -16
9,-10:-4, -6, 6, -8, -12, -8, 0, -2, -18, -6, -2
9,-10:-4, -6, 6, -8, -12, -8, 0, -2, -18, -6, 0
9,-10:-4, -6, 6, -8, -12, -8, 0, -2, -18, -6, 2
-4,-9:-4, -6, 6, -8, -12, 10, 4, -14, -20, 2, -2
-2,-12:-4, -6, 6, -8, -12, 10, 4, -14, -20, 6, -8
7,1:-4, -6, 6, -8, -10, -20, -4, 2, 2, 0, -4
7,-14:-4, -6, 6, -8, -10, 0, -18, -30, -32, -30, -12
8,7:-4, -6, 6, -8, 0, 4, 0, 2, -10, 2, -12
10,7:-4, -6, 6, -8, 0, 10, 2, 0, -12, -24, -14
-11,6:-4, -6, 6, -2, -14, 12, 10, 22, 26, 6, 14
5,-7:-4, -6, 6, -2, -10, -4, -4, 2, 6, -10, 14
5,-7:-4, -6, 6, -2, -10, -4, -4, 2, 6, -10, 16
5,-7:-4, -6, 6, -2, -10, -4, -4, 2, 6, -10, 18
5,-7:-4, -6, 6, -2, -10, -4, -4, 2, 6, 14, -10
-11,6:-4, -6, 6, -2, 12, 10, 22, 26, 6, 14, -14
-11,6:-4, -6, 6, -2, 12, 10, 22, 26, 6, 14, -6
3,1:-4, -6, 6, 0, -8, -18, -20, -10, 10, -8, -10
-2,-4:-4, -6, 6, 0, -8, -12, -20, 8, 4, 10, 4
-2,-4:-4, -6, 6, 0, -8, -12, 8, 4, 10, 4, -20
-2,-4:-4, -6, 6, 0, -8, -12, 8, 4, 10, 4, -10
0,-6:-4, -6, 6, 0, -8, -4, 10, -14, -12, -4, -14
0,-6:-4, -6, 6, 0, -8, -4, 10, -14, -12, -4, -12
0,-6:-4, -6, 6, 0, -8, -4, 10, -14, -12, -4, -10
0,-6:-4, -6, 6, 0, -8, -4, 10, -14, -8, -4, -20
0,-6:-4, -6, 6, 0, -8, -4, 10, -14, -8, -4, -10
0,-6:-4, -6, 6, 0, -8, -4, 10, -6, -6, -4, -12
0,-6:-4, -6, 6, 0, -8, -4, 10, -6, -6, -4, -10
0,-6:-4, -6, 6, 0, -8, -4, 10, -6, -6, -4, -8
2,-2:-4, -6, 6, 0, -8, -2, -8, 4, -6, 8, -2
7,-15:-4, -6, 6, 0, -8, -2, -2, 10, -20, -8, -20
8,-4:-4, -6, 6, 0, -8, 8, 14, 0, -2, -20, 2
27,6:-4, -6, 6, 0, -8, 10, -2, -12, 4, -6, 0
27,6:-4, -6, 6, 0, -8, 10, -2, -12, 4, -6, 2
27,6:-4, -6, 6, 0, -8, 10, -2, -12, 4, -6, 4
4,-6:-4, -6, 6, 0, -8, 10, 6, -16, 10, -8, 6
4,-6:-4, -6, 6, 0, -8, 10, 6, -16, 10, -8, 8
4,-6:-4, -6, 6, 0, -8, 10, 6, -16, 10, -8, 10
2,1:-4, -6, 6, 0, -8, 14, -10, -20, -2, -4, 2
5,-5:-4, -6, 6, 0, -8, 14, -10, -8, -10, -8, -8
2,1:-4, -6, 6, 0, -8, 14, -10, -2, -4, 2, -20
2,1:-4, -6, 6, 0, -8, 14, -10, -2, -4, 2, -10
11,-5:-4, -6, 6, 0, -8, 14, -6, -16, -14, -22, -14
-1,-6:-4, -6, 6, 0, -2, -30, -4, -14, 0, -2, -2
2,-13:-4, -6, 6, 0, -2, -30, -4, -14, 0, 14, -8
0,5:-4, -6, 6, 0, 8, -2, -4, -10, 6, -2, -8
3,13:-4, -6, 6, 0, 8, 4, 16, 14, 0, 20, 12
0,11:-4, -6, 6, 0, 8, 4, 16, 20, 0, 8, -14
0,11:-4, -6, 6, 0, 8, 4, 16, 20, 0, 8, -4
8,2:-4, -6, 6, 4, -8, -18, -14, -20, -16, 0, -20
-5,-12:-4, -6, 6, 4, -8, -16, -8, -6, -16, -8, -2
-5,-12:-4, -6, 6, 4, -8, -16, -8, -6, -16, -8, 8
-5,-12:-4, -6, 6, 4, -8, -16, -8, -6, -16, -2, -8
-5,-12:-4, -6, 6, 4, -8, -16, -8, -6, -16, -2, -4
0,8:-4, -6, 6, 4, -8, -16, 2, 8, -8, -6, 2
-1,2:-4, -6, 6, 4, -8, -12, -20, -8, 0, 8, 0
13,-5:-4, -6, 6, 4, -8, -12, -6, 0, -14, -20, -24
3,0:-4, -6, 6, 4, -8, -4, -4, -14, -10, -16, -10
8,4:-4, -6, 6, 4, -8, -2, 10, 0, -2, 0, -2
12,-6:-4, -6, 6, 4, 10, 0, -8, -18, -10, -14, -26
12,-6:-4, -6, 6, 4, 10, 0, -8, -18, -10, -14, -24
1,-3:-4, -6, 6, 4, 10, 10, 0, 16, -4, 14, -2
1,-3:-4, -6, 6, 4, 10, 10, 0, 16, -4, 14, 0
1,-3:-4, -6, 6, 4, 10, 10, 0, 16, -4, 14, 2
1,-3:-4, -6, 6, 4, 10, 10, 0, 16, 0, -2, 20
1,-3:-4, -6, 6, 4, 10, 10, 0, 16, 0, 20, -2
1,-3:-4, -6, 6, 4, 10, 10, 0, 16, 0, 20, 0
1,-3:-4, -6, 6, 4, 10, 10, 0, 16, 0, 20, 2
-1,-7:-4, -6, 6, 6, 2, -8, -4, -6, 2, 0, -4
-2,-4:-4, -6, 6, 6, 12, 10, 10, 8, 0, 10, 12
-2,-4:-4, -6, 6, 6, 12, 10, 10, 8, 0, 10, 14
-2,-4:-4, -6, 6, 6, 12, 10, 10, 8, 0, 10, 16
-2,-4:-4, -6, 6, 6, 12, 10, 10, 14, 0, 6, 8
-2,-4:-4, -6, 6, 6, 12, 10, 10, 14, 0, 6, 10
-2,-4:-4, -6, 6, 6, 12, 10, 10, 14, 0, 6, 12
-2,-4:-4, -6, 6, 6, 12, 10, 10, 14, 4, 0, 6
-2,-4:-4, -6, 6, 6, 12, 10, 10, 14, 4, 0, 8
-2,-4:-4, -6, 6, 6, 12, 10, 10, 14, 4, 0, 10
-2,-4:-4, -6, 6, 6, 12, 10, 12, 0, 6, 16, 10
-2,-4:-4, -6, 6, 6, 12, 10, 12, 0, 6, 16, 12
-2,-4:-4, -6, 6, 6, 12, 10, 12, 0, 6, 16, 14
-2,-4:-4, -6, 6, 6, 12, 10, 16, 0, 8, 12, 4
-2,-4:-4, -6, 6, 6, 12, 18, 8, -2, 4, 0, 26
-2,-4:-4, -6, 6, 6, 12, 18, 8, -2, 4, 0, 28
-2,-4:-4, -6, 6, 6, 12, 18, 8, -2, 4, 0, 30
-2,-4:-4, -6, 6, 6, 12, 18, 18, 0, 8, 18, 12
-2,-4:-4, -6, 6, 6, 12, 18, 18, 0, 8, 18, 14
-2,-4:-4, -6, 6, 6, 12, 18, 18, 0, 8, 18, 16
-1,6:-4, -6, 6, 10, -14, -4, -12, -14, 0, -4, 10
-1,6:-4, -6, 6, 10, -14, -4, -12, -14, 0, 10, -4
-1,6:-4, -6, 6, 10, -14, -4, -12, -14, 0, 10, 0
-3,8:-4, -6, 6, 10, -14, -4, -12, -2, 0, 14, -14
-3,8:-4, -6, 6, 10, -14, -4, -12, -2, 0, 14, -4
-1,6:-4, -6, 6, 10, -14, -4, -12, 0, 0, 10, -14
-1,6:-4, -6, 6, 10, -14, -4, -12, 0, 0, 10, -4
-3,8:-4, -6, 6, 10, -14, -4, -2, -2, -2, 14, 0
-3,8:-4, -6, 6, 10, -14, -4, -2, -2, -2, 14, 2
-3,8:-4, -6, 6, 10, -14, -4, -2, -2, -2, 14, 4
-4,5:-4, -6, 6, 10, -14, -4, -2, -2, 10, 14, 6
-3,4:-4, -6, 6, 10, -14, -4, -2, 18, 6, 0, 14
5,18:-4, -6, 6, 10, -14, -4, 4, 4, 10, -2, 16
6,-9:-4, -6, 6, 10, -10, -14, 2, 2, 0, -14, -18
8,-8:-4, -6, 6, 10, -10, -14, 2, 2, 10, 2, -14
8,4:-4, -6, 6, 10, -10, -14, 12, 14, 2, -6, -4
5,-7:-4, -6, 6, 10, -10, 0, -4, 2, -12, -6, -2
5,-7:-4, -6, 6, 10, -10, 0, -4, 2, -12, -6, 0
5,-7:-4, -6, 6, 10, -10, 0, -4, 2, -12, -6, 2
5,-7:-4, -6, 6, 10, -10, 0, -4, 2, -8, -4, -10
5,-7:-4, -6, 6, 10, -10, 0, -4, 2, -8, -4, -8
5,-7:-4, -6, 6, 10, -10, 0, -4, 2, -8, -4, -6
6,-5:-4, -6, 6, 10, -10, 0, 2, 2, 10, 2, -6
6,-5:-4, -6, 6, 10, -10, 0, 2, 2, 10, 2, -2
6,5:-4, -6, 6, 10, -10, 2, 2, 8, -8, -14, -12
6,5:-4, -6, 6, 10, -10, 2, 2, 8, -8, -14, -10
6,5:-4, -6, 6, 10, -10, 2, 2, 8, -8, -14, -8
8,-5:-4, -6, 6, 10, -6, -16, -16, -22, -30, -10, 2
30,2:-4, -6, 6, 10, -6, -16, -16, -4, 6, -10, -4
7,-3:-4, -6, 6, 10, -4, 2, -2, -12, 8, 18, -4
-5,4:-4, -6, 6, 10, -4, 12, 4, 22, 0, -8, 20
-5,4:-4, -6, 6, 10, -4, 12, 4, 22, 0, 20, -8
13,3:-4, -6, 6, 10, 0, 12, 4, 10, 4, -4, 24
13,3:-4, -6, 6, 10, 0, 12, 4, 10, 4, 24, -4
13,3:-4, -6, 6, 10, 0, 12, 4, 18, 4, -4, 18
13,3:-4, -6, 6, 10, 0, 12, 4, 18, 4, -4, 20
13,3:-4, -6, 6, 10, 0, 12, 4, 18, 4, -4, 22
13,3:-4, -6, 6, 10, 0, 12, 14, 4, -4, 6, 14
13,3:-4, -6, 6, 10, 0, 12, 14, 4, -4, 10, 12
13,3:-4, -6, 6, 10, 0, 12, 14, 4, -4, 10, 22
13,3:-4, -6, 6, 10, 0, 12, 14, 4, -4, 16, 8
13,3:-4, -6, 6, 10, 0, 12, 14, 4, -4, 16, 12
13,3:-4, -6, 6, 10, 0, 12, 14, 4, -4, 22, 10
13,3:-4, -6, 6, 10, 0, 12, 14, 4, -4, 22, 14
-1,7:-4, -6, 6, 10, 12, -6, -10, -4, 20, 14, 22
-1,7:-4, -6, 6, 10, 12, -6, -10, -4, 20, 14, 24
-2,3:-4, -6, 6, 10, 12, -6, -8, 14, 8, 0, 8
-1,7:-4, -6, 6, 10, 12, -6, -4, 20, 14, 22, -10
-1,7:-4, -6, 6, 10, 12, -6, -4, 20, 14, 22, -6
8,-7:-4, -6, 6, 10, 12, 14, 2, 2, 6, -6, 4
12,5:-4, 2, 0, -8, -16, -16, -2, -12, 4, -20, -16
3,-8:-4, 2, 0, -8, -14, -14, 4, -14, -8, -4, -2
3,-8:-4, 2, 0, -8, -14, -14, 4, -14, -8, -4, 0
3,-8:-4, 2, 0, -8, -14, -14, 4, -14, -8, -4, 2
10,-8:-4, 2, 0, -8, -14, -14, 4, -10, -2, -16, -4
10,-8:-4, 2, 0, -8, -14, -14, 4, -10, -2, -16, -2
10,-8:-4, 2, 0, -8, -14, -14, 4, -10, -2, -16, 0
10,-8:-4, 2, 0, -8, -14, -14, 4, -10, -2, -2, -16
14,-4:-4, 2, 0, -8, -4, -16, -2, -6, -6, -2, -4
14,-4:-4, 2, 0, -8, -4, -16, -2, 6, -6, -4, 8
14,-4:-4, 2, 0, -8, -4, -16, -2, 6, -6, 8, -4
-4,9:-4, 2, 0, -8, -4, -2, -12, 0, -8, -6, 2
3,5:-4, 2, 0, -8, -4, -2, -10, 4, 0, 0, -10
3,5:-4, 2, 0, -8, -4, -2, -10, 4, 0, 0, -8
4,-14:-4, 2, 0, -8, 4, -36, -18, -14, -20, -26, -32
3,-13:-4, 2, 0, -8, 4, -32, -46, -40, -34, -14, -38
3,-13:-4, 2, 0, -8, 4, -32, -46, -40, -34, -14, -36
3,-13:-4, 2, 0, -8, 4, -32, -46, -40, -34, -14, -34
12,-19:-4, 2, 0, -8, 4, -28, -18, -14, -20, -20, -16
12,-19:-4, 2, 0, -8, 4, -28, -18, -14, -20, -20, -6
12,-19:-4, 2, 0, -8, 4, -18, -12, -16, -28, -26, -24
12,-19:-4, 2, 0, -8, 4, -18, -12, -16, -28, -26, -22
12,-19:-4, 2, 0, -8, 4, -18, -12, -16, -28, -26, -20
7,-6:-4, 2, 2, -8, -16, -16, -16, -22, -30, -10, -8
7,-6:-4, 2, 2, -8, -16, -16, -16, -22, -30, -10, 2
3,8:-4, 2, 2, -8, -16, -16, -10, -6, -18, 0, 8
18,17:-4, 2, 2, -8, -16, -16, -10, -6, -18, 12, 10
18,17:-4, 2, 2, -8, -16, -16, -10, -6, -18, 12, 12
18,17:-4, 2, 2, -8, -16, -16, -10, -6, 12, 10, -18
18,17:-4, 2, 2, -8, -16, -16, -10, -6, 12, 10, -16
18,17:-4, 2, 2, -8, -16, -16, -10, -6, 12, 10, -14
15,11:-4, 2, 2, -8, -16, -16, 4, -14, -2, 2, 6
15,11:-4, 2, 2, -8, -16, -16, 4, -14, -2, 2, 8
15,11:-4, 2, 2, -8, -16, -16, 4, -2, 2, 6, -14
-8,8:-4, 2, 2, -8, -16, -10, -2, -14, 2, 10, 18
-8,8:-4, 2, 2, -8, -16, -10, -2, -14, 2, 18, 10
5,-4:-4, 2, 2, -8, -14, -16, -8, -14, -4, 2, -6
10,-5:-4, 2, 2, -8, -14, -16, -8, -14, -2, -12, -4
10,-5:-4, 2, 2, -8, -14, -16, -8, -14, -2, -12, -2
2,-2:-4, 2, 2, -8, 2, -2, -16, 4, -14, -2, 8
2,-2:-4, 2, 2, -8, 2, -2, -16, 4, -14, -2, 10
2,-2:-4, 2, 2, -8, 2, -2, -16, 4, -14, -2, 12
2,-2:-4, 2, 2, -8, 2, -2, -16, 4, -14, 4, 4
2,-2:-4, 2, 2, -8, 2, -2, -16, 4, -14, 4, 6
2,-2:-4, 2, 2, -8, 2, -2, -16, 4, -14, 4, 8
2,-2:-4, 2, 2, -8, 2, -2, -16, 4, -14, 8, -2
2,-2:-4, 2, 2, -8, 2, -2, -16, 4, -14, 8, 4
-2,-2:-4, 2, 2, -8, 2, -2, -16, 4, -14, 8, 10
12,10:-4, 2, 2, -8, 2, -2, -8, 4, -2, 0, 8
12,10:-4, 2, 2, -8, 2, -2, -8, 4, -2, 0, 10
-1,-1:-4, 2, 2, -8, 2, -2, -8, 4, -2, 6, 2
12,10:-4, 2, 2, -8, 2, -2, -8, 4, -2, 10, 0
13,-5:-4, 2, 6, -14, -18, 6, 10, 10, 6, 14, 12
13,-5:-4, 2, 6, -14, -18, 6, 10, 10, 6, 14, 16
15,4:-4, 2, 6, -14, -8, -12, -22, 4, -22, -24, -16
15,4:-4, 2, 6, -14, -8, -12, -18, 6, 10, 0, 4
15,4:-4, 2, 6, -14, -8, -12, -18, 6, 10, 0, 6
15,4:-4, 2, 6, -14, -8, -12, -18, 10, 2, 12, 6
15,4:-4, 2, 6, -14, -8, -12, -18, 10, 2, 12, 8
15,4:-4, 2, 6, -14, -8, -12, -18, 10, 2, 12, 10
23,2:-4, 2, 6, -14, -8, -12, -12, 4, -18, -12, -28
19,-5:-4, 2, 6, -14, 2, -12, -20, -4, 0, -8, 0
12,-3:-4, 2, 6, -14, 10, 4, -12, -10, -8, -18, -8
12,-3:-4, 2, 6, -14, 10, 4, -12, -10, -8, -18, 2
12,-3:-4, 2, 6, -14, 10, 4, -12, -10, -8, 2, -18
-5,-7:-4, 2, 6, -8, -16, -10, -2, -14, -2, -8, 10
-5,-7:-4, 2, 6, -8, -16, -10, -2, -14, -2, -8, 14
-5,-7:-4, 2, 6, -8, -16, -10, -2, -14, -2, 10, -8
-5,-7:-4, 2, 6, -8, -16, -10, -2, -14, -2, 10, -6
-5,-7:-4, 2, 6, -8, -16, -10, -2, -14, -2, 10, -4
-2,-4:-4, 2, 6, -8, -14, 4, 6, 12, 16, 0, -10
-2,-4:-4, 2, 6, -8, -14, 4, 6, 12, 16, 0, -6
-3,0:-4, 2, 6, -8, -14, 6, 0, 12, 2, 16, 18
-3,0:-4, 2, 6, -8, -14, 6, 0, 12, 2, 16, 20
-3,0:-4, 2, 6, -8, -14, 6, 0, 12, 2, 16, 22
-3,0:-4, 2, 6, -8, -14, 6, 0, 12, 10, 20, 4
-3,0:-4, 2, 6, -8, -14, 6, 0, 12, 10, 20, 6
-3,0:-4, 2, 6, -8, -14, 6, 0, 12, 10, 20, 8
1,-8:-4, 2, 6, -8, 6, -2, -16, -26, -20, -6, 2
1,-8:-4, 2, 6, -8, 6, -2, -16, -26, -20, -6, 4
1,-8:-4, 2, 6, -8, 6, -2, -16, -26, -20, -6, 6
1,-8:-4, 2, 6, -8, 6, -2, -16, -18, -12, -6, -26
1,-8:-4, 2, 6, -8, 6, -2, -16, -18, -12, -6, -16
1,-8:-4, 2, 6, -8, 6, -2, -16, -10, -10, -6, -24
1,-8:-4, 2, 6, -8, 6, -2, -16, -10, -10, -6, -14
12,-19:-4, 2, 6, -8, 6, 4, -28, -22, -20, 2, 4
12,-19:-4, 2, 6, -8, 6, 4, -28, -22, -20, 2, 6
12,-19:-4, 2, 6, -8, 6, 4, -28, -22, -20, 2, 8
8,-3:-4, 2, 6, 0, -8, -16, 14, -6, -8, 8, 0
8,-3:-4, 2, 6, 0, -8, -16, 14, 4, -6, 8, -4
8,-3:-4, 2, 6, 0, -8, -16, 14, 4, -6, 8, -2
8,-3:-4, 2, 6, 0, -8, -16, 14, 4, -6, 8, 0
3,-8:-4, 2, 6, 0, -8, -14, -14, 4, -14, -8, 14
7,-1:-4, 2, 6, 0, -8, -14, 0, -10, -14, 0, 10
7,-1:-4, 2, 6, 0, -8, -14, 0, -10, -14, 10, 0
7,-1:-4, 2, 6, 0, -8, -14, 0, -10, -14, 10, 2
7,-1:-4, 2, 6, 0, -8, -14, 0, -10, -14, 10, 4
11,1:-4, 2, 6, 0, -8, -4, -16, -16, -22, -30, 10
11,1:-4, 2, 6, 0, -8, -4, -16, -16, -22, 10, -30
11,1:-4, 2, 6, 0, -8, -4, -16, -16, -22, 10, -26
-7,5:-4, 2, 6, 0, -8, -4, -10, 14, 18, -6, 6
-7,5:-4, 2, 6, 0, -8, -4, 14, 18, -6, 6, -12
-7,5:-4, 2, 6, 0, -8, -4, 14, 18, -6, 6, -10
-7,5:-4, 2, 6, 0, -8, -4, 14, 18, -6, 6, -8
-7,5:-4, 2, 6, 0, -8, -4, 14, 18, -6, 8, -8
-7,5:-4, 2, 6, 0, -8, -4, 14, 18, -6, 8, 2
-7,5:-4, 2, 6, 0, -8, 2, 14, 18, -6, 6, -6
-7,5:-4, 2, 6, 0, -8, 2, 14, 18, -6, 6, 4
-7,5:-4, 2, 6, 0, -8, 2, 14, 18, -6, 8, 0
-7,5:-4, 2, 6, 0, -8, 2, 14, 18, 6, -14, 6
-7,5:-4, 2, 6, 0, -8, 2, 14, 18, 6, -14, 8
-7,5:-4, 2, 6, 0, -8, 2, 14, 18, 6, 6, -14
-7,5:-4, 2, 6, 0, -8, 2, 14, 18, 6, 6, -12
-7,5:-4, 2, 6, 0, -8, 2, 14, 18, 6, 6, -6
21,7:-4, 2, 6, 0, -4, -22, -26, 4, -26, -28, -20
21,7:-4, 2, 6, 0, -4, -22, -22, 2, 0, 6, 2
21,7:-4, 2, 6, 0, -4, -22, -22, 2, 8, 8, -6
21,7:-4, 2, 6, 0, -4, -22, -22, 2, 8, 8, 4
21,7:-4, 2, 6, 0, -4, -22, -22, 12, 2, 12, 6
21,7:-4, 2, 6, 0, -4, -22, -22, 12, 2, 12, 8
21,7:-4, 2, 6, 0, -4, -22, -22, 12, 2, 12, 10
21,7:-4, 2, 6, 0, -4, -22, -22, 12, 12, 14, 6
12,-8:-4, 2, 6, 0, -4, -18, -8, -18, 4, -18, -40
12,-8:-4, 2, 6, 0, -4, -18, -8, -18, 4, -18, -38
12,-8:-4, 2, 6, 0, -4, -18, -8, -18, 4, -18, -36
12,-8:-4, 2, 6, 0, -4, -8, -12, 12, 0, -18, 0
12,-8:-4, 2, 6, 0, -4, -8, -8, -6, 4, -18, -2
12,-8:-4, 2, 6, 0, -4, -8, -8, -6, 4, -18, 0
12,-8:-4, 2, 6, 0, -4, -8, -8, -6, 4, -18, 2
12,-8:-4, 2, 6, 0, -4, -8, -8, 4, 2, -18, 0
12,-8:-4, 2, 6, 0, -4, -8, 4, 2, -18, 0, -8
12,-8:-4, 2, 6, 0, -4, -8, 4, 2, -18, 0, -6
12,-8:-4, 2, 6, 0, -4, -8, 4, 2, -18, 0, -4
13,9:-4, 2, 6, 0, -4, -8, 12, 0, -14, 4, 0
13,9:-4, 2, 6, 0, -4, -8, 12, 0, -14, 4, 4
12,-8:-4, 2, 6, 0, -4, -6, -20, -4, -8, -18, -36
12,-8:-4, 2, 6, 0, -4, -6, -20, -4, -8, -18, -26
0,4:-4, 2, 6, 0, 8, -4, -4, -14, -6, 2, 24
0,4:-4, 2, 6, 0, 8, -4, -4, -14, -6, 2, 26
0,4:-4, 2, 6, 0, 8, -4, -4, -14, -6, 2, 28
0,4:-4, 2, 6, 0, 8, -4, -4, -14, -6, 24, 2
0,4:-4, 2, 6, 0, 8, -4, -4, -6, 2, 24, -14
0,4:-4, 2, 6, 0, 8, -4, -4, -6, 2, 24, -4
6,7:-4, 2, 6, 0, 8, -2, 6, 6, 0, 6, -14
6,2:-4, 2, 6, 0, 8, -2, 14, 4, 10, 8, 8
-4,-2:-4, 2, 6, 0, 8, 4, -10, -4, 8, -8, -22
-4,-2:-4, 2, 6, 0, 8, 4, -10, -4, 8, -8, -18
2,25:-4, 2, 6, 0, 8, 4, -10, 16, 16, 10, 4
2,-2:-4, 2, 6, 0, 8, 12, 10, 2, -14, 2, -2
2,-2:-4, 2, 6, 0, 8, 12, 10, 2, -14, 6, -2
11,-3:-4, 2, 6, 0, 8, 14, 8, -2, -2, 8, 12
11,-3:-4, 2, 6, 0, 8, 14, 8, -2, -2, 8, 14
11,-3:-4, 2, 6, 0, 8, 14, 8, -2, -2, 8, 16
10,-2:-4, 2, 6, 0, 14, -16, -18, -22, -26, 0, 6
10,-11:-4, 2, 6, 0, 14, -16, -18, -22, -24, -16, -14
17,-10:-4, 2, 6, 0, 14, -16, -18, -22, -16, -12, -16
0,-2:-4, 2, 6, 4, 10, -8, -4, -10, -8, -10, 0
0,-2:-4, 2, 6, 4, 10, -8, -4, -10, -8, 0, -10
17,-3:-4, 2, 6, 4, 10, 0, -8, 2, -2, -14, -4
17,-3:-4, 2, 6, 4, 10, 0, -8, 2, -2, -14, 0
17,-3:-4, 2, 6, 4, 10, 0, -8, 2, -2, -4, -14
9,11:-4, 2, 6, 4, 10, 10, 18, 14, 18, 0, 4
4,-5:-4, 2, 6, 6, 2, -8, -14, -8, -4, -10, 6
14,12:-4, 2, 6, 6, 2, -4, -14, -6, 14, 0, 10
14,12:-4, 2, 6, 6, 2, -4, -14, -6, 14, 0, 20
14,12:-4, 2, 6, 6, 2, -4, -14, -6, 14, 10, 0
8,0:-4, 2, 6, 6, 12, -14, -8, -10, -4, -4, 12
14,12:-4, 2, 6, 6, 12, 2, 16, 8, 2, -6, 12
-5,8:-4, 2, 6, 6, 12, 10, 10, 4, -8, -2, 16
-5,8:-4, 2, 6, 6, 12, 10, 10, 4, -8, 16, -2
-2,-4:-4, 2, 6, 6, 12, 16, 0, -8, -16, -12, -8
-2,-4:-4, 2, 6, 6, 12, 16, 0, -8, -16, -12, 2
-2,-4:-4, 2, 6, 6, 12, 16, 0, -8, -4, -10, -6
-2,-4:-4, 2, 6, 6, 12, 16, 0, -8, -4, -10, 4
-2,-4:-4, 2, 6, 6, 12, 16, 0, -8, 4, -28, -6
-2,-4:-4, 2, 6, 6, 12, 16, 0, -8, 4, -28, -4
-2,-4:-4, 2, 6, 6, 12, 16, 0, -8, 4, -28, -2
-2,-4:-4, 2, 6, 6, 12, 16, 0, -8, 4, -6, -28
-2,-4:-4, 2, 6, 6, 12, 16, 0, -8, 4, -6, -26
-2,-4:-4, 2, 6, 6, 12, 16, 0, -8, 4, -6, -24
3,-1:-4, 4, -10, -12, -14, 4, 8, -4, -8, 10, 4
15,-3:-4, 4, -10, -12, -12, -12, -4, -10, -2, 2, -4
15,-3:-4, 4, -10, -12, -12, -12, -4, -10, -2, 2, 0
15,-3:-4, 4, -10, -12, -12, -12, -4, -10, 0, -2, 2
-2,-4:-4, 4, -10, -12, -12, 6, 6, 12, 16, 0, -10
-2,-4:-4, 4, -10, -12, -12, 6, 6, 12, 16, 0, -8
-2,-4:-4, 4, -10, -12, -12, 6, 6, 12, 16, 0, -6
5,4:-4, 4, -10, -12, 6, -14, 6, 10, -2, -6, 2
-5,-1:-4, 4, -10, -12, 6, -4, -14, -2, -10, 10, -8
-5,-1:-4, 4, -10, -12, 6, -4, -14, -2, -10, 10, -6
-5,-1:-4, 4, -10, -12, 6, -4, -14, -2, -10, 10, -4
7,4:-4, 4, -10, -12, 6, -4, -8, 2, 8, -10, -20
7,4:-4, 4, -10, -12, 6, -4, -8, 2, 8, -10, -10
-2,-5:-4, 4, -10, -12, 6, -4, 10, -2, 10, 8, 0
7,3:-4, 4, -10, -12, 6, 4, -14, -10, 2, 6, -2
19,2:-4, 4, -10, -8, -18, -18, -4, -8, 6, -22, -10
19,2:-4, 4, -10, -8, -18, -18, -4, -8, 6, -22, -8
8,11:-4, 4, -10, -8, -18, -12, -4, 6, 6, -16, -4
-4,-2:-4, 4, -10, -8, -16, -18, 0, -22, -10, -10, 4
12,0:-4, 4, -10, -8, -16, -10, -6, -10, -10, 0, 0
-3,-3:-4, 4, -10, -8, -16, -10, -6, -2, -14, -2, 6
-3,-3:-4, 4, -10, -8, -16, -10, -6, -2, -14, -2, 8
-3,-3:-4, 4, -10, -8, -16, -10, -6, -2, -14, -2, 10
-3,-3:-4, 4, -10, -8, -16, -10, -6, -2, -14, 6, 2
-3,-3:-4, 4, -10, -8, -16, -10, -6, -2, -14, 6, 4
-3,-3:-4, 4, -10, -8, -16, -10, -6, -2, -14, 6, 6
-3,-3:-4, 4, -10, -8, -16, -10, -6, -2, -14, 8, -2
-3,-3:-4, 4, -10, -8, -16, -10, -6, -2, -14, 8, 8
-3,-3:-4, 4, -10, -8, -16, -10, -6, -2, -2, 6, -14
-3,-3:-4, 4, -10, -8, -16, -10, -6, -2, -2, 6, -12
-3,-3:-4, 4, -10, -8, -16, -10, -6, -2, -2, 6, -10
-3,-3:-4, 4, -10, -8, -16, -10, -6, -2, 6, -8, -20
-3,-3:-4, 4, -10, -8, -16, -10, -6, -2, 6, -8, -12
18,0:-4, 4, -10, -8, -6, -18, -22, -4, -10, -2, 2
18,0:-4, 4, -10, -8, -6, -18, -22, -4, -10, -2, 4
18,0:-4, 4, -10, -8, -6, -18, -22, -4, -10, -2, 6
13,4:-4, 4, -10, -8, -6, -4, -12, 2, -2, 4, -4
15,11:-4, 4, -10, -8, 0, -4, -10, 2, -4, -2, 6
22,4:-4, 4, -10, 0, -8, -16, -16, -16, -18, -20, -28
12,0:-4, 4, -10, 0, -8, -16, -10, -6, -10, -10, 0
4,5:-4, 4, -10, 0, -8, -16, 0, -6, 2, -4, 0
10,-5:-4, 4, -10, 0, -8, -6, -18, -18, -24, -32, -12
39,3:-4, 4, -10, 2, -16, -26, -40, -8, -32, -38, -34
12,-3:-4, 4, -10, 2, -16, -24, -16, -14, -2, -6, -12
4,-7:-4, 4, -10, 2, -16, -18, -6, -20, -24, -26, -8
4,-7:-4, 4, -10, 2, -16, -18, -6, -20, -24, -8, -26
4,-7:-4, 4, -10, 2, -16, -18, -6, -20, -20, -8, -30
4,-7:-4, 4, -10, 2, -16, -18, -6, -20, -20, -8, -24
13,2:-4, 4, -10, 2, -16, -18, -4, -6, -2, -22, -14
1,-6:-4, 4, -10, 6, 0, -4, 8, 4, 10, 4, -4
0,8:-4, 4, -10, 6, 4, 0, 16, 16, 22, 26, 10
13,12:-4, 4, -10, 6, 6, 2, -8, 0, 12, 0, 2
4,-7:-4, 4, -10, 6, 6, 12, 2, -2, -8, 18, 10
4,-7:-4, 4, -10, 6, 6, 12, 2, -2, -8, 18, 12
4,-7:-4, 4, -10, 6, 6, 12, 2, -2, -8, 18, 14
0,5:-4, 4, -10, 6, 6, 12, 6, 10, 16, -14, -20
-2,-4:-4, 4, -10, 6, 6, 12, 16, 0, -16, -18, -10
-2,-4:-4, 4, -10, 6, 6, 12, 16, 0, -6, -16, -14
-2,-4:-4, 4, -10, 6, 6, 12, 16, 0, -6, -16, -12
-2,-4:-4, 4, -10, 6, 6, 12, 16, 0, -6, -16, -10
5,-6:-4, 4, -2, -14, -8, 0, -10, 6, 2, 4, -4
7,12:-4, 4, -2, -12, -6, 2, -2, 10, 14, -6, 2
7,-9:-4, 4, -2, -12, -2, -2, -10, 8, -2, -16, -12
7,-9:-4, 4, -2, -12, -2, -2, -10, 8, -2, -16, -8
7,-9:-4, 4, -2, -12, -2, -2, -10, 8, -2, -12, -16
7,-9:-4, 4, -2, -12, -2, -2, -10, 8, -2, -12, -14
7,-9:-4, 4, -2, -12, -2, -2, -10, 8, -2, -12, -12
17,-7:-4, 4, -2, -12, -2, -2, -2, -8, -22, -10, 8
17,-7:-4, 4, -2, -12, -2, -2, -2, 8, -8, -22, -10
17,-7:-4, 4, -2, -12, -2, -2, -2, 8, -8, -22, -8
17,-7:-4, 4, -2, -12, -2, -2, -2, 8, -8, -22, -6
8,-9:-4, 4, -2, -12, -2, 8, -10, -6, 4, -6, 12
8,-9:-4, 4, -2, -12, -2, 8, -10, -6, 4, -6, 18
8,-9:-4, 4, -2, -12, -2, 8, -10, -6, 4, 12, -6
13,-5:-4, 4, -2, -12, 0, -10, -6, -18, -22, -4, -10
-12,-3:-4, 4, -2, -12, 6, -12, 6, 6, 0, -8, 12
-1,1:-4, 4, -2, -12, 6, 0, -10, -6, -12, 14, 4
-1,1:-4, 4, -2, -12, 6, 0, -10, -6, 14, 4, -12
-1,1:-4, 4, -2, -12, 6, 0, -10, -6, 14, 4, -8
5,16:-4, 4, -2, -12, 6, 2, -10, -10, -10, 2, -16
1,6:-4, 4, -2, -12, 6, 4, -10, -16, -2, -12, 6
2,1:-4, 4, -2, -12, 6, 4, -10, -6, -12, -4, -14
-2,4:-4, 4, -2, -12, 6, 4, 10, 10, 12, -12, 8
-2,-9:-4, 4, -2, -12, 6, 6, 10, -2, 8, 10, 2
-2,-9:-4, 4, -2, -12, 6, 6, 10, -2, 8, 10, 4
-2,-9:-4, 4, -2, -12, 6, 6, 10, -2, 8, 10, 6
-2,-9:-4, 4, -2, -12, 6, 6, 10, 2, 12, 14, 8
-2,-9:-4, 4, -2, -12, 6, 6, 10, 2, 12, 14, 10
-2,-9:-4, 4, -2, -12, 6, 6, 10, 2, 12, 14, 12
-2,-9:-4, 4, -2, -12, 6, 6, 10, 2, 18, 2, 14
-2,-9:-4, 4, -2, -12, 6, 6, 10, 2, 18, 2, 16
-2,-9:-4, 4, -2, -12, 6, 6, 10, 2, 18, 2, 18
-2,-9:-4, 4, -2, -12, 6, 6, 10, 2, 18, 4, 10
-2,-9:-4, 4, -2, -12, 6, 6, 10, 2, 18, 14, 2
-2,-9:-4, 4, -2, -12, 6, 6, 10, 2, 18, 14, 6
8,-5:-4, 4, -2, -8, -12, -2, -2, -2, -14, -8, -28
8,-5:-4, 4, -2, -8, -12, -2, -2, -2, -14, -8, -24
6,-4:-4, 4, -2, -8, -10, -12, 0, -8, -16, -30, -28
6,-4:-4, 4, -2, -8, -10, -12, 0, -8, -16, -30, -26
6,-4:-4, 4, -2, -8, -10, -12, 0, -8, -16, -30, -24
5,0:-4, 4, -2, -8, -10, -2, -10, 6, -6, 6, 2
17,0:-4, 4, -2, -8, 0, -10, -10, -4, -20, -14, -4
17,0:-4, 4, -2, -8, 0, -10, -10, -4, -20, -14, -2
17,0:-4, 4, -2, -8, 0, -10, -10, -4, -20, -14, 0
17,0:-4, 4, -2, -8, 0, -10, -10, -4, -20, -4, -14
-2,-9:-4, 4, -2, -8, 0, 6, 6, 10, -10, 2, -8
-2,-9:-4, 4, -2, -8, 0, 6, 6, 10, -10, 2, -6
-2,-9:-4, 4, -2, -8, 0, 6, 6, 10, -10, 2, -4
-1,-1:-4, 4, -2, -8, 6, 4, 2, -12, -12, -14, -6
-1,-1:-4, 4, -2, -8, 6, 4, 2, -12, -2, -12, -10
-1,-1:-4, 4, -2, -8, 6, 4, 2, -12, -2, -12, -8
-1,-1:-4, 4, -2, -8, 6, 4, 2, -12, -2, -12, -6
1,6:-4, 4, -2, -8, 6, 6, 2, -16, -10, 4, -8
1,6:-4, 4, -2, -8, 6, 6, 2, -16, -10, 4, -6
1,6:-4, 4, -2, -8, 6, 6, 2, -16, -10, 4, -4
41,-7:-4, 4, -2, 6, 4, 0, -30, -36, -48, -46, -26
41,-7:-4, 4, -2, 6, 4, 0, -30, -36, -48, -46, -22
41,-7:-4, 4, -2, 6, 4, 0, -30, -36, -48, -26, -46
15,-12:-4, 4, -2, 6, 4, 0, -30, -30, -36, -44, -24
-2,-4:-4, 4, -2, 6, 6, 12, 18, -4, 12, 0, 10
-2,-4:-4, 4, -2, 6, 6, 12, 18, -4, 12, 12, 0
-1,0:-4, 4, 4, -6, -14, -2, 4, 16, 22, 14, 6
-1,0:-4, 4, 4, -6, -14, -2, 4, 16, 22, 14, 10
3,14:-4, 4, 4, -6, -14, 4, 4, 4, 0, -10, 0
3,14:-4, 4, 4, -6, -14, 4, 4, 4, 0, -10, 2
3,14:-4, 4, 4, -6, -14, 4, 4, 4, 0, -10, 4
7,-11:-4, 4, 4, -6, -14, 4, 6, -4, -6, -16, 6
7,-11:-4, 4, 4, -6, -14, 4, 6, -4, -6, -16, 8
7,-11:-4, 4, 4, -6, -14, 4, 6, -4, -6, 6, -16
-1,5:-4, 4, 4, -6, 0, 4, -8, -20, -18, 18, -16
-1,5:-4, 4, 4, -6, 0, 4, -8, -20, -18, 18, -14
-1,5:-4, 4, 4, -6, 0, 4, -8, -20, -18, 18, -12
-5,7:-4, 4, 4, -6, 4, -8, -10, -20, 16, 0, 20
-5,7:-4, 4, 4, -6, 4, -8, -10, -20, 16, 0, 24
-5,7:-4, 4, 4, -6, 4, -8, -10, -20, 16, 20, 0
10,17:-4, 4, 4, -6, 4, 22, 12, 6, 6, -8, 2
-2,10:-4, 4, 4, 4, -14, -4, 12, 8, 8, 20, 0
-2,-1:-4, 4, 4, 4, -14, 6, 8, 2, 8, 12, 22
-4,5:-4, 4, 4, 4, -14, 6, 8, 2, 20, -2, 12
7,8:-4, 4, 4, 4, -4, -4, -4, -6, 8, 16, -14
7,8:-4, 4, 4, 4, -4, -4, -4, -6, 8, 16, -4
7,8:-4, 4, 4, 4, -4, -4, 6, -4, 8, 16, -20
7,8:-4, 4, 4, 4, -4, -4, 6, -4, 8, 16, -10
7,8:-4, 4, 4, 4, -4, -4, 12, 6, 8, 16, 0
7,8:-4, 4, 4, 4, -4, -4, 12, 6, 8, 16, 2
7,8:-4, 4, 4, 4, -4, -4, 12, 6, 8, 16, 4
-2,10:-4, 4, 4, 4, -4, 12, 8, 8, 20, 0, -14
-2,10:-4, 4, 4, 4, -4, 12, 8, 8, 20, 0, -4
-2,-1:-4, 4, 4, 4, 6, 8, 2, 8, 12, 22, -14
-2,-1:-4, 4, 4, 4, 6, 8, 2, 8, 12, 22, -4
3,-6:-4, 4, 4, 4, 8, -6, 0, -14, -16, -18, -2
-5,2:-4, 4, 4, 6, 6, 4, -14, 10, 6, 0, 10
-5,2:-4, 4, 4, 6, 6, 4, 10, 6, 0, 10, -14
-5,2:-4, 4, 4, 6, 6, 4, 10, 6, 0, 10, -4
-2,-4:-4, 4, 4, 6, 6, 12, -6, 8, 16, 0, 6
-2,-4:-4, 4, 4, 6, 6, 12, -6, 8, 16, 0, 8
-2,-4:-4, 4, 4, 6, 6, 12, -6, 8, 16, 0, 10
-2,-4:-4, 4, 4, 6, 6, 12, -6, 16, 0, 4, 10
-2,-4:-4, 4, 4, 6, 6, 12, -6, 16, 0, 4, 20
-2,-4:-4, 4, 4, 6, 6, 12, 4, 0, 2, 0, 8
-2,-4:-4, 4, 4, 6, 6, 12, 4, 0, 2, 0, 10
-2,-4:-4, 4, 4, 6, 6, 12, 4, 0, 2, 0, 12
-2,-4:-4, 4, 4, 6, 6, 12, 4, 8, 0, 2, 10
-2,-4:-4, 4, 4, 6, 6, 12, 4, 8, 0, 2, 12
-2,-4:-4, 4, 4, 6, 6, 12, 4, 8, 0, 2, 14
-2,-4:-4, 4, 4, 6, 6, 12, 4, 8, 0, 10, 2
-2,-4:-4, 4, 4, 6, 6, 12, 4, 8, 0, 10, 12
-2,-4:-4, 4, 4, 6, 6, 12, 4, 10, 0, 8, 12
-2,-4:-4, 4, 4, 6, 6, 12, 4, 10, 0, 8, 14
-2,-4:-4, 4, 4, 6, 6, 12, 4, 10, 0, 8, 16
10,8:-4, 4, 4, 6, 6, 12, 6, 10, 8, -10, -18
10,8:-4, 4, 4, 6, 6, 12, 6, 10, 8, -10, -16
10,8:-4, 4, 4, 6, 6, 12, 6, 10, 8, -10, -14
-2,-4:-4, 4, 4, 6, 6, 12, 10, 12, -6, 0, 14
-2,-4:-4, 4, 4, 6, 6, 12, 10, 12, -6, 0, 16
5,10:-4, 4, 6, 4, -8, -16, -10, -2, -14, -2, 16
5,10:-4, 4, 6, 4, -8, -16, -10, -2, -14, 16, -2
2,-14:-4, 4, 6, 4, -8, -14, -16, -16, -22, -30, -6
-3,2:-4, 4, 6, 4, -8, -14, -16, 2, 0, 10, 8
-3,2:-4, 4, 6, 4, -8, -14, -16, 2, 0, 10, 12
-3,2:-4, 4, 6, 4, -8, -14, -16, 2, 0, 16, 14
-3,2:-4, 4, 6, 4, -8, -14, -16, 2, 0, 16, 24
3,-8:-4, 4, 6, 4, -8, -14, -14, 4, -14, 0, -8
14,-2:-4, 4, 6, 4, -8, -14, -14, 4, -10, -10, -8
6,4:-4, 4, 6, 4, -8, -14, 6, -8, 2, -10, -14
12,-19:-4, 4, 6, 4, -8, 4, -28, -22, -20, 6, 0
12,-19:-4, 4, 6, 4, -8, 4, -28, -22, -20, 6, 2
12,-19:-4, 4, 6, 4, -8, 4, -28, -22, -20, 6, 4
4,-4:-4, 4, 6, 4, 6, 6, -8, 12, 6, 10, 16
4,-4:-4, 4, 6, 4, 6, 6, -8, 12, 6, 10, 18
4,-4:-4, 4, 6, 4, 6, 6, -8, 12, 6, 10, 20
11,17:-4, 4, 6, 4, 6, 6, -4, 0, 10, -4, 18
11,17:-4, 4, 6, 4, 6, 6, -4, 0, 10, -4, 20
11,17:-4, 4, 6, 4, 6, 6, -4, 0, 10, -4, 22
2,-2:-4, 4, 6, 4, 6, 6, -4, 6, -10, 16, -2
-4,6:-4, 4, 6, 4, 6, 6, -2, -16, 14, 8, 12
11,-6:-4, 4, 6, 4, 6, 6, -2, -2, 6, 6, -6
1,4:-4, 4, 6, 4, 6, 6, -2, 0, -14, -2, -6
-11,-3:-4, 4, 6, 4, 6, 6, -2, 12, 0, -18, -8
-11,-3:-4, 4, 6, 4, 6, 6, -2, 12, 0, -18, -6
-11,-3:-4, 4, 6, 4, 6, 6, -2, 12, 0, -18, -4
-4,6:-4, 4, 6, 4, 6, 6, -2, 14, 8, -18, 0
-4,6:-4, 4, 6, 4, 6, 6, -2, 14, 8, 12, -16
-4,6:-4, 4, 6, 4, 6, 6, -2, 14, 8, 12, -6
14,12:-4, 4, 6, 4, 6, 6, 0, 2, -6, 12, 16
-5,1:-4, 4, 6, 4, 6, 6, 8, 0, -4, 8, -4
-5,1:-4, 4, 6, 4, 6, 6, 8, 0, -4, 8, -2
-5,1:-4, 4, 6, 4, 6, 6, 8, 0, -4, 8, 0
-6,-11:-4, 4, 6, 6, -4, -16, -18, 0, 0, -12, -20
-2,-5:-4, 4, 6, 6, -4, -14, -10, 2, 6, -14, -6
6,-12:-4, 4, 6, 6, -4, -12, -20, -12, -14, -10, -2
-2,-4:-4, 4, 6, 6, 12, 18, 18, 2, -14, 0, -12
-2,-4:-4, 4, 6, 6, 12, 18, 18, 2, -14, 0, -10
-2,-4:-4, 4, 6, 6, 12, 18, 18, 2, -14, 0, -8
-15,20:6, -4, -4, -14, 10, 10, 2, 6, 2, 28, 38
13,11:6, -4, -4, -14, 10, 10, 8, 6, 10, 0, 12
5,-6:6, -4, -4, -12, -8, -14, -22, 2, 4, -12, -16
5,-6:6, -4, -4, -12, -8, -14, -22, 2, 4, -12, -14
5,-6:6, -4, -4, -12, -8, -14, -22, 2, 4, -12, -12
19,-5:6, -4, -4, -12, -8, -14, -20, -20, -4, -6, -10
19,-5:6, -4, -4, -12, -8, -14, -20, -20, -4, -6, 0
19,-5:6, -4, -4, -12, -8, -14, -4, -12, -14, -6, -2
5,-6:6, -4, -4, -12, -8, -14, 2, 4, -24, -8, -24
5,-6:6, -4, -4, -12, -8, -14, 2, 4, -14, -22, -20
5,-6:6, -4, -4, -12, -8, -14, 2, 4, -14, -22, -18
5,-6:6, -4, -4, -12, -8, -14, 2, 4, -14, -22, -16
3,-1:6, -4, -4, -12, -8, -4, -14, -20, -6, -14, -12
3,-1:6, -4, -4, -12, -8, -4, -14, -20, -6, -14, -8
11,-7:6, -4, -4, -12, 4, -6, -8, -8, -8, -12, -4
11,-7:6, -4, -4, -12, 4, -6, -8, -8, -8, -12, -2
11,-7:6, -4, -4, -12, 4, -6, -8, -8, -8, -12, 0
4,6:6, -4, -4, -12, 4, 4, 4, 6, -8, -20, 0
4,6:6, -4, -4, -12, 4, 4, 4, 6, -8, 0, -20
4,6:6, -4, -4, -12, 4, 4, 4, 6, -8, 0, -10
4,8:6, -4, -4, -12, 4, 6, -8, -14, -20, -14, -16
8,11:6, -4, -4, -6, -14, 6, -2, -22, -10, -20, 2
17,-20:6, -4, -4, -6, -8, -4, -14, -2, -34, -28, -26
17,-20:6, -4, -4, -6, -8, -4, -14, -2, -28, -28, -34
8,3:6, -4, -4, -6, 0, -8, -12, 0, 4, -16, -8
1,-1:6, -4, -4, -6, 6, 6, 12, 10, 12, 0, 10
1,-1:6, -4, -4, -6, 6, 6, 12, 10, 12, 0, 12
1,-1:6, -4, -4, -6, 6, 6, 12, 10, 12, 0, 14
1,-1:6, -4, -4, -6, 6, 6, 12, 10, 16, 0, 4
1,-1:6, -4, -4, -6, 6, 6, 12, 10, 16, 0, 14
1,-1:6, -4, -4, -6, 6, 6, 12, 18, 18, 0, 12
1,-1:6, -4, -4, -6, 6, 6, 12, 18, 18, 0, 14
1,-1:6, -4, -4, -6, 6, 6, 12, 18, 18, 0, 16
0,11:6, -4, -4, -6, 6, 10, -14, -4, -2, -4, 14
0,11:6, -4, -4, -6, 6, 10, -14, -4, -2, 14, -4
0,11:6, -4, -4, -6, 6, 10, -14, -4, -2, 14, 0
9,8:6, -4, -4, -6, 6, 10, -14, 2, 2, 8, -8
13,13:6, -4, -4, -6, 6, 10, -10, 0, 4, -14, -10
17,7:6, -4, -4, -6, 6, 10, 2, -6, 2, 0, -2
15,-16:6, -4, -4, 2, 0, -8, 4, -28, -22, -16, -20
18,2:6, -4, -4, 2, 2, -8, -4, -16, -20, -2, -8
18,7:6, -4, -4, 2, 6, -14, -8, -12, -22, 4, -20
18,7:6, -4, -4, 2, 6, -14, -8, -12, -22, 4, -18
18,7:6, -4, -4, 2, 6, -14, -8, -12, -22, 4, -16
18,7:6, -4, -4, 2, 6, -14, -8, -12, -18, 0, 2
18,7:6, -4, -4, 2, 6, -14, -8, -12, -18, 6, 0
18,7:6, -4, -4, 2, 6, -14, -8, -12, -18, 6, 6
18,7:6, -4, -4, 2, 6, -14, -8, -12, -18, 6, 8
18,7:6, -4, -4, 2, 6, -14, -8, -12, -18, 10, 6
18,7:6, -4, -4, 2, 6, -14, -8, -12, -18, 10, 8
18,7:6, -4, -4, 2, 6, -14, -8, -12, -18, 10, 10
18,7:6, -4, -4, 2, 6, -14, -8, 0, 4, -2, -12
11,0:6, -4, -4, 2, 6, 0, -8, -16, 14, -4, 8
11,0:6, -4, -4, 2, 6, 0, -8, -16, 14, 8, -4
11,0:6, -4, -4, 2, 6, 0, -8, -16, 14, 8, -2
11,0:6, -4, -4, 2, 6, 0, -8, -16, 14, 8, 0
24,10:6, -4, -4, 2, 6, 0, -4, -22, -26, 4, -24
24,10:6, -4, -4, 2, 6, 0, -4, -22, -26, 4, -22
24,10:6, -4, -4, 2, 6, 0, -4, -22, -26, 4, -20
24,10:6, -4, -4, 2, 6, 0, -4, -22, -22, 12, 6
24,10:6, -4, -4, 2, 6, 0, -4, -22, -22, 12, 8
24,10:6, -4, -4, 2, 6, 0, -4, -22, -22, 12, 10
10,10:6, -4, -4, 2, 6, 6, 2, -4, -14, 2, 6
10,10:6, -4, -4, 2, 6, 6, 2, -4, 2, 6, -14
3,2:6, -4, -4, 4, -10, -12, 6, -14, 6, 0, 10
1,-1:6, -4, -4, 4, -10, -12, 6, 6, 12, 16, 0
4,3:6, -4, -4, 4, -10, 2, -16, -10, -6, -10, 2
1,-1:6, -4, -4, 4, -10, 6, 6, 12, 16, 0, -14
1,-1:6, -4, -4, 4, -10, 6, 6, 12, 16, 0, -12
1,-1:6, -4, -4, 4, -10, 6, 6, 12, 16, 0, -10
1,-6:6, -4, -4, 4, -2, -12, 6, 6, 10, 2, 6
1,-6:6, -4, -4, 4, -2, -12, 6, 6, 10, 2, 10
1,-6:6, -4, -4, 4, -2, -12, 6, 6, 10, 10, 2
1,-6:6, -4, -4, 4, -2, -12, 6, 6, 10, 10, 4
1,-6:6, -4, -4, 4, -2, -12, 6, 6, 10, 10, 6
2,2:6, -4, -4, 4, -2, -8, 6, 4, 2, -12, -10
2,2:6, -4, -4, 4, -2, -8, 6, 4, 2, -12, -8
2,2:6, -4, -4, 4, -2, -8, 6, 4, 2, -12, -6
4,2:6, -4, 6, -4, -4, -6, 6, 6, 12, 16, 0
9,4:6, -4, 6, -4, -4, 4, -2, -12, -2, -2, -12
13,14:6, -4, 6, -4, -4, 4, 4, 4, 6, 8, 16
13,9:6, -4, 6, -4, 6, 6, 8, -4, -8, 10, 4
2,1:6, -4, 6, 6, -4, -4, -4, -10, -18, 2, 4
2,1:6, -4, 6, 6, -4, -4, -4, -10, -18, 2, 14
-2,15:6, -4, 6, 6, -4, -4, 2, 6, -6, 12, 20
13,24:6, -4, 6, 6, -4, -4, 2, 6, -6, 24, 22
13,24:6, -4, 6, 6, -4, -4, 2, 6, -6, 24, 24
13,24:6, -4, 6, 6, -4, -4, 2, 6, 24, 22, -6
13,24:6, -4, 6, 6, -4, -4, 2, 6, 24, 22, -4
13,24:6, -4, 6, 6, -4, -4, 2, 6, 24, 22, -2
10,18:6, -4, 6, 6, -4, -4, 16, -2, 10, 14, 18
10,18:6, -4, 6, 6, -4, -4, 16, -2, 10, 14, 20
10,18:6, -4, 6, 6, -4, -4, 16, 10, 14, 18, -2
-13,15:6, -4, 6, 6, -4, 2, 10, -2, 14, 22, 30
-13,15:6, -4, 6, 6, -4, 2, 10, -2, 14, 30, 22
5,2:6, -4, 6, 6, -2, -4, 4, -2, 10, 0, 8
5,2:6, -4, 6, 6, -2, -4, 4, -2, 10, 0, 10
-3,5:6, -4, 6, 6, 14, 10, -4, 16, -2, 10, 20
-3,5:6, -4, 6, 6, 14, 10, -4, 16, -2, 10, 22
-3,5:6, -4, 6, 6, 14, 10, -4, 16, -2, 10, 24
-3,5:6, -4, 6, 6, 14, 10, -4, 16, -2, 16, 16
-3,5:6, -4, 6, 6, 14, 10, -4, 16, -2, 16, 18
-3,5:6, -4, 6, 6, 14, 10, -4, 16, -2, 16, 20
-3,5:6, -4, 6, 6, 14, 10, -4, 16, -2, 20, 10
-3,5:6, -4, 6, 6, 14, 10, -4, 16, -2, 20, 16
-7,5:6, -4, 6, 6, 14, 10, -4, 16, -2, 20, 22
7,17:6, -4, 6, 6, 14, 10, 4, 16, 10, 12, 20
7,17:6, -4, 6, 6, 14, 10, 4, 16, 10, 12, 22
-6,6:6, -4, 6, 6, 14, 10, 4, 16, 10, 18, 14
7,17:6, -4, 6, 6, 14, 10, 4, 16, 10, 22, 12
-1,-2:6, 6, -4, -4, -4, -10, -18, 2, 10, 6, 14
-16,12:6, 6, -4, -4, -4, 10, -2, 14, 22, 30, 4
3,-3:6, 6, -4, -4, -4, 10, 16, 2, -10, -22, -4
3,-3:6, 6, -4, -4, -4, 10, 16, 2, -10, -22, -2
3,-3:6, 6, -4, -4, -4, 10, 16, 2, -10, -22, 0
3,-3:6, 6, -4, -4, -4, 10, 16, 2, -10, -4, -22
3,-3:6, 6, -4, -4, -4, 10, 16, 2, -10, -4, -20
3,-3:6, 6, -4, -4, -4, 10, 16, 2, -10, -4, -18
7,15:6, 6, -4, -4, -4, 16, -8, 10, 14, 18, -6
7,15:6, 6, -4, -4, -4, 16, -8, 10, 14, 18, -4
7,15:6, 6, -4, -4, -4, 16, -8, 10, 14, 18, -2
-3,7:6, 6, -4, -4, 2, -12, 18, 20, 22, 20, 12
0,11:6, 6, -4, -4, 2, -6, -12, -6, -2, -8, 4
0,11:6, 6, -4, -4, 2, -6, -12, -6, -2, 4, -8
0,11:6, 6, -4, -4, 2, -6, -12, -6, -2, 4, -4
20,0:6, 6, -4, -4, 2, 6, -6, 10, 6, 20, -4
20,0:6, 6, -4, -4, 2, 6, -6, 10, 6, 20, 6
10,21:6, 6, -4, -4, 2, 6, 24, 22, -10, 0, -6
10,21:6, 6, -4, -4, 2, 6, 24, 22, -10, 0, -4
10,21:6, 6, -4, -4, 2, 6, 24, 22, -10, 0, -2
10,21:6, 6, -4, -4, 2, 6, 24, 22, 0, 2, -6
-5,0:6, 6, -4, -4, 2, 10, 0, -12, 8, 10, -12
0,8:6, 6, -4, -4, 2, 10, 14, -12, -6, -2, 0
0,8:6, 6, -4, -4, 2, 10, 14, -12, -6, -2, 2
0,8:6, 6, -4, -4, 2, 10, 14, -12, -6, -2, 4
0,8:6, 6, -4, -4, 2, 10, 14, -12, 2, -2, -2
0,8:6, 6, -4, -4, 2, 10, 14, -12, 2, -2, 0
0,8:6, 6, -4, -4, 2, 10, 14, -12, 2, -2, 2
5,5:6, 6, -4, -4, 2, 10, 16, 2, -8, -2, 4
7,15:6, 6, -4, -4, 16, -8, 10, 0, 14, 18, -6
7,15:6, 6, -4, -4, 16, -8, 10, 0, 14, 18, -4
7,15:6, 6, -4, -4, 16, -8, 10, 0, 14, 18, -2
8,1:6, 6, -4, -4, 16, 0, 16, 14, 22, 16, 18
7,15:6, 6, -4, -4, 16, 10, 2, -2, 14, 18, -2
7,15:6, 6, -4, -4, 16, 10, 2, -2, 14, 18, 2
6,9:6, 6, -4, -4, 16, 10, 24, 14, 0, 2, 12
7,1:6, 6, -4, 0, 10, 0, 16, 6, -2, 4, 0
-3,7:6, 6, -4, 0, 10, 6, 18, 18, 24, 28, 12
2,9:6, 6, -4, 0, 10, 16, 10, 0, 10, 10, 0
6,19:6, 6, -4, 0, 10, 16, 16, 16, 18, 20, 28
-16,12:6, 6, -4, 2, 10, -2, 20, 14, 18, 30, 20
-16,12:6, 6, -4, 2, 10, -2, 20, 14, 18, 30, 22
-16,12:6, 6, -4, 2, 10, -2, 20, 14, 18, 30, 24
-8,3:6, 6, -4, 2, 10, -2, 20, 26, 38, 32, 40
-10,3:6, 6, -4, 2, 10, -2, 34, 48, 16, 32, 38
-10,3:6, 6, -4, 2, 10, -2, 34, 48, 16, 32, 40
-10,3:6, 6, -4, 2, 10, -2, 34, 48, 16, 32, 42
-10,3:6, 6, -4, 2, 10, -2, 34, 48, 16, 38, 32
-10,3:6, 6, -4, 2, 10, -2, 34, 48, 16, 38, 38
-23,8:6, 6, -4, 2, 10, -2, 36, 28, 20, 30, 28
-23,8:6, 6, -4, 2, 10, -2, 36, 28, 20, 30, 30
-23,8:6, 6, -4, 2, 10, -2, 36, 28, 20, 30, 32
-3,-3:6, 6, -4, 2, 10, 6, 4, -6, 8, 16, 2
-5,3:6, 6, -4, 2, 10, 16, 16, -2, -2, 14, 10
-5,3:6, 6, -4, 2, 10, 16, 16, -2, 14, 10, -2
-5,3:6, 6, -4, 2, 10, 16, 16, -2, 14, 10, 0
-5,3:6, 6, -4, 2, 10, 16, 16, -2, 14, 10, 2
-1,-2:6, 6, -2, -4, -4, -10, -18, -2, 8, 2, -12
-1,-2:6, 6, -2, -4, -4, -10, -18, 4, 8, 2, 6
-1,-2:6, 6, -2, -4, -4, -10, -18, 4, 8, 2, 16
-4,4:6, 6, -2, -4, -4, -10, -18, 12, 0, 4, 10
-1,-2:6, 6, -2, -4, -4, -10, -18, 12, 2, 8, 10
-1,-2:6, 6, -2, -4, -4, -10, -18, 12, 2, 8, 12
-1,-2:6, 6, -2, -4, -4, -10, -18, 12, 2, 8, 14
-1,-2:6, 6, -2, -4, -4, -10, -16, -16, 0, 2, 8
-1,-2:6, 6, -2, -4, -4, -10, -16, -16, 0, 2, 10
-1,-2:6, 6, -2, -4, -4, -10, -16, -16, 0, 2, 12
-1,-2:6, 6, -2, -4, -4, -10, -2, -2, -8, 2, -8
-1,-2:6, 6, -2, -4, -4, -10, -2, -2, -8, 2, -4
-1,-2:6, 6, -2, -4, -4, -10, -2, -2, 0, 2, -12
-1,-2:6, 6, -2, -4, -4, -10, -2, -2, 0, 2, -10
-1,-2:6, 6, -2, -4, -4, -10, -2, -2, 0, 2, -8
-1,-2:6, 6, -2, -4, -4, -10, -2, -2, 4, 2, -10
-1,-2:6, 6, -2, -4, -4, -10, -2, -2, 4, 2, 0
-4,4:6, 6, -2, -4, -4, -10, 12, 0, 4, 10, -18
-4,4:6, 6, -2, -4, -4, -10, 12, 0, 4, 10, -14
5,8:6, 6, -2, -4, -4, -2, -2, -6, 0, 6, 16
5,8:6, 6, -2, -4, -4, -2, -2, -6, 0, 16, 6
14,3:6, 6, -2, -4, -4, -2, -2, -6, 8, -6, 6
14,3:6, 6, -2, -4, -4, -2, -2, -6, 8, -6, 16
14,3:6, 6, -2, -4, -4, -2, -2, -6, 8, 16, -6
9,1:6, 6, -2, -4, -4, 4, 0, 10, 18, -2, 6
9,1:6, 6, -2, -4, -4, 4, 0, 10, 18, -2, 8
9,1:6, 6, -2, -4, -4, 4, 0, 10, 18, 4, -2
-6,-2:6, 6, -2, -4, -4, 4, 8, -8, -10, -4, -8
-6,-2:6, 6, -2, -4, -4, 4, 8, -8, -10, -4, -6
-6,-2:6, 6, -2, -4, -4, 4, 8, -8, -10, -4, -4
-6,-2:6, 6, -2, -4, -4, 4, 8, -8, -8, 4, -2
-6,-2:6, 6, -2, -4, -4, 4, 8, -8, -8, 4, 0
-6,-2:6, 6, -2, -4, -4, 4, 8, -8, -8, 4, 2
-6,-2:6, 6, -2, -4, -4, 4, 10, 2, -8, 0, 4
-6,-2:6, 6, -2, -4, -4, 4, 10, 2, -8, 0, 6
-6,-2:6, 6, -2, -4, -4, 4, 10, 2, -8, 0, 8
-6,-2:6, 6, -2, -4, -4, 4, 10, 2, -8, 6, 0
-6,-2:6, 6, -2, -4, -4, 4, 10, 2, -8, 6, 10
2,0:6, 6, -2, -4, -4, 12, 12, 16, 2, -12, -8
2,0:6, 6, -2, -4, -4, 12, 12, 16, 2, -12, -6
-2,6:6, 6, -2, -4, -4, 14, 16, 8, 16, -8, -8
-2,6:6, 6, -2, -4, -4, 14, 16, 8, 16, -8, -4
1,6:6, 6, -2, -4, -2, 4, 4, 6, 4, 0, 8
-16,12:6, 6, -2, -4, -2, 10, -2, 14, 22, 30, 0
-16,12:6, 6, -2, -4, -2, 10, -2, 14, 22, 30, 2
-16,12:6, 6, -2, -4, -2, 10, -2, 14, 22, 30, 4
2,-1:6, 6, -2, -4, 4, -2, 10, 0, 14, 4, 6
2,-1:6, 6, -2, -4, 4, -2, 10, 0, 14, 4, 8
2,-1:6, 6, -2, -4, 4, -2, 10, 0, 14, 4, 10
4,-5:6, 6, -2, -4, 12, 12, 6, 6, 4, -8, -22
2,-5:6, 6, -2, -4, 12, 12, 6, 6, 4, 6, -8
8,5:6, 6, -2, -4, 12, 12, 14, 4, 14, 14, 0
9,7:6, 6, -2, -4, 16, 4, 12, 20, -2, 0, 16
9,7:6, 6, -2, -4, 16, 4, 12, 20, -2, 0, 24
9,7:6, 6, -2, -4, 16, 4, 12, 20, -2, 16, 0
11,5:6, 6, -2, -4, 16, 4, 20, 12, 22, 0, 20
11,5:6, 6, -2, -4, 16, 4, 20, 12, 22, 0, 24
11,5:6, 6, -2, -4, 16, 4, 22, 12, 22, 0, 28
11,5:6, 6, -2, -4, 16, 4, 22, 12, 22, 0, 32
8,-1:6, 6, -2, -2, 8, -2, 2, 10, 22, -16, 12
8,-1:6, 6, -2, -2, 8, -2, 2, 10, 22, -16, 14
8,-1:6, 6, -2, -2, 8, -2, 2, 10, 22, -16, 16
8,-1:6, 6, -2, -2, 8, -2, 2, 10, 22, 12, -16
-4,17:6, 6, -2, 4, 8, 4, 4, 4, 10, -6, 24
-4,17:6, 6, -2, 4, 8, 4, 4, 4, 10, 24, -6
2,2:6, 6, -2, 4, 8, 4, 4, 12, 2, 10, 6
6,21:6, 6, -2, 4, 8, 4, 12, 2, 8, 6, 4
-1,6:6, 6, -2, 4, 10, 12, 14, 2, 10, 18, 24
-1,6:6, 6, -2, 4, 10, 12, 14, 2, 10, 18, 26
-1,6:6, 6, -2, 4, 10, 12, 14, 2, 10, 18, 28
3,7:6, 6, -2, 12, 0, 18, 10, 8, 8, 4, 6
3,18:6, 6, -2, 12, 2, 10, 8, 20, 24, 4, 12
3,18:6, 6, -2, 12, 10, 8, 20, 24, 4, 12, 2
3,18:6, 6, -2, 12, 10, 8, 20, 24, 4, 12, 6
7,1:6, 6, -2, 14, 8, 0, -2, 6, -6, -2, 2
-7,8:6, 6, -2, 14, 8, 10, 10, -2, 6, 14, 0
-7,8:6, 6, -2, 14, 8, 10, 10, -2, 6, 14, 2
-7,8:6, 6, -2, 14, 8, 10, 10, -2, 6, 14, 4
5,4:6, 6, -2, 16, 4, -6, -8, 4, 8, -12, -4
-3,-3:6, 6, 8, -4, -8, -10, -4, 16, 4, 4, -8
1,3:6, 6, 8, -4, -8, -8, -4, -4, -6, -14, 2
8,6:6, 6, 8, -4, -8, 0, 10, 0, -10, 10, 10
8,6:6, 6, 8, -4, -8, 0, 10, 0, -10, 10, 12
-4,5:6, 6, 8, -4, -8, 2, 10, 6, 0, 6, 10
-4,5:6, 6, 8, -4, -8, 2, 10, 6, 0, 6, 12
-4,5:6, 6, 8, -4, -8, 2, 10, 6, 0, 6, 14
-4,5:6, 6, 8, -4, -8, 2, 10, 6, 0, 12, 6
-4,5:6, 6, 8, -4, -8, 2, 10, 6, 0, 12, 10
11,-3:6, 6, 8, -4, -8, 16, 6, 4, -12, 4, -2
11,-3:6, 6, 8, -4, -8, 16, 6, 4, -12, 4, 0
11,-3:6, 6, 8, -4, -8, 16, 6, 14, 4, -12, 0
-1,-2:6, 6, 8, -4, -4, -10, -16, -16, -6, 2, -12
-1,-2:6, 6, 8, -4, -4, -10, -16, -16, -6, 2, -10
-1,-2:6, 6, 8, -4, -4, -10, -16, -16, -6, 2, -8
-1,-2:6, 6, 8, -4, -4, -10, -8, -10, -4, 2, -10
-1,-2:6, 6, 8, -4, -4, -10, -8, -10, -4, 2, -8
-1,-2:6, 6, 8, -4, -4, -10, -8, -10, -4, 2, -6
-1,-2:6, 6, 8, -4, -4, -10, -8, -8, -8, 2, -16
-1,-2:6, 6, 8, -4, -4, -10, -8, -8, -8, 2, -14
-1,-2:6, 6, 8, -4, -4, -10, -8, -8, -8, 2, -12
-1,-2:6, 6, 8, -4, -4, -10, -8, -8, -2, 2, 2
8,3:6, 6, 8, -4, -4, 10, 14, 20, 30, 10, 0
0,1:6, 6, 8, -4, -2, -8, -8, -2, -14, -2, -12
-1,14:6, 6, 8, -4, 2, -6, -14, -8, 0, -12, 14
6,6:6, 6, 8, -4, 2, 10, -12, 12, 4, 12, 12
6,6:6, 6, 8, -4, 2, 10, -12, 12, 4, 12, 22
6,6:6, 6, 8, -4, 2, 10, -12, 12, 4, 22, 12
-3,4:6, 6, 8, -4, 2, 10, -8, -4, 18, -2, 10
-3,0:6, 6, 8, -4, 2, 10, 2, -8, 8, 6, 12
-3,0:6, 6, 8, -4, 2, 10, 2, -8, 8, 6, 14
-3,0:6, 6, 8, -4, 2, 10, 2, -8, 8, 6, 16
-8,13:6, 6, 8, -4, 10, -8, 14, 20, 16, -2, 28
-8,13:6, 6, 8, -4, 10, -8, 14, 20, 16, -2, 32
-8,13:6, 6, 8, -4, 10, -8, 14, 20, 16, 28, -2
-8,13:6, 6, 8, -4, 10, -2, 14, 20, 6, 28, 10
-8,13:6, 6, 8, -4, 10, -2, 14, 20, 6, 28, 12
-8,13:6, 6, 8, -4, 10, -2, 14, 20, 10, 28, 6
-7,9:6, 6, 8, -4, 10, 14, 8, 2, 4, 20, 6
-7,9:6, 6, 8, -4, 10, 14, 8, 2, 4, 20, 10
-8,13:6, 6, 8, -4, 10, 14, 20, 6, 10, 28, 0
7,9:6, 6, 8, 2, 10, 4, 4, 4, 2, 0, -8
-3,5:6, 6, 8, 2, 10, 4, 10, 14, 10, 10, 20
-11,10:6, 6, 8, 2, 10, 4, 20, 14, 22, 16, 20
-5,0:6, 6, 8, 2, 10, 14, 2, 2, -4, -12, 8
-20,14:6, 6, 8, 10, 2, 16, 4, 20, 24, 36, 28
-10,9:6, 6, 8, 10, 4, 20, 16, 0, 8, 6, 6
-10,9:6, 6, 8, 10, 4, 20, 16, 0, 8, 6, 10
-6,10:6, 6, 8, 10, 4, 20, 16, 28, 16, 6, 30
-6,10:6, 6, 8, 10, 4, 20, 16, 28, 16, 30, 6
13,4:6, 6, 8, 10, 12, 4, 0, 10, 12, -10, -22
13,4:6, 6, 8, 10, 12, 4, 0, 10, 12, -10, -18
-6,4:6, 6, 8, 10, 12, 4, 6, 8, 16, 24, 12
-13,12:6, 6, 8, 10, 18, -2, 18, 30, 34, 14, 22
-15,10:6, 6, 8, 10, 18, 12, 20, 26, 30, 28, 16
-13,12:6, 6, 8, 10, 18, 18, 30, 34, 14, 22, -2
-13,12:6, 6, 8, 10, 18, 18, 30, 34, 14, 22, 8
4,15:6, 6, 8, 10, 18, 26, 24, 2, 6, 14, 16
1,5:6, 6, 8, 10, 20, 12, 12, 18, 22, 22, 6
7,-12:6, 6, 14, 6, 4, -4, -8, -10, 16, -16, -4
7,-12:6, 6, 14, 6, 4, -4, -8, -10, 16, -16, 0
-2,11:6, 6, 14, 6, 10, 8, 6, 18, 22, 2, 10
6,9:6, 6, 14, 10, -4, 6, 6, 12, 6, 2, 22
6,9:6, 6, 14, 10, -4, 6, 6, 12, 6, 22, 2
-6,2:6, 6, 14, 10, -4, 16, -2, 10, 26, 20, 20
-6,2:6, 6, 14, 10, -4, 16, -2, 10, 26, 20, 22
-6,2:6, 6, 14, 10, -4, 16, -2, 10, 26, 20, 24
-6,2:6, 6, 14, 10, -4, 16, -2, 10, 26, 24, 22
-6,2:6, 6, 14, 10, -4, 16, -2, 10, 26, 24, 24
-6,2:6, 6, 14, 10, -4, 16, -2, 10, 26, 24, 30
-6,2:6, 6, 14, 10, -4, 16, -2, 10, 26, 30, 28
-6,2:6, 6, 14, 10, -4, 16, -2, 10, 26, 30, 36
-6,2:6, 6, 14, 10, -4, 16, -2, 14, 20, 22, 16
-6,2:6, 6, 14, 10, -4, 16, -2, 14, 20, 22, 18
-6,2:6, 6, 14, 10, -4, 16, -2, 14, 20, 22, 20
-6,2:6, 6, 14, 10, -4, 16, -2, 14, 26, 26, 20
-6,2:6, 6, 14, 10, -4, 16, -2, 14, 26, 26, 22
-6,2:6, 6, 14, 10, -4, 16, -2, 14, 26, 26, 24
-6,2:6, 6, 14, 10, -4, 16, -2, 16, 14, 12, 20
-6,2:6, 6, 14, 10, -4, 16, -2, 16, 24, 14, 16
-6,2:6, 6, 14, 10, -4, 16, -2, 16, 24, 14, 18
-6,2:6, 6, 14, 10, -4, 16, -2, 16, 24, 14, 20
-6,2:6, 6, 14, 10, -4, 16, -2, 26, 20, 16, 20
-6,2:6, 6, 14, 10, -4, 16, -2, 26, 24, 22, 12
-6,2:6, 6, 14, 10, -4, 16, -2, 26, 24, 22, 14
-6,2:6, 6, 14, 10, -4, 16, -2, 26, 24, 22, 16
-10,2:6, 6, 14, 10, -4, 16, -2, 26, 30, 22, 28
-10,2:6, 6, 14, 10, -4, 16, -2, 26, 30, 22, 36
-20,14:6, 6, 14, 10, -4, 16, 4, 20, 28, 36, 0
-20,14:6, 6, 14, 10, -4, 16, 4, 20, 28, 36, 4
0,10:6, 6, 14, 10, -4, 16, 6, 4, 14, 14, 2
-6,2:6, 6, 14, 10, -4, 16, 22, 22, -2, 10, 16
-6,2:6, 6, 14, 10, -4, 16, 22, 22, -2, 10, 18
-6,2:6, 6, 14, 10, -4, 16, 22, 22, -2, 10, 20
0,5:6, 6, 14, 10, 6, 16, 2, 6, 0, 16, 24
0,5:6, 6, 14, 10, 6, 16, 2, 6, 16, 24, 0
0,5:6, 6, 14, 10, 6, 16, 2, 6, 16, 24, 10
-1,0:6, 6, 14, 10, 6, 16, 22, 8, 16, 12, 4
-1,0:6, 6, 14, 10, 6, 16, 22, 8, 16, 12, 6
-1,0:6, 6, 14, 10, 6, 16, 22, 8, 16, 12, 8
-2,8:6, 6, 14, 10, 16, 2, -2, 16, 14, 8, 12
1,15:6, 6, 14, 10, 16, 2, 12, 12, 0, 18, 16
1,15:6, 6, 14, 10, 16, 2, 12, 12, 18, 16, 0
1,15:6, 6, 14, 10, 16, 2, 12, 12, 18, 16, 4
7,14:6, 6, 14, 10, 16, 2, 16, 24, 18, 8, 20
-5,16:6, 6, 14, 10, 16, 6, 14, 16, 8, 0, 2
-5,16:6, 6, 14, 10, 16, 6, 14, 16, 8, 0, 4
-5,16:6, 6, 14, 10, 16, 6, 14, 16, 8, 0, 6
-5,16:6, 6, 14, 10, 16, 6, 14, 16, 8, 2, 6
14,4:6, 6, 16, -16, 4, -4, 12, 2, -6, 0, -4
4,10:6, 6, 16, -16, 4, 2, 14, 14, 20, 24, 8
9,12:6, 6, 16, -16, 4, 12, 6, -4, 6, 6, -4
13,22:6, 6, 16, -16, 4, 12, 12, 12, 14, 16, 24
13,17:6, 6, 16, -16, 14, 14, 16, 4, 0, 18, 12
19,9:6, 6, 16, -8, -18, -18, -28, -26, 4, -4, -2
19,9:6, 6, 16, -8, -18, -18, -28, -26, 4, 2, -2
21,13:6, 6, 16, -8, -18, -8, -18, 4, -4, -4, -6
9,-2:6, 6, 16, -8, -8, -16, -10, -12, 4, -2, 6
15,-3:6, 6, 16, -8, -8, -6, -18, -22, -4, -10, 6
15,-3:6, 6, 16, -8, -8, -6, -18, -22, -4, -10, 8
15,-3:6, 6, 16, -8, -8, -6, -18, -22, -4, -10, 10
15,-3:6, 6, 16, -8, -8, -6, -18, -22, -4, 6, -10
11,10:6, 6, 16, -8, -8, 0, -4, -18, 2, -10, -14
11,10:6, 6, 16, -8, -8, 0, -4, -18, 2, -10, -10
20,-18:6, 6, 16, -8, -8, 0, -4, 0, -38, -36, -30
20,-18:6, 6, 16, -8, -8, 0, -4, 0, -38, -36, -20
20,-18:6, 6, 16, -8, -8, 0, -4, 0, -30, -36, -24
20,-18:6, 6, 16, -8, -8, 0, -4, 0, -30, -36, -22
20,-18:6, 6, 16, -8, -8, 0, -4, 0, -30, -36, -20
