-2,3:-4, -6, 6, -8, -12, -14, 6
-2,3:-4, -6, 6, -8, -12, 6, -14
-2,3:-4, -6, 6, -8, -8, 6, -18
-2,3:-4, -6, 6, -8, -8, 6, -12
4,-8:-4, -6, 6, 10, -4, -6, 6
4,-8:-4, -6, 6, 10, -4, -6, 8
4,-8:-4, -6, 6, 10, -4, -6, 10
4,-8:-4, -6, 6, 10, -4, 6, -6
4,-8:-4, -6, 6, 10, -4, 6, -4
4,-8:-4, -6, 6, 10, -4, 6, -2
10,-4:-4, 2, 6, 0, 14, -12, -4
10,-4:-4, 2, 6, 0, 14, -4, -12
-6,5:6, 6, 8, -4, -8, 6, 4
-2,3:-4, -12, 4, 6, -8, -18, 6, -20
-2,3:-4, -12, 4, 6, -8, -18, 6, -10
-2,3:-4, -6, 6, -8, -18, -20, 6, -8
-2,3:-4, -6, 6, -8, -18, -20, 6, -6
-2,3:-4, -6, 6, -8, -18, -20, 6, -4
-2,3:-4, -6, 6, -8, -10, -20, 6, -12
-2,3:-4, -6, 6, -8, -10, -20, 6, -10
-2,3:-4, -6, 6, -8, -10, -20, 6, -8
-2,3:-4, -6, 6, -8, -8, -16, 6, -20
-2,3:-4, -6, 6, -8, -8, -16, 6, -18
-2,3:-4, -6, 6, -8, -8, -16, 6, -16
4,-8:-4, -6, 6, 10, -4, -6, 2, 4
4,-8:-4, -6, 6, 10, -4, -6, 2, 6
4,-8:-4, -6, 6, 10, -4, -6, 2, 8
-2,3:-4, 2, 6, -14, -18, -18, 6, 2
-2,3:-4, 2, 6, -14, -18, -6, 6, -18
-2,3:-4, 2, 6, -14, -18, -6, 6, -8
-2,3:-4, 2, 6, -14, -18, 2, 6, -18
-2,3:-4, 2, 6, -14, -18, 2, 6, -16
-2,3:-4, 2, 6, -14, -18, 2, 6, -14
-2,3:-4, 2, 6, -8, 6, 4, -36, -20
-2,3:-4, 4, -10, -12, 6, -14, 6, -6
-2,3:-4, 4, -10, -12, 6, -14, 6, -4
7,-5:6, -4, -4, -6, 6, 10, -4, -2
-2,11:6, 6, -4, -4, 2, -12, 6, 14
-2,11:6, 6, -4, -4, 2, -12, 14, 6
-6,5:6, 6, 8, -4, -8, -8, 6, 4
-6,5:6, 6, 8, -4, -8, -8, 6, 6
-6,5:6, 6, 8, -4, -8, -8, 6, 8
-6,5:6, 6, 8, -4, -8, 6, 6, -8
-6,5:6, 6, 8, -4, -8, 6, 6, -6
-6,5:6, 6, 8, -4, -8, 6, 6, -4
5,-1:6, 6, 8, -4, -4, 10, 10, 14
5,-1:6, 6, 8, -4, -4, 10, 10, 20
5,-1:6, 6, 8, -4, -4, 10, 14, 16
5,-1:6, 6, 8, -4, 10, 10, 14, -4
-15,10:-4, -14, -8, 20, 22, 10, 6, 20, 18
-8,11:-4, -14, 10, 10, 16, 20, 0, 4, 20
-8,11:-4, -14, 10, 10, 16, 20, 0, 20, 4
-8,11:-4, -14, 10, 10, 16, 20, 0, 20, 6
5,8:-4, -14, 14, -2, 0, -12, -16, -2, -4
13,0:-4, -12, -8, -14, 0, -14, -24, -8, -12
-2,3:-4, -12, 4, 6, -8, -14, -10, 6, -14
10,-20:-4, -6, -8, -16, -28, -28, -28, -8, -24
10,-20:-4, -6, -8, -16, -28, -28, -8, -24, -28
6,-12:-4, -6, 0, -8, -12, 0, 4, -10, -8
-2,3:-4, -6, 6, -8, -18, -20, 0, 6, -6
-2,3:-4, -6, 6, -8, -18, -20, 0, 6, -4
-2,3:-4, -6, 6, -8, -18, -20, 0, 6, -2
-2,3:-4, -6, 6, -8, -18, -14, -24, 6, -10
-2,3:-4, -6, 6, -8, -18, -14, -10, 6, -24
-2,3:-4, -6, 6, -8, -18, -14, -10, 6, -14
-2,3:-4, -6, 6, -8, -12, -24, -20, 6, -8
-2,3:-4, -6, 6, -8, -12, -24, -20, 6, -6
-2,3:-4, -6, 6, -8, -12, -24, -8, 6, -20
-2,3:-4, -6, 6, -8, -12, -24, -8, 6, -14
-2,3:-4, -6, 6, -8, -10, -20, -4, 6, -10
-2,3:-4, -6, 6, -8, -10, -20, -4, 6, -8
-2,3:-4, -6, 6, -8, -10, -20, -4, 6, -6
-2,3:-4, -6, 6, -8, -8, -22, -16, 6, -24
-2,3:-4, -6, 6, -8, -8, -16, -24, 6, -22
-2,3:-4, -6, 6, -8, -8, -16, -24, 6, -20
-2,3:-4, -6, 6, -8, -8, -16, -24, 6, -18
-2,3:-4, -6, 6, -8, 0, -12, -20, 6, -2
4,-8:-4, -6, 6, 10, -4, -6, 2, 12, 6
4,-8:-4, -6, 6, 10, -4, -6, 2, 12, 8
4,-8:-4, -6, 6, 10, -4, -6, 2, 12, 10
4,-8:-4, -6, 6, 10, -4, -6, 12, 14, 6
4,-8:-4, -6, 6, 10, -4, 2, -2, -2, 4
4,-8:-4, -6, 6, 10, -4, 2, -2, -2, 14
4,-8:-4, -6, 6, 10, -4, 2, -2, 4, -2
4,-8:-4, -6, 6, 10, -4, 2, -2, 4, 2
7,-6:-4, 2, 0, -8, -14, -8, -4, 2, -12
0,2:-4, 2, 0, -8, -14, 2, -2, -2, 4
13,-5:-4, 2, 0, -8, -4, -16, -16, -2, 2
13,-5:-4, 2, 0, -8, -4, -16, -2, 2, -16
2,1:-4, 2, 2, -8, -4, -16, -20, -6, -8
-2,3:-4, 2, 6, -14, -22, -6, -8, 6, -20
-2,3:-4, 2, 6, -14, -22, -6, -8, 6, -18
-2,3:-4, 2, 6, -14, -22, -6, -8, 6, -16
-2,3:-4, 2, 6, -14, -18, -22, 2, 6, -20
-2,3:-4, 2, 6, -14, -18, -22, 2, 6, -18
-2,3:-4, 2, 6, -14, -18, -22, 2, 6, -16
-2,3:-4, 2, 6, -14, -18, -18, -8, 6, -12
-2,3:-4, 2, 6, -14, -18, -18, -8, 6, -10
-2,3:-4, 2, 6, -14, -18, -18, -8, 6, -8
-2,3:-4, 2, 6, -14, -8, -12, -18, 6, -10
-2,3:-4, 2, 6, -14, 2, -12, -8, 6, -6
-2,3:-4, 2, 6, -8, -14, 4, -8, 6, -14
-2,3:-4, 2, 6, -8, -14, 4, -8, 6, -12
-2,3:-4, 2, 6, -8, -14, 4, -8, 6, -10
12,5:-4, 2, 6, -8, 2, -6, -6, 2, -22
12,5:-4, 2, 6, -8, 2, -6, -6, 2, -16
12,5:-4, 2, 6, -8, 2, -6, 2, -22, -6
5,4:-4, 2, 6, -8, 2, -6, 6, -2, 8
-2,3:-4, 2, 6, -8, 6, 4, -30, -20, -28
13,3:-4, 4, -10, 2, -16, -10, -2, -10, -16
17,2:-4, 4, -10, 6, 6, -14, -24, -6, -4
17,2:-4, 4, -10, 6, 6, -14, -24, 4, -2
17,2:-4, 4, -10, 6, 6, -14, -24, 4, 0
17,2:-4, 4, -10, 6, 6, -14, -24, 4, 2
17,2:-4, 4, -10, 6, 6, -14, -6, -4, -24
17,2:-4, 4, -10, 6, 6, 2, -14, -24, -4
17,2:-4, 4, -10, 6, 6, 2, -14, -24, -2
8,-3:-4, 4, -2, -8, -10, -18, -2, 2, -10
29,-1:-4, 4, -2, -8, -10, 2, -28, -28, -16
29,-1:-4, 4, -2, -8, -10, 2, -28, -16, -28
16,-16:-4, 4, 6, 4, -8, 4, -30, -20, -30
1,6:6, -4, -4, -6, 6, -8, -12, -14, 6
1,6:6, -4, -4, -6, 6, -8, -12, 6, -14
1,6:6, -4, -4, -6, 6, -8, -8, 6, -18
1,6:6, -4, -4, -6, 6, -8, -8, 6, -12
7,-5:6, -4, -4, -6, 6, 10, -4, -6, 6
7,-5:6, -4, -4, -6, 6, 10, -4, -6, 8
7,-5:6, -4, -4, -6, 6, 10, -4, -6, 10
7,-5:6, -4, -4, -6, 6, 10, -4, 6, -6
7,-5:6, -4, -4, -6, 6, 10, -4, 6, -4
7,-5:6, -4, -4, -6, 6, 10, -4, 6, -2
13,-1:6, -4, -4, 2, 6, 0, 14, -12, -4
13,-1:6, -4, -4, 2, 6, 0, 14, -4, -12
-3,8:6, -4, 6, 6, 8, -4, -8, 6, 4
5,-1:6, 6, -4, -4, -4, 10, -2, 36, 22
5,-1:6, 6, -4, -4, -4, 16, 0, 16, 16
5,-1:6, 6, -4, -4, -4, 16, 0, 16, 18
5,-1:6, 6, -4, -4, -4, 16, 0, 16, 20
5,-1:6, 6, -4, -4, -4, 16, 16, 8, 10
5,-1:6, 6, -4, -4, -4, 16, 16, 8, 20
5,-1:6, 6, -4, -4, -4, 16, 16, 16, 0
5,-1:6, 6, -2, -4, -4, 12, 12, 16, 6
5,-1:6, 6, -2, -4, -4, 12, 12, 16, 8
5,-1:6, 6, -2, -4, -4, 14, 10, 10, 12
5,-1:6, 6, -2, -4, -4, 14, 10, 10, 22
-6,5:6, 6, 8, -4, -8, 0, 6, 6, -6
-6,5:6, 6, 8, -4, -8, 0, 6, 6, -4
-6,5:6, 6, 8, -4, -8, 0, 6, 6, -2
5,-1:6, 6, 8, -4, -4, 10, 10, 18, 18
5,-1:6, 6, 8, -4, -4, 10, 10, 18, 20
5,-1:6, 6, 8, -4, -4, 10, 10, 18, 22
5,-1:6, 6, 8, -4, -4, 10, 12, 22, 10
5,-1:6, 6, 8, -4, -4, 10, 12, 22, 12
5,-1:6, 6, 8, -4, -4, 10, 12, 22, 14
5,-1:6, 6, 8, -4, -4, 10, 20, 22, 6
5,-1:6, 6, 8, -4, -4, 10, 20, 22, 8
5,-1:6, 6, 8, -4, -4, 10, 20, 22, 10
18,-2:-4, -14, -12, 14, -12, -14, -2, 2, -12, -10
-2,0:-4, -14, -8, 10, 10, 8, 20, 24, 10, 12
-11,16:-4, -14, -8, 20, 10, 10, 16, 2, 20, 28
-11,16:-4, -14, -8, 20, 10, 10, 16, 2, 28, 20
-15,10:-4, -14, -8, 20, 22, 10, 6, 6, 20, 18
-15,10:-4, -14, -8, 20, 22, 10, 6, 6, 20, 20
-15,10:-4, -14, -8, 20, 22, 10, 6, 6, 20, 22
-15,10:-4, -14, -8, 20, 22, 10, 6, 20, 20, 6
-15,10:-4, -14, -8, 20, 22, 10, 6, 20, 20, 8
-15,10:-4, -14, -8, 20, 22, 10, 6, 20, 20, 10
-4,4:-4, -14, -8, 20, 22, 10, 10, 24, 24, 28
-4,4:-4, -14, -8, 20, 22, 10, 10, 24, 24, 34
-4,4:-4, -14, -8, 20, 22, 10, 10, 24, 28, 30
-4,4:-4, -14, -8, 20, 22, 10, 24, 24, 28, 10
8,7:-4, -14, 10, -2, -12, 20, 10, 12, 4, 0
-2,0:-4, -14, 10, 10, 8, 20, 24, 10, 12, -8
-2,0:-4, -14, 10, 10, 8, 20, 24, 10, 12, -6
-2,0:-4, -14, 10, 10, 8, 20, 24, 10, 12, -4
12,5:-4, -14, 10, 10, 16, 14, 6, -2, 6, 6
-8,11:-4, -14, 10, 10, 16, 20, 0, -2, 20, 10
-8,11:-4, -14, 10, 10, 16, 20, 0, -2, 20, 12
-8,11:-4, -14, 10, 10, 16, 20, 0, -2, 20, 14
-8,11:-4, -14, 10, 10, 16, 20, 0, 8, 20, 0
-8,11:-4, -14, 10, 10, 16, 20, 0, 8, 20, 4
-8,11:-4, -14, 10, 10, 16, 20, 0, 10, 20, -2
-8,11:-4, -14, 10, 10, 16, 20, 0, 10, 20, 8
9,14:-4, -14, 14, -2, -12, -12, -6, -20, -2, 6
9,14:-4, -14, 14, -2, -12, -12, -6, -20, 6, -2
5,8:-4, -14, 14, -2, 0, -12, -16, -16, -2, -4
5,8:-4, -14, 14, -2, 0, -12, -16, -16, -2, -2
5,8:-4, -14, 14, -2, 0, -12, -16, -16, -2, 0
5,8:-4, -14, 14, -2, 0, -12, -16, -2, -2, -16
5,8:-4, -14, 14, -2, 0, -12, -16, -2, -2, -14
5,8:-4, -14, 14, -2, 0, -12, -16, -2, -2, -12
16,2:-4, -14, 14, -2, 0, -12, -12, 2, 2, 6
16,2:-4, -14, 14, -2, 0, -12, -12, 2, 2, 12
16,2:-4, -14, 14, -2, 0, -12, -12, 2, 6, 8
16,2:-4, -14, 14, -2, 0, -12, 2, 2, 6, -12
15,-9:-4, -12, -8, -14, -22, -22, -22, 2, 4, 4
15,-9:-4, -12, -8, -14, -22, -22, -22, 2, 4, 6
15,-9:-4, -12, -8, -14, -22, -22, -22, 2, 4, 8
15,-9:-4, -12, -8, -14, -22, -22, 2, 4, 4, -22
15,-9:-4, -12, -8, -14, -20, -22, -22, 0, -10, 0
15,-9:-4, -12, -8, -14, -20, -22, -22, 0, -10, 10
15,-9:-4, -12, -8, -14, -20, -22, -22, 0, 10, -10
5,-13:-4, -12, -8, -14, -10, -16, -14, -14, -16, -2
5,-13:-4, -12, -8, -14, -10, -16, -14, -14, -2, -16
17,-6:-4, -12, -8, -14, 2, 4, -24, -22, -10, -14
17,-6:-4, -12, -8, -14, 2, 4, -24, -22, -10, -12
17,-6:-4, -12, -8, -14, 2, 4, -24, -22, -8, -10
17,-6:-4, -12, -8, -14, 2, 4, -24, -10, -14, -22
2,9:-4, -12, -8, -2, -2, -4, 8, -10, 0, 8
2,9:-4, -12, -8, -2, -2, -4, 8, -10, 8, 0
-2,-3:-4, -12, -4, -8, -6, -4, -16, -20, -6, -8
-9,4:-4, -6, -14, -2, 8, 10, -2, -6, 8, 6
12,-14:-4, -6, -8, -20, -20, -20, -8, -4, -18, -16
4,-6:-4, -6, -8, -18, -2, -14, 4, -24, -24, -8
4,-6:-4, -6, -8, -18, -2, -14, 4, -24, -8, -24
4,-6:-4, -6, -8, -18, -2, -14, 4, -24, -8, -16
10,-20:-4, -6, -8, -16, -28, -28, -28, -8, -14, -14
10,-20:-4, -6, -8, -16, -28, -28, -28, -8, -14, -12
10,-20:-4, -6, -8, -16, -28, -28, -28, -8, -14, -10
-1,-14:-4, -6, -8, -16, -16, -28, -32, -18, -20, -6
-1,-14:-4, -6, -8, -16, -16, -28, -32, -18, -20, 4
-1,-14:-4, -6, -8, -16, -16, -28, -32, -18, -6, -20
10,-20:-4, -6, -8, -16, -16, -28, -28, -14, -14, 2
9,-10:-4, -6, -8, -4, -14, -20, -14, -10, -4, -18
2,-2:-4, -6, -8, -4, -14, -20, -4, -8, -8, -2
15,-9:-4, -6, -8, -4, -14, -10, -22, -22, -8, -4
0,-1:-4, -6, 0, -8, -12, 0, -14, -18, -20, 0
0,-1:-4, -6, 0, -8, -12, 0, -14, -18, 0, -20
0,-1:-4, -6, 0, -8, -12, 0, -14, -14, 0, -24
0,-1:-4, -6, 0, -8, -12, 0, -14, -14, 0, -18
6,-12:-4, -6, 0, -8, -12, 0, 4, -10, -12, 0
6,-12:-4, -6, 0, -8, -12, 0, 4, -10, -12, 2
6,-12:-4, -6, 0, -8, -12, 0, 4, -10, -12, 4
6,-12:-4, -6, 0, -8, -12, 0, 4, -10, 0, -12
6,-12:-4, -6, 0, -8, -12, 0, 4, -10, 0, -10
6,-12:-4, -6, 0, -8, -12, 0, 4, -10, 0, -8
12,-8:-4, -6, 0, -8, -4, 0, -6, 8, -18, -10
12,-8:-4, -6, 0, -8, -4, 0, -6, 8, -10, -18
-2,3:-4, -6, 6, -8, -18, -20, -10, -12, 6, -4
-2,3:-4, -6, 6, -8, -18, -20, 0, -10, 6, -8
-2,3:-4, -6, 6, -8, -18, -20, 0, -10, 6, -6
-2,3:-4, -6, 6, -8, -18, -20, 0, -10, 6, -4
-2,3:-4, -6, 6, -8, -18, -14, -24, -26, 6, -16
-2,3:-4, -6, 6, -8, -18, -14, -24, -26, 6, -12
-2,3:-4, -6, 6, -8, -18, -14, -24, -12, 6, -26
-2,3:-4, -6, 6, -8, -18, -14, -24, -12, 6, -16
-2,3:-4, -6, 6, -8, -12, -28, -8, -14, 6, -18
-2,3:-4, -6, 6, -8, -12, -28, -8, -14, 6, -16
-2,3:-4, -6, 6, -8, -12, -28, -8, -14, 6, -14
12,-10:-4, -6, 6, -8, -12, -28, 6, -4, -20, -20
-2,3:-4, -6, 6, -8, -12, -24, -20, -12, 6, -10
-2,3:-4, -6, 6, -8, -12, -24, -20, -12, 6, -8
-2,3:-4, -6, 6, -8, -12, -24, -20, -12, 6, -6
-2,3:-4, -6, 6, -8, -12, -24, -16, -8, 6, -16
-2,3:-4, -6, 6, -8, -12, -24, -16, -8, 6, -14
-2,3:-4, -6, 6, -8, -12, -24, -16, -8, 6, -12
-2,3:-4, -6, 6, -8, -12, -16, -14, -8, 6, -24
-2,3:-4, -6, 6, -8, -12, -16, -14, -8, 6, -22
-2,3:-4, -6, 6, -8, -12, -16, -14, -8, 6, -20
-2,3:-4, -6, 6, -8, -12, -16, -8, -16, 6, -24
-2,3:-4, -6, 6, -8, -12, -16, -8, -16, 6, -20
-2,3:-4, -6, 6, -8, -12, -16, -8, -8, 6, -16
-2,3:-4, -6, 6, -8, -12, -8, -12, -16, 6, -24
0,1:-4, -6, 6, -8, -12, 4, -2, -20, -20, -10
0,1:-4, -6, 6, -8, -12, 4, -2, -20, -20, -8
0,1:-4, -6, 6, -8, -12, 4, -2, -20, -10, -20
0,1:-4, -6, 6, -8, -12, 4, -2, -20, -10, -16
-2,3:-4, -6, 6, -8, -10, -20, -14, -16, 6, -8
-2,3:-4, -6, 6, -8, -10, -20, -4, -14, 6, -12
-2,3:-4, -6, 6, -8, -10, -20, -4, -14, 6, -10
-2,3:-4, -6, 6, -8, -10, -20, -4, -14, 6, -8
-2,3:-4, -6, 6, -8, -8, -22, -28, -24, 6, -20
-2,3:-4, -6, 6, -8, -8, -22, -28, -24, 6, -10
-2,3:-4, -6, 6, -8, -8, -22, -26, -8, 6, -22
-2,3:-4, -6, 6, -8, -8, -22, -26, -8, 6, -18
-2,3:-4, -6, 6, -8, -8, -22, -16, -22, 6, -18
-2,3:-4, -6, 6, -8, -8, -22, -16, -22, 6, -8
-2,3:-4, -6, 6, -8, -8, -16, -24, -14, 6, -20
-2,3:-4, -6, 6, -8, -8, -16, -24, -14, 6, -18
-2,3:-4, -6, 6, -8, -8, -16, -24, -14, 6, -16
-2,3:-4, -6, 6, -8, -8, -16, -14, -12, 6, -20
-2,3:-4, -6, 6, -8, 0, -12, -20, -12, 6, -16
-2,3:-4, -6, 6, -8, 0, -12, -20, -12, 6, -14
-2,3:-4, -6, 6, -8, 0, -12, -20, -12, 6, -12
10,-2:-4, -6, 6, 0, -8, -18, -20, -10, -10, 6
10,-2:-4, -6, 6, 0, -8, -18, -20, -10, 6, -10
3,-4:-4, -6, 6, 0, -8, -18, -20, -2, 10, -6
10,-2:-4, -6, 6, 0, -8, -18, -10, -10, 6, -20
3,-4:-4, -6, 6, 0, -8, -18, -2, 10, -6, -20
19,-2:-4, -6, 6, 0, -8, -2, -16, -2, -20, -30
4,9:-4, -6, 6, 0, -8, 10, 6, -16, -2, 6
4,9:-4, -6, 6, 0, -8, 10, 6, -16, 6, -2
-5,10:-4, -6, 6, 0, 8, 4, 16, 0, 4, 16
-5,10:-4, -6, 6, 0, 8, 4, 16, 0, 16, 4
13,3:-4, -6, 6, 10, -10, -14, -4, -4, 0, -8
4,-8:-4, -6, 6, 10, -4, -6, 2, 2, 0, 8
4,-8:-4, -6, 6, 10, -4, -6, 2, 12, 2, 4
4,-8:-4, -6, 6, 10, -4, -6, 2, 12, 2, 6
4,-8:-4, -6, 6, 10, -4, -6, 2, 12, 2, 8
4,-8:-4, -6, 6, 10, -4, -6, 12, 2, 6, 10
4,-8:-4, -6, 6, 10, -4, -6, 12, 2, 6, 20
4,-8:-4, -6, 6, 10, -4, -6, 12, 4, 22, 8
4,-8:-4, -6, 6, 10, -4, -6, 12, 4, 22, 12
4,-8:-4, -6, 6, 10, -4, -6, 12, 14, 8, 12
4,-8:-4, -6, 6, 10, -4, -6, 12, 14, 8, 22
4,-8:-4, -6, 6, 10, -4, 2, -2, 0, 4, -8
4,-8:-4, -6, 6, 10, -4, 2, -2, 0, 4, -6
4,-8:-4, -6, 6, 10, -4, 2, -2, 0, 4, -4
13,6:-4, -6, 6, 10, -4, 6, 0, 10, 14, -16
4,-8:-4, -6, 6, 10, -4, 12, 4, 22, 10, -2
4,6:-4, -6, 6, 10, 12, 14, 4, 4, 4, 16
4,6:-4, -6, 6, 10, 12, 14, 4, 4, 16, 4
20,-1:-4, 2, 0, -8, -16, -16, -10, -2, -24, -4
15,4:-4, 2, 0, -8, -16, -16, -2, -6, 0, -20
3,-9:-4, 2, 0, -8, -4, -10, -8, -8, -10, 0
3,-9:-4, 2, 0, -8, -4, -10, -8, -8, -10, 2
3,-9:-4, 2, 0, -8, -4, -10, -8, -8, -10, 4
3,-9:-4, 2, 0, -8, -4, -10, -8, -8, 0, -10
0,2:-4, 2, 0, -8, -4, -2, -12, 8, 4, -10
0,2:-4, 2, 0, -8, -4, -2, -12, 8, 4, -6
-3,-7:-4, 2, 0, -8, -4, -2, -10, -2, 4, -14
0,2:-4, 2, 0, -8, -4, -2, -10, -2, 4, -12
-3,-7:-4, 2, 0, -8, -4, -2, 8, 4, -14, -10
-3,-7:-4, 2, 0, -8, -4, -2, 8, 4, -14, -6
7,-16:-4, 2, 0, -8, 4, -30, -18, -14, -24, -22
6,7:-4, 2, 2, -8, -16, -16, -10, -24, -6, 2
6,7:-4, 2, 2, -8, -16, -16, -10, -24, 2, -6
2,1:-4, 2, 2, -8, -4, -16, -20, -20, -6, -8
2,1:-4, 2, 2, -8, -4, -16, -20, -20, -6, -6
2,1:-4, 2, 2, -8, -4, -16, -20, -20, -6, -4
2,1:-4, 2, 2, -8, -4, -16, -20, -6, -6, -20
2,1:-4, 2, 2, -8, -4, -16, -20, -6, -6, -18
2,1:-4, 2, 2, -8, -4, -16, -20, -6, -6, -16
13,-5:-4, 2, 2, -8, -4, -16, -16, -2, -2, 2
13,-5:-4, 2, 2, -8, -4, -16, -16, -2, -2, 8
13,-5:-4, 2, 2, -8, -4, -16, -16, -2, 2, 4
-2,3:-4, 2, 6, -14, -22, -14, -18, -8, 6, 0
-2,3:-4, 2, 6, -14, -22, -12, -6, -8, 6, -18
-2,3:-4, 2, 6, -14, -22, -12, -6, -8, 6, -16
-2,3:-4, 2, 6, -14, -22, -12, -6, -8, 6, -14
-2,3:-4, 2, 6, -14, -22, -8, -12, -22, 6, -14
-2,3:-4, 2, 6, -14, -22, -8, -12, -18, 6, -12
-2,3:-4, 2, 6, -14, -22, -8, -12, -18, 6, -4
13,-2:-4, 2, 6, -14, -22, -8, -12, -14, -14, 4
13,-2:-4, 2, 6, -14, -22, -8, -12, -14, 4, -14
-2,3:-4, 2, 6, -14, -22, -8, -12, -14, 6, -16
-2,3:-4, 2, 6, -14, -22, -8, -12, -2, 6, -14
-2,3:-4, 2, 6, -14, -18, -22, -12, 2, 6, -18
-2,3:-4, 2, 6, -14, -18, -22, -12, 2, 6, -16
-2,3:-4, 2, 6, -14, -18, -22, -12, 2, 6, -14
-2,3:-4, 2, 6, -14, -18, -18, -8, -4, 6, -10
-2,3:-4, 2, 6, -14, -18, -18, -8, -4, 6, -8
-2,3:-4, 2, 6, -14, -18, -18, -8, -4, 6, -6
-2,3:-4, 2, 6, -14, -18, -6, -12, -16, 6, -8
-2,3:-4, 2, 6, -14, -18, 2, -12, -10, 6, -18
-2,3:-4, 2, 6, -14, -8, -12, -22, -12, 6, -16
-2,3:-4, 2, 6, -14, -8, -12, -22, -12, 6, -14
-2,3:-4, 2, 6, -14, -8, -12, -22, -12, 6, -12
-2,3:-4, 2, 6, -14, -8, -12, -18, -8, 6, -14
-2,3:-4, 2, 6, -14, -8, -12, -18, -8, 6, -8
-2,3:-4, 2, 6, -14, -8, -12, -12, -16, 6, -22
-2,3:-4, 2, 6, -14, -8, -12, -12, -16, 6, -20
-2,3:-4, 2, 6, -14, -8, -12, -12, -16, 6, -18
-2,3:-4, 2, 6, -14, -8, -12, -8, -10, 6, -14
-2,3:-4, 2, 6, -14, -8, -4, -14, -18, 6, -12
-2,3:-4, 2, 6, -14, -8, -4, -14, -18, 6, -10
-2,3:-4, 2, 6, -14, -8, -4, -14, -18, 6, -8
-2,3:-4, 2, 6, -14, -8, -4, -4, 0, 6, -2
-2,3:-4, 2, 6, -8, -14, 4, -8, -6, 6, -12
-2,3:-4, 2, 6, -8, -14, 4, -8, -6, 6, -10
-2,3:-4, 2, 6, -8, -14, 4, -8, -6, 6, -8
-2,4:-4, 2, 6, -8, -14, 6, -8, -4, 6, -6
7,5:-4, 2, 6, -8, -4, -16, -16, 10, -28, -24
12,5:-4, 2, 6, -8, 2, -6, -6, 2, -18, -18
12,5:-4, 2, 6, -8, 2, -6, -6, 2, -18, -16
12,5:-4, 2, 6, -8, 2, -6, -6, 2, -18, -14
-2,3:-4, 2, 6, -8, 6, 4, -30, -28, -20, -36
-2,3:-4, 2, 6, -8, 6, 4, -30, -28, -20, -34
-2,3:-4, 2, 6, -8, 6, 4, -30, -28, -20, -32
-2,3:-4, 2, 6, -8, 6, 4, -30, -20, -34, -34
-2,3:-4, 2, 6, -8, 6, 4, -30, -20, -34, -32
-2,3:-4, 2, 6, -8, 6, 4, -30, -20, -34, -30
-2,3:-4, 2, 6, -8, 6, 4, -30, -20, -30, -32
-2,3:-4, 2, 6, -8, 6, 4, -30, -20, -30, -30
-2,3:-4, 2, 6, -8, 6, 4, -30, -20, -30, -24
16,-16:-4, 2, 6, -8, 6, 4, -30, -20, -30, 0
16,-16:-4, 2, 6, -8, 6, 4, -30, -20, -30, 6
16,-16:-4, 2, 6, -8, 6, 4, -30, -20, -30, 8
-2,3:-4, 2, 6, -8, 6, 4, -30, -20, -24, -26
-2,3:-4, 2, 6, -8, 6, 4, -30, -20, -24, -18
10,-3:-4, 2, 6, 0, -8, -4, 6, 6, -8, -10
10,-3:-4, 2, 6, 0, -8, -4, 6, 6, -8, -8
10,-3:-4, 2, 6, 0, -8, -4, 6, 6, -8, -6
7,-7:-4, 2, 6, 0, -8, 2, 14, 18, 6, 4
7,-7:-4, 2, 6, 0, -8, 2, 14, 18, 6, 10
7,-7:-4, 2, 6, 0, -8, 2, 14, 18, 6, 12
16,-4:-4, 4, -10, -8, -16, -18, -18, 2, -2, 0
16,-4:-4, 4, -10, -8, -16, -18, 2, -2, 0, -18
8,3:-4, 4, -10, -8, -6, -4, 6, -2, 0, 8
8,3:-4, 4, -10, -8, -6, -4, 6, -2, 0, 10
8,3:-4, 4, -10, -8, -6, -4, 6, -2, 0, 12
-4,0:-4, 4, -10, -8, 0, 6, 6, 10, 10, 6
5,2:-4, 4, -10, 0, -8, -6, -18, -22, -8, -10
13,3:-4, 4, -10, 2, -16, -10, -2, -10, -20, -18
13,3:-4, 4, -10, 2, -16, -10, -2, -10, -20, -16
17,2:-4, 4, -10, 6, 6, -14, -24, -6, 4, -4
17,2:-4, 4, -10, 6, 6, -14, -24, -6, 4, -2
17,2:-4, 4, -10, 6, 6, -14, -24, -6, 4, 0
17,2:-4, 4, -10, 6, 6, -14, -24, -4, -28, -6
17,2:-4, 4, -10, 6, 6, -14, -24, -4, -28, -4
17,2:-4, 4, -10, 6, 6, -14, -24, -4, -6, -28
17,2:-4, 4, -10, 6, 6, -14, -24, -4, -6, -26
17,2:-4, 4, -10, 6, 6, -14, -24, -4, -6, -24
17,2:-4, 4, -10, 6, 6, 2, -14, -24, 2, -4
17,2:-4, 4, -10, 6, 6, 2, -14, -24, 2, -2
17,2:-4, 4, -10, 6, 6, 2, -14, -24, 2, 0
16,4:-4, 4, -2, -8, -10, -18, -10, -10, 2, -20
16,4:-4, 4, -2, -8, -10, -18, -10, 2, -20, -10
7,6:-4, 4, -2, -8, -10, -12, 0, -12, -18, -14
7,6:-4, 4, -2, -8, -10, -12, 0, -12, -18, -12
7,6:-4, 4, -2, -8, -10, -12, 0, -12, -18, -10
4,-2:-4, 4, -2, -8, 0, 0, 10, -14, -4, 0
4,-2:-4, 4, -2, -8, 0, 0, 10, -14, -4, 2
4,-2:-4, 4, -2, -8, 0, 0, 10, -14, -4, 4
4,-2:-4, 4, -2, -8, 0, 0, 10, -14, 0, -4
-5,13:-4, 4, 4, -6, -14, 4, 16, 6, 2, 20
-8,15:-4, 4, 4, -6, 4, 16, 12, 24, 2, 24
-8,15:-4, 4, 4, -6, 4, 16, 12, 24, 24, 2
9,12:-4, 4, 4, 4, 12, 4, 4, -8, -12, -24
9,12:-4, 4, 4, 4, 12, 4, 4, -8, -12, -20
6,-1:-4, 4, 4, 6, 6, 12, 10, 12, -14, -6
0,-1:-4, 4, 6, 4, 6, 6, -2, -10, 16, 0
-2,-4:-4, 4, 6, 4, 6, 6, 8, 0, 0, 14
-2,-4:-4, 4, 6, 4, 6, 6, 8, 0, 0, 16
-2,-4:-4, 4, 6, 4, 6, 6, 8, 0, 14, 0
1,6:6, -4, -4, -12, 4, 6, -8, -18, 6, -20
1,6:6, -4, -4, -12, 4, 6, -8, -18, 6, -10
1,6:6, -4, -4, -6, 6, -8, -18, -20, 6, -8
1,6:6, -4, -4, -6, 6, -8, -18, -20, 6, -6
1,6:6, -4, -4, -6, 6, -8, -18, -20, 6, -4
1,6:6, -4, -4, -6, 6, -8, -10, -20, 6, -12
1,6:6, -4, -4, -6, 6, -8, -10, -20, 6, -10
1,6:6, -4, -4, -6, 6, -8, -10, -20, 6, -8
1,6:6, -4, -4, -6, 6, -8, -8, -16, 6, -20
1,6:6, -4, -4, -6, 6, -8, -8, -16, 6, -18
1,6:6, -4, -4, -6, 6, -8, -8, -16, 6, -16
7,-5:6, -4, -4, -6, 6, 10, -4, -6, 2, 4
7,-5:6, -4, -4, -6, 6, 10, -4, -6, 2, 6
7,-5:6, -4, -4, -6, 6, 10, -4, -6, 2, 8
1,6:6, -4, -4, 2, 6, -14, -18, -18, 6, 2
1,6:6, -4, -4, 2, 6, -14, -18, -6, 6, -18
1,6:6, -4, -4, 2, 6, -14, -18, -6, 6, -8
1,6:6, -4, -4, 2, 6, -14, -18, 2, 6, -18
1,6:6, -4, -4, 2, 6, -14, -18, 2, 6, -16
1,6:6, -4, -4, 2, 6, -14, -18, 2, 6, -14
1,6:6, -4, -4, 2, 6, -8, 6, 4, -36, -20
1,6:6, -4, -4, 4, -10, -12, 6, -14, 6, -6
1,6:6, -4, -4, 4, -10, -12, 6, -14, 6, -4
10,-2:6, -4, 6, -4, -4, -6, 6, 10, -4, -2
1,14:6, -4, 6, 6, -4, -4, 2, -12, 6, 14
1,14:6, -4, 6, 6, -4, -4, 2, -12, 14, 6
-3,8:6, -4, 6, 6, 8, -4, -8, -8, 6, 4
-3,8:6, -4, 6, 6, 8, -4, -8, -8, 6, 6
-3,8:6, -4, 6, 6, 8, -4, -8, -8, 6, 8
-3,8:6, -4, 6, 6, 8, -4, -8, 6, 6, -8
-3,8:6, -4, 6, 6, 8, -4, -8, 6, 6, -6
-3,8:6, -4, 6, 6, 8, -4, -8, 6, 6, -4
8,2:6, -4, 6, 6, 8, -4, -4, 10, 10, 14
8,2:6, -4, 6, 6, 8, -4, -4, 10, 10, 20
8,2:6, -4, 6, 6, 8, -4, -4, 10, 14, 16
8,2:6, -4, 6, 6, 8, -4, 10, 10, 14, -4
5,-1:6, 6, -4, -4, -4, 10, -2, 32, 22, 30
6,6:6, 6, -4, -4, -4, 10, 0, 8, 4, -6
5,-1:6, 6, -4, -4, -4, 10, 16, -2, 10, 12
5,-1:6, 6, -4, -4, -4, 10, 16, -2, 10, 14
5,-1:6, 6, -4, -4, -4, 10, 16, -2, 10, 16
5,-1:6, 6, -4, -4, -4, 16, 0, 14, 10, 8
5,-1:6, 6, -4, -4, -4, 16, 0, 16, 24, 18
5,-1:6, 6, -4, -4, -4, 16, 0, 16, 24, 20
5,-1:6, 6, -4, -4, -4, 16, 0, 16, 24, 22
5,-1:6, 6, -4, -4, -4, 16, 10, 14, 18, 12
5,-1:6, 6, -4, -4, -4, 16, 10, 18, 18, 10
5,-1:6, 6, -4, -4, -4, 16, 10, 18, 18, 12
5,-1:6, 6, -4, -4, -4, 16, 10, 18, 18, 14
5,-1:6, 6, -4, -4, -4, 16, 24, 8, 10, 18
5,-1:6, 6, -4, -4, -4, 16, 24, 8, 10, 20
5,-1:6, 6, -4, -4, -4, 16, 24, 8, 10, 22
7,13:6, 6, -4, -4, 10, 0, 8, 0, 8, 18
7,13:6, 6, -4, -4, 10, 0, 8, 0, 8, 24
7,13:6, 6, -4, -4, 10, 0, 8, 0, 18, 8
3,3:6, 6, -4, 0, 10, 6, 18, 22, 8, 10
4,1:6, 6, -4, 2, 10, 0, 16, 4, -6, -2
-3,14:6, 6, -4, 2, 10, 6, 18, 4, 0, 18
-3,14:6, 6, -4, 2, 10, 6, 18, 4, 18, 0
-4,8:6, 6, -4, 2, 10, 16, 10, 0, 0, 14
4,18:6, 6, -2, -4, -4, 12, 0, 16, 4, 26
4,18:6, 6, -2, -4, -4, 12, 0, 16, 26, 4
4,18:6, 6, -2, -4, -4, 12, 0, 16, 26, 6
4,18:6, 6, -2, -4, -4, 12, 16, -4, 26, 0
4,18:6, 6, -2, -4, -4, 12, 16, -4, 26, 2
4,18:6, 6, -2, -4, -4, 12, 16, -4, 26, 4
4,18:6, 6, -2, -4, -4, 12, 16, 8, 26, 6
5,-1:6, 6, -2, -4, -4, 14, 10, 16, 12, 16
-14,17:6, 6, -2, -4, -2, 10, -2, 32, 22, 32
1,30:6, 6, -2, 4, 10, 12, 0, 30, 18, 30
1,30:6, 6, -2, 4, 10, 12, 0, 30, 30, 18
-1,9:6, 6, -2, 4, 10, 12, 4, 20, 0, 12
5,14:6, 6, -2, 12, 0, 18, 4, 8, 12, 18
-6,5:6, 6, 8, -4, -8, -10, -12, 6, 6, -4
-6,5:6, 6, 8, -4, -8, 0, -10, 6, 6, -8
-6,5:6, 6, 8, -4, -8, 0, -10, 6, 6, -6
-6,5:6, 6, 8, -4, -8, 0, -10, 6, 6, -4
-6,5:6, 6, 8, -4, -8, 0, 6, 4, -12, 0
-6,5:6, 6, 8, -4, -8, 0, 6, 4, -12, 4
-6,5:6, 6, 8, -4, -8, 0, 6, 4, 0, -12
-6,5:6, 6, 8, -4, -8, 0, 6, 4, 0, -2
5,-1:6, 6, 8, -4, -4, 10, 2, 14, 22, 4
5,-1:6, 6, 8, -4, -4, 10, 2, 20, 22, 4
5,-1:6, 6, 8, -4, -4, 10, 2, 20, 22, 6
5,-1:6, 6, 8, -4, -4, 10, 2, 20, 22, 8
5,-1:6, 6, 8, -4, -4, 10, 10, 18, 26, 20
5,-1:6, 6, 8, -4, -4, 10, 10, 18, 26, 22
5,-1:6, 6, 8, -4, -4, 10, 10, 18, 26, 24
5,-1:6, 6, 8, -4, -4, 10, 10, 24, 18, 26
5,-1:6, 6, 8, -4, -4, 10, 12, 6, 22, 8
5,-1:6, 6, 8, -4, -4, 10, 12, 6, 22, 10
5,-1:6, 6, 8, -4, -4, 10, 12, 6, 22, 12
5,-1:6, 6, 8, -4, -4, 10, 14, 8, 24, 16
5,-1:6, 6, 8, -4, -4, 10, 14, 8, 24, 22
5,-1:6, 6, 8, -4, -4, 10, 14, 24, 22, 8
5,-1:6, 6, 8, -4, -4, 10, 14, 24, 22, 10
5,-1:6, 6, 8, -4, -4, 10, 20, 16, 12, 16
5,-1:6, 6, 8, -4, -4, 10, 20, 16, 12, 26
5,-1:6, 6, 8, -4, -4, 10, 20, 16, 16, 12
-10,7:6, 6, 8, 2, 10, 14, 2, -2, 12, 10
-18,11:6, 6, 8, 10, 18, 26, 30, 10, 26, 30
-18,11:6, 6, 8, 10, 18, 26, 30, 10, 30, 26
2,14:6, 6, 14, 10, 16, 2, 16, 22, 10, 14
10,6:6, 6, 16, -16, 4, 2, 14, 18, 4, 6
13,-7:6, 6, 16, -8, -8, -18, -18, -18, 2, -4
13,-7:6, 6, 16, -8, -8, -18, -18, -18, 2, -2
13,-7:6, 6, 16, -8, -8, -18, -18, 2, -4, -18
8,11:-4, -14, -12, -2, 14, -2, 0, -12, -16, -2, -4
-8,11:-4, -14, -12, 10, 10, 8, 20, 6, 2, 20, 2
-2,0:-4, -14, -12, 10, 10, 8, 20, 24, 10, 12, -10
-2,0:-4, -14, -12, 10, 10, 8, 20, 24, 10, 12, -8
-2,0:-4, -14, -12, 10, 10, 8, 20, 24, 10, 12, -6
-8,11:-4, -14, -12, 10, 10, 16, 20, 0, 8, 20, 12
-8,11:-4, -14, -12, 10, 10, 16, 20, 0, 8, 20, 16
12,9:-4, -14, -12, 14, -12, -14, -2, -16, -20, -22, -2
12,9:-4, -14, -12, 14, -12, -14, -2, -16, -20, -2, -22
12,9:-4, -14, -12, 14, -12, -14, -2, -16, -16, -2, -26
12,9:-4, -14, -12, 14, -12, -14, -2, -16, -16, -2, -20
18,-2:-4, -14, -12, 14, -12, -14, -2, 2, -12, -14, -2
18,-2:-4, -14, -12, 14, -12, -14, -2, 2, -12, -14, 0
18,-2:-4, -14, -12, 14, -12, -14, -2, 2, -12, -14, 2
18,-2:-4, -14, -12, 14, -12, -14, -2, 2, -12, -2, -14
18,-2:-4, -14, -12, 14, -12, -14, -2, 2, -12, -2, -12
18,-2:-4, -14, -12, 14, -12, -14, -2, 2, -12, -2, -10
24,2:-4, -14, -12, 14, -12, -6, -2, -8, 6, -20, -12
24,2:-4, -14, -12, 14, -12, -6, -2, -8, 6, -12, -20
-8,11:-4, -14, -8, 10, 10, 8, 20, 6, 2, 20, 0
-8,11:-4, -14, -8, 10, 10, 8, 20, 6, 6, 20, -4
-8,11:-4, -14, -8, 10, 10, 8, 20, 6, 6, 20, 2
-2,0:-4, -14, -8, 10, 10, 8, 20, 24, 10, 8, 20
-2,0:-4, -14, -8, 10, 10, 8, 20, 24, 10, 8, 22
-2,0:-4, -14, -8, 10, 10, 8, 20, 24, 10, 8, 24
-2,0:-4, -14, -8, 10, 10, 8, 20, 24, 10, 20, 8
-2,0:-4, -14, -8, 10, 10, 8, 20, 24, 10, 20, 10
-2,0:-4, -14, -8, 10, 10, 8, 20, 24, 10, 20, 12
4,4:-4, -14, -8, 10, 10, 16, 20, 14, 28, 2, 10
4,4:-4, -14, -8, 10, 10, 16, 20, 14, 28, 10, 2
-12,13:-4, -14, -8, 10, 20, 20, 22, 10, 6, 20, 18
-4,4:-4, -14, -8, 20, 10, 10, 10, 24, 12, 50, 36
-4,4:-4, -14, -8, 20, 10, 10, 10, 30, 14, 30, 30
-4,4:-4, -14, -8, 20, 10, 10, 10, 30, 14, 30, 32
-4,4:-4, -14, -8, 20, 10, 10, 10, 30, 14, 30, 34
-4,4:-4, -14, -8, 20, 10, 10, 10, 30, 30, 22, 24
-4,4:-4, -14, -8, 20, 10, 10, 10, 30, 30, 22, 34
-4,4:-4, -14, -8, 20, 10, 10, 10, 30, 30, 30, 14
-4,4:-4, -14, -8, 20, 12, 10, 10, 26, 26, 30, 20
-4,4:-4, -14, -8, 20, 12, 10, 10, 26, 26, 30, 22
-4,4:-4, -14, -8, 20, 12, 10, 10, 28, 24, 24, 26
-4,4:-4, -14, -8, 20, 12, 10, 10, 28, 24, 24, 36
-15,10:-4, -14, -8, 20, 22, 10, 6, 14, 20, 20, 8
-15,10:-4, -14, -8, 20, 22, 10, 6, 14, 20, 20, 10
-15,10:-4, -14, -8, 20, 22, 10, 6, 14, 20, 20, 12
-4,4:-4, -14, -8, 20, 22, 10, 10, 24, 24, 32, 32
-4,4:-4, -14, -8, 20, 22, 10, 10, 24, 24, 32, 34
-4,4:-4, -14, -8, 20, 22, 10, 10, 24, 24, 32, 36
-4,4:-4, -14, -8, 20, 22, 10, 10, 24, 26, 36, 24
-4,4:-4, -14, -8, 20, 22, 10, 10, 24, 26, 36, 26
-4,4:-4, -14, -8, 20, 22, 10, 10, 24, 26, 36, 28
-4,4:-4, -14, -8, 20, 22, 10, 10, 24, 34, 36, 20
-4,4:-4, -14, -8, 20, 22, 10, 10, 24, 34, 36, 22
-4,4:-4, -14, -8, 20, 22, 10, 10, 24, 34, 36, 24
16,2:-4, -14, 10, -2, 0, -12, -12, 2, 2, 6, 12
16,2:-4, -14, 10, -2, 0, -12, -12, 2, 2, 6, 14
16,2:-4, -14, 10, -2, 0, -12, -12, 2, 2, 6, 16
5,8:-4, -14, 10, -2, 0, -12, 20, -16, -2, -4, 14
5,8:-4, -14, 10, -2, 0, -12, 20, -16, -2, -4, 16
5,8:-4, -14, 10, -2, 0, -12, 20, -16, -2, -4, 18
-8,11:-4, -14, 10, 10, 2, 18, 20, 6, 0, 20, -2
-8,11:-4, -14, 10, 10, 8, 20, 6, 4, 0, 20, -6
-8,11:-4, -14, 10, 10, 8, 20, 6, 4, 0, 20, 4
-8,11:-4, -14, 10, 10, 8, 20, 6, 6, 2, 20, -8
-8,11:-4, -14, 10, 10, 8, 20, 6, 6, 2, 20, -6
-8,11:-4, -14, 10, 10, 8, 20, 6, 6, 2, 20, -4
12,5:-4, -14, 10, 10, 16, 16, 6, -2, 4, 6, 8
12,5:-4, -14, 10, 10, 16, 16, 6, -2, 4, 6, 18
12,5:-4, -14, 10, 10, 16, 16, 6, -2, 6, 18, 4
12,5:-4, -14, 10, 10, 16, 16, 6, -2, 6, 18, 8
-8,11:-4, -14, 10, 10, 16, 20, 0, -2, 6, 20, 8
-8,11:-4, -14, 10, 10, 16, 20, 0, -2, 6, 20, 10
-8,11:-4, -14, 10, 10, 16, 20, 0, -2, 6, 20, 12
-8,11:-4, -14, 10, 10, 16, 20, 0, 8, 2, 20, 6
-8,11:-4, -14, 10, 10, 16, 20, 0, 8, 2, 20, 8
-8,11:-4, -14, 10, 10, 16, 20, 0, 8, 2, 20, 10
-8,11:-4, -14, 10, 10, 16, 20, 0, 20, 16, 18, 6
4,4:-4, -14, 10, 10, 16, 20, 14, 28, 2, 10, -8
4,4:-4, -14, 10, 10, 16, 20, 14, 28, 2, 10, -6
4,4:-4, -14, 10, 10, 16, 20, 14, 28, 2, 10, -4
12,5:-4, -14, 10, 10, 16, 20, 20, 26, 6, -2, 16
12,5:-4, -14, 10, 10, 16, 20, 20, 26, 6, -2, 18
12,5:-4, -14, 10, 10, 16, 20, 20, 26, 6, -2, 20
12,5:-4, -14, 10, 10, 16, 20, 20, 26, 6, 16, -2
2,-1:-4, -14, 10, 10, 18, 4, 16, 0, 8, 0, 2
-5,14:-4, -14, 10, 20, 10, 10, 16, 20, 0, 16, 20
-5,14:-4, -14, 10, 20, 10, 10, 16, 20, 0, 20, 16
16,2:-4, -14, 14, -2, -12, -12, -12, 2, -10, 28, 14
16,2:-4, -14, 14, -2, -12, -12, -12, 8, -8, 8, 8
16,2:-4, -14, 14, -2, -12, -12, -12, 8, -8, 8, 10
16,2:-4, -14, 14, -2, -12, -12, -12, 8, -8, 8, 12
16,2:-4, -14, 14, -2, -12, -12, -12, 8, 8, 0, 2
16,2:-4, -14, 14, -2, -12, -12, -12, 8, 8, 0, 12
16,2:-4, -14, 14, -2, -12, -12, -12, 8, 8, 8, -8
16,2:-4, -14, 14, -2, -10, -12, -12, 4, 4, 8, -2
16,2:-4, -14, 14, -2, -10, -12, -12, 4, 4, 8, 0
16,2:-4, -14, 14, -2, -10, -12, -12, 6, 2, 2, 4
16,2:-4, -14, 14, -2, -10, -12, -12, 6, 2, 2, 14
5,8:-4, -14, 14, -2, 0, -12, -16, -8, -2, -2, -14
5,8:-4, -14, 14, -2, 0, -12, -16, -8, -2, -2, -12
5,8:-4, -14, 14, -2, 0, -12, -16, -8, -2, -2, -10
16,2:-4, -14, 14, -2, 0, -12, -12, 2, 2, 10, 10
16,2:-4, -14, 14, -2, 0, -12, -12, 2, 2, 10, 12
16,2:-4, -14, 14, -2, 0, -12, -12, 2, 2, 10, 14
16,2:-4, -14, 14, -2, 0, -12, -12, 2, 4, 14, 2
16,2:-4, -14, 14, -2, 0, -12, -12, 2, 4, 14, 4
16,2:-4, -14, 14, -2, 0, -12, -12, 2, 4, 14, 6
16,2:-4, -14, 14, -2, 0, -12, -12, 2, 12, 14, -2
16,2:-4, -14, 14, -2, 0, -12, -12, 2, 12, 14, 0
16,2:-4, -14, 14, -2, 0, -12, -12, 2, 12, 14, 2
14,5:-4, -12, -14, -4, -4, -10, -2, -8, -8, 0, -22
14,5:-4, -12, -14, -4, -4, -10, -2, -8, 0, -22, -8
-5,7:-4, -12, -14, -4, 4, 2, 8, 20, 14, 4, 14
-2,-9:-4, -12, -14, 4, -6, -8, -4, -18, -10, -26, 0
-2,-9:-4, -12, -14, 4, -6, -8, -4, -18, -10, -26, 2
-2,-9:-4, -12, -14, 4, -6, -8, -4, -18, -10, -26, 4
-2,-9:-4, -12, -14, 4, -6, -8, -4, -18, -10, 0, -26
11,-1:-4, -12, -14, 4, -6, 0, -2, 6, 4, 0, -10
9,21:-4, -12, -14, 4, 4, 4, -4, -6, 10, 14, 6
-5,-2:-4, -12, -14, 4, 6, 6, 12, -6, -12, 4, 16
-5,-2:-4, -12, -14, 4, 6, 6, 12, -6, -12, 4, 20
-5,-2:-4, -12, -14, 4, 6, 6, 12, -6, -12, 16, 4
6,3:-4, -12, -8, -18, -14, -24, -4, -4, -4, -10, -2
6,3:-4, -12, -8, -18, -14, -24, -4, -4, -4, -2, -10
2,-2:-4, -12, -8, -18, -14, -10, -4, -6, -20, -4, -12
9,-12:-4, -12, -8, -18, -14, -8, -22, -24, -6, -26, -14
6,3:-4, -12, -8, -18, -14, -4, -4, -4, -10, -2, -24
6,3:-4, -12, -8, -18, -14, -4, -4, -4, -10, -2, -14
15,-9:-4, -12, -8, -14, -22, -22, -22, 2, 4, 0, 2
15,-9:-4, -12, -8, -14, -22, -22, -22, 2, 4, 0, 4
15,-9:-4, -12, -8, -14, -22, -22, -22, 2, 4, 0, 6
15,-9:-4, -12, -8, -14, -20, -22, -22, 2, 4, 4, -16
15,-9:-4, -12, -8, -14, -20, -22, -22, 2, 4, 4, -14
15,-9:-4, -12, -8, -14, -20, -22, -22, 2, 4, 4, -12
9,-10:-4, -12, -8, -14, -20, -14, -10, -4, -18, 2, -2
9,-10:-4, -12, -8, -14, -20, -14, -10, -4, -18, 2, 2
1,-9:-4, -12, -8, -14, -20, 0, -16, -20, 6, -4, 12
1,-9:-4, -12, -8, -14, -20, 0, 6, -10, -4, 12, -16
1,-9:-4, -12, -8, -14, -20, 0, 6, -10, -4, 12, -12
5,-13:-4, -12, -8, -14, -10, -16, -14, -14, -16, 2, 6
7,-5:-4, -12, -8, -14, -10, -6, 0, -8, 10, -12, -10
9,4:-4, -12, -8, -14, -10, -6, 0, 6, -16, 0, -4
11,-1:-4, -12, -8, -14, 0, -20, -16, -4, -10, -10, 4
17,-6:-4, -12, -8, -14, 2, 4, -24, -22, -8, -8, -14
17,-6:-4, -12, -8, -14, 2, 4, -24, -22, -8, -8, -8
15,-9:-4, -12, -8, -4, -4, -14, -10, -22, -22, -4, -10
8,-7:-4, -12, -8, -4, -4, -14, -4, -2, -4, 6, -14
1,2:-4, -12, -8, -2, -2, -14, -20, 4, 8, 12, 4
1,2:-4, -12, -8, -2, -2, -14, -20, 4, 8, 12, 6
1,2:-4, -12, -8, -2, -2, -14, -20, 4, 8, 12, 8
1,2:-4, -12, -8, -2, -2, -14, 4, 8, 12, 4, -20
1,2:-4, -12, -8, -2, -2, -14, 4, 8, 12, 4, -10
2,9:-4, -12, -8, -2, -2, -4, 8, -10, -12, 8, 0
11,-13:-4, -12, -4, -8, -16, -16, -18, -6, -2, -16, -14
2,3:-4, -12, -4, -8, -6, -16, -16, -10, -24, -6, 2
2,3:-4, -12, -4, -8, -6, -16, -16, -10, -24, 2, -6
-2,-3:-4, -12, -4, -8, -6, -4, -16, -20, -20, -6, -8
-2,-3:-4, -12, -4, -8, -6, -4, -16, -20, -20, -6, -6
-2,-3:-4, -12, -4, -8, -6, -4, -16, -20, -20, -6, -4
-2,-3:-4, -12, -4, -8, -6, -4, -16, -20, -6, -6, -20
-2,-3:-4, -12, -4, -8, -6, -4, -16, -20, -6, -6, -18
-2,-3:-4, -12, -4, -8, -6, -4, -16, -20, -6, -6, -16
9,-9:-4, -12, -4, -8, -6, -4, -16, -16, -2, -2, 2
9,-9:-4, -12, -4, -8, -6, -4, -16, -16, -2, -2, 8
9,-9:-4, -12, -4, -8, -6, -4, -16, -16, -2, 2, 4
9,-9:-4, -12, -4, -8, -6, -4, -16, -2, -2, 2, -16
1,-6:-4, -12, -4, -4, -10, -18, 6, 8, 12, -6, 4
1,-6:-4, -12, -4, -4, -10, -18, 6, 8, 12, 4, -6
20,2:-4, -12, -4, -4, -10, -4, 6, 10, -6, -16, 2
20,2:-4, -12, -4, -4, -10, -4, 6, 10, -6, 2, -16
4,-8:-4, -12, -4, -4, -10, -4, 6, 10, -4, -2, -18
4,-8:-4, -12, -4, -4, -10, -4, 6, 10, -4, -2, -14
-2,3:-4, -12, -4, -4, 0, 6, 6, 0, -10, 10, 0
4,5:-4, -12, -4, 2, 2, -6, -2, -14, -18, -4, -6
4,-6:-4, -12, 4, -6, -14, -10, -16, -12, -8, -2, 2
4,-6:-4, -12, 4, -6, -14, -10, -16, -12, -8, -2, 4
4,-6:-4, -12, 4, -6, -14, -10, -16, -12, -8, -2, 6
2,4:-4, -12, 4, -6, -14, -10, -8, -18, -4, -14, -8
2,4:-4, -12, 4, -6, -14, -10, -8, -18, -4, -14, -6
3,-6:-4, -12, 4, -6, -14, 2, -8, -10, -10, 0, -8
3,6:-4, -12, 4, -6, -8, -16, 4, -8, -16, -10, 4
3,6:-4, -12, 4, -6, -8, -16, 4, -8, -16, 4, -10
3,6:-4, -12, 4, -6, -8, -16, 4, -8, -16, 4, -6
4,-6:-4, -12, 4, -6, -8, -2, -10, -14, -2, 2, -18
4,-6:-4, -12, 4, -6, -8, -2, -10, -14, -2, 2, -16
4,-6:-4, -12, 4, -6, -8, -2, -10, -14, -2, 2, -14
4,-6:-4, -12, 4, -6, -8, -2, -10, -4, -2, 2, -22
3,6:-4, -12, 4, -6, -8, 4, -10, -20, -10, 4, -10
0,-4:-4, -12, 4, -6, -8, 4, 4, -4, -8, 0, -2
-2,3:-4, -12, 4, -6, 0, -2, -10, 6, -2, 6, -12
-2,3:-4, -12, 4, -6, 0, -2, -10, 6, -2, 6, -10
-2,3:-4, -12, 4, -6, 0, -2, -10, 6, -2, 6, -8
15,-1:-4, -12, 4, -6, 0, 4, -2, 12, -14, -6, 2
15,-1:-4, -12, 4, -6, 0, 4, -2, 12, -14, 2, -6
15,-1:-4, -12, 4, -6, 0, 4, -2, 12, -6, 2, -14
3,6:-4, -12, 4, -6, 2, -4, -14, 4, -18, 4, -14
3,6:-4, -12, 4, -6, 2, -4, -14, 4, -18, 4, -4
4,-8:-4, -12, 4, -6, 2, 2, 2, 6, -10, -10, 2
4,-8:-4, -12, 4, -6, 2, 2, 2, 6, -10, -10, 12
4,-8:-4, -12, 4, -6, 2, 2, 2, 6, -10, 2, -10
17,-2:-4, -12, 4, -6, 2, 6, 6, 10, -10, 12, -18
-2,3:-4, -12, 4, 4, -6, 6, -8, -12, -14, 6, -4
-2,3:-4, -12, 4, 4, -6, 6, -8, -12, -14, 6, -2
-2,3:-4, -12, 4, 4, -6, 6, -8, -12, -14, 6, 0
-2,2:-4, -12, 4, 4, 4, 10, -6, 18, -12, -8, 16
-2,2:-4, -12, 4, 4, 4, 10, -6, 18, -12, -8, 20
-2,2:-4, -12, 4, 4, 4, 10, -6, 18, -12, -4, 14
-2,2:-4, -12, 4, 4, 4, 10, -6, 18, -12, 16, -8
-2,2:-4, -12, 4, 4, 4, 10, -6, 18, -12, 16, -2
4,-8:-4, -12, 4, 4, 6, 10, 4, 4, -4, -6, 10
4,-8:-4, -12, 4, 4, 6, 10, 4, 4, -4, -6, 12
4,-8:-4, -12, 4, 4, 6, 10, 4, 4, -4, -6, 14
-2,3:-4, -12, 4, 6, -8, -14, -22, -18, -20, 6, -14
-2,3:-4, -12, 4, 6, -8, -14, -22, -18, -20, 6, -4
-2,3:-4, -12, 4, 6, -8, -14, -20, -2, -10, 6, -16
-2,3:-4, -12, 4, 6, -8, -14, -20, -2, -10, 6, -12
-2,3:-4, -12, 4, 6, -8, -14, -10, -16, -20, 6, -12
-2,3:-4, -12, 4, 6, -8, -14, -10, -16, -20, 6, -2
6,-10:-4, -12, 4, 6, 4, 6, -8, -8, -24, -8, -4
6,-10:-4, -12, 4, 6, 4, 6, -8, -8, -24, -8, -2
6,-10:-4, -12, 4, 6, 4, 6, -8, -8, -24, -8, 0
6,-10:-4, -12, 4, 6, 4, 6, -8, -8, -8, -4, -24
4,-6:-4, -6, -14, -2, -2, -2, -4, 8, 12, -2, 0
-5,10:-4, -6, -14, -2, 8, -2, -2, 4, -10, 16, 8
-9,4:-4, -6, -14, -2, 8, 10, -2, -6, -6, 8, 6
-9,4:-4, -6, -14, -2, 8, 10, -2, -6, -6, 8, 8
-9,4:-4, -6, -14, -2, 8, 10, -2, -6, -6, 8, 10
-9,4:-4, -6, -14, -2, 8, 10, -2, -6, 8, 8, -6
-9,4:-4, -6, -14, -2, 8, 10, -2, -6, 8, 8, -4
-9,4:-4, -6, -14, -2, 8, 10, -2, -6, 8, 8, -2
2,-2:-4, -6, -14, -2, 8, 10, -2, -2, 12, 12, 16
2,-2:-4, -6, -14, -2, 8, 10, -2, -2, 12, 12, 22
2,-2:-4, -6, -14, -2, 8, 10, -2, -2, 12, 16, 18
1,-1:-4, -6, -14, 6, 0, 8, 4, 16, 20, 6, 8
4,-4:-4, -6, -14, 6, 4, 0, -2, 10, 14, 0, 2
6,-3:-4, -6, -8, -20, -20, -20, -8, -22, -26, -28, -8
6,-3:-4, -6, -8, -20, -20, -20, -8, -22, -26, -8, -28
6,-3:-4, -6, -8, -20, -20, -20, -8, -22, -22, -8, -32
6,-3:-4, -6, -8, -20, -20, -20, -8, -22, -22, -8, -26
12,-14:-4, -6, -8, -20, -20, -20, -8, -4, -18, -20, -8
12,-14:-4, -6, -8, -20, -20, -20, -8, -4, -18, -20, -6
12,-14:-4, -6, -8, -20, -20, -20, -8, -4, -18, -20, -4
12,-14:-4, -6, -8, -20, -20, -20, -8, -4, -18, -8, -20
12,-14:-4, -6, -8, -20, -20, -20, -8, -4, -18, -8, -18
12,-14:-4, -6, -8, -20, -20, -20, -8, -4, -18, -8, -16
18,-10:-4, -6, -8, -20, -20, -12, -8, -14, 0, -26, -18
18,-10:-4, -6, -8, -20, -20, -12, -8, -14, 0, -18, -26
8,-16:-4, -6, -8, -18, -4, -14, -18, -6, -2, -16, -14
4,-6:-4, -6, -8, -18, -2, -14, 4, -24, -26, -8, -26
4,-6:-4, -6, -8, -18, -2, -14, 4, -24, -26, -8, -22
4,-6:-4, -6, -8, -18, -2, -14, 4, -24, -26, -8, -16
4,-6:-4, -6, -8, -18, -2, -14, 4, -24, -20, -8, -20
4,-6:-4, -6, -8, -18, -2, -14, 4, -24, -20, -8, -16
4,-6:-4, -6, -8, -18, -2, -14, 4, -24, -8, -18, -12
4,-6:-4, -6, -8, -18, -2, -14, 4, -24, -8, -18, -8
10,-20:-4, -6, -8, -16, -28, -28, -28, -8, -14, -18, -16
10,-20:-4, -6, -8, -16, -28, -28, -28, -8, -14, -18, -14
10,-20:-4, -6, -8, -16, -28, -28, -28, -8, -14, -18, -12
3,-8:-4, -6, -8, -16, -28, -28, -22, -36, -18, -10, -6
3,-8:-4, -6, -8, -16, -28, -28, -22, -36, -18, -10, 4
3,-8:-4, -6, -8, -16, -28, -28, -22, -36, -18, -6, -10
3,-8:-4, -6, -8, -16, -28, -28, -22, -36, -10, -6, -18
8,-8:-4, -6, -8, -16, -26, -28, -28, -20, -12, -14, -4
8,-8:-4, -6, -8, -16, -26, -28, -28, -20, -12, -4, -14
-5,-20:-4, -6, -8, -16, -26, -28, -20, -22, -18, 0, -10
-5,-20:-4, -6, -8, -16, -26, -28, -20, -22, 0, -10, -18
-5,-20:-4, -6, -8, -16, -26, -28, -20, -22, 0, -10, -16
-5,-20:-4, -6, -8, -16, -26, -28, -20, -22, 0, -10, -14
5,3:-4, -6, -8, -16, -26, -20, -22, -22, -22, -4, -14
5,-5:-4, -6, -8, -16, -26, -12, -24, 6, -8, -20, -8
5,-5:-4, -6, -8, -16, -26, -12, -24, 6, -8, -8, -20
10,1:-4, -6, -8, -16, -26, -12, -22, -14, -22, -24, 2
10,1:-4, -6, -8, -16, -26, -12, -14, -22, -24, 2, -22
10,1:-4, -6, -8, -16, -26, -12, -14, -22, -24, 2, -18
6,-9:-4, -6, -8, -16, -26, -12, 2, -10, -24, -6, -14
6,-9:-4, -6, -8, -16, -26, -12, 2, -10, -6, -14, -24
9,-12:-4, -6, -8, -16, -26, -10, -16, -12, -20, -10, -10
9,-12:-4, -6, -8, -16, -26, -10, -16, -12, -20, -10, -8
9,-12:-4, -6, -8, -16, -26, -10, -16, -12, -10, -10, -20
7,-16:-4, -6, -8, -16, -26, -10, -16, -4, -16, -14, -8
7,-16:-4, -6, -8, -16, -26, -10, -8, -16, -4, -16, -14
-1,-14:-4, -6, -8, -16, -16, -28, -32, -32, -18, -6, -20
-1,-14:-4, -6, -8, -16, -16, -28, -32, -32, -18, -6, -18
-1,-14:-4, -6, -8, -16, -16, -28, -32, -32, -18, -6, -16
-1,-14:-4, -6, -8, -16, -16, -28, -32, -18, -18, -6, -32
-1,-14:-4, -6, -8, -16, -16, -28, -32, -18, -18, -6, -30
-1,-14:-4, -6, -8, -16, -16, -28, -32, -18, -18, -6, -28
10,-20:-4, -6, -8, -16, -16, -28, -28, -14, -14, -10, -6
10,-20:-4, -6, -8, -16, -16, -28, -28, -14, -14, -10, 4
10,-20:-4, -6, -8, -16, -16, -28, -28, -14, -14, -6, -10
10,-20:-4, -6, -8, -16, -16, -28, -28, -14, -14, -6, -4
10,-20:-4, -6, -8, -16, -16, -28, -28, -14, -8, -10, -12
10,-20:-4, -6, -8, -16, -16, -28, -28, -14, -8, -10, -2
10,-20:-4, -6, -8, -16, -16, -28, -28, -14, -8, -2, -10
10,-20:-4, -6, -8, -16, -16, -28, -28, -14, -8, -2, -8
10,-20:-4, -6, -8, -16, -16, -28, -28, -14, -8, -2, -6
10,-20:-4, -6, -8, -16, -16, -28, -28, -14, -6, -10, -8
21,-3:-4, -6, -8, -10, -20, -10, -10, -6, -26, -22, -16
21,-3:-4, -6, -8, -10, -20, -10, -10, -6, -26, -22, -14
21,-3:-4, -6, -8, -10, -20, -10, -10, -6, -26, -22, -12
21,-3:-4, -6, -8, -10, -20, -10, -10, -6, -26, -16, -22
23,5:-4, -6, -8, -10, -20, -10, -10, -6, -8, -22, -16
21,-3:-4, -6, -8, -10, -10, -10, -6, -26, -22, -16, -10
22,-5:-4, -6, -8, -4, -14, -22, -22, -16, -8, -30, -10
17,0:-4, -6, -8, -4, -14, -22, -22, -8, -12, -6, -26
5,-13:-4, -6, -8, -4, -14, -10, -16, -14, -14, -16, -6
5,-13:-4, -6, -8, -4, -14, -10, -16, -14, -14, -16, -4
5,-13:-4, -6, -8, -4, -14, -10, -16, -14, -14, -16, -2
2,-2:-4, -6, -8, -4, -14, -10, -8, -18, 2, -2, -16
2,-2:-4, -6, -8, -4, -14, -10, -8, -18, 2, -2, -12
-1,-11:-4, -6, -8, -4, -14, -10, -8, -16, -8, -2, -20
2,-2:-4, -6, -8, -4, -14, -10, -8, -16, -8, -2, -18
-1,-11:-4, -6, -8, -4, -14, -10, -8, 2, -2, -20, -16
-1,-11:-4, -6, -8, -4, -14, -10, -8, 2, -2, -20, -12
9,-20:-4, -6, -8, -4, -14, -2, -36, -24, -20, -30, -28
0,-1:-4, -6, 0, -8, -18, -2, 0, -14, -24, 0, -26
0,-1:-4, -6, 0, -8, -18, -2, 0, -14, -24, 0, -16
0,-1:-4, -6, 0, -8, -12, 0, -14, -24, -26, 0, -14
0,-1:-4, -6, 0, -8, -12, 0, -14, -24, -26, 0, -12
0,-1:-4, -6, 0, -8, -12, 0, -14, -24, -26, 0, -10
0,-1:-4, -6, 0, -8, -12, 0, -14, -16, -26, 0, -18
0,-1:-4, -6, 0, -8, -12, 0, -14, -16, -26, 0, -16
0,-1:-4, -6, 0, -8, -12, 0, -14, -16, -26, 0, -14
0,-1:-4, -6, 0, -8, -12, 0, -14, -14, -22, 0, -26
0,-1:-4, -6, 0, -8, -12, 0, -14, -14, -22, 0, -24
0,-1:-4, -6, 0, -8, -12, 0, -14, -14, -22, 0, -22
6,-12:-4, -6, 0, -8, -12, 0, 4, -10, -12, -4, -2
6,-12:-4, -6, 0, -8, -12, 0, 4, -10, -12, -4, 0
6,-12:-4, -6, 0, -8, -12, 0, 4, -10, -12, -4, 2
0,-1:-4, -6, 0, -8, -4, 0, -20, -24, -24, 0, -4
0,-1:-4, -6, 0, -8, -4, 0, -20, -24, -12, 0, -24
0,-1:-4, -6, 0, -8, -4, 0, -20, -24, -12, 0, -14
0,-1:-4, -6, 0, -8, -4, 0, -20, -24, -4, 0, -24
0,-1:-4, -6, 0, -8, -4, 0, -20, -24, -4, 0, -22
0,-1:-4, -6, 0, -8, -4, 0, -20, -24, -4, 0, -20
0,-1:-4, -6, 0, -8, -4, 0, -14, 0, -2, -42, -26
0,-1:-4, -6, 0, -8, -2, -16, -18, 0, -20, 0, -12
0,-1:-4, -6, 0, -8, -2, -16, -18, 0, -20, 0, -10
4,-5:-4, -6, 0, -2, -30, -4, 2, -2, -2, 0, -4
24,-1:-4, -6, 0, -2, -14, -20, -14, -18, -18, -16, -20
1,4:-4, -6, 6, -8, -18, -20, -10, -12, -20, -2, 4
-2,3:-4, -6, 6, -8, -18, -20, -10, -12, -20, 6, -10
-2,3:-4, -6, 6, -8, -18, -20, -10, -12, -20, 6, -6
-2,3:-4, -6, 6, -8, -18, -20, -10, -4, -4, 6, -18
-2,3:-4, -6, 6, -8, -18, -20, -10, -4, -4, 6, -8
-2,3:-4, -6, 6, -8, -18, -20, 0, -10, 0, 6, -6
-2,3:-4, -6, 6, -8, -18, -20, 0, -10, 0, 6, -4
-2,3:-4, -6, 6, -8, -18, -20, 0, -10, 0, 6, -2
-2,3:-4, -6, 6, -8, -18, -14, -24, -26, -14, 6, -10
-2,3:-4, -6, 6, -8, -18, -14, -24, -26, -14, 6, -8
-2,3:-4, -6, 6, -8, -18, -14, -24, -26, -14, 6, -6
-2,3:-4, -6, 6, -8, -18, -14, -24, -20, -32, 6, -28
-2,3:-4, -6, 6, -8, -18, -14, -24, -20, -32, 6, -26
-2,3:-4, -6, 6, -8, -18, -14, -24, -20, -14, 6, -28
-2,3:-4, -6, 6, -8, -18, -14, -24, -6, -6, 6, -14
-2,3:-4, -6, 6, -8, -18, -14, -12, -20, -16, 6, -20
-2,3:-4, -6, 6, -8, -18, -14, -10, -20, -16, 6, -24
1,4:-4, -6, 6, -8, -18, -10, -12, -20, -2, 4, -20
1,4:-4, -6, 6, -8, -18, -10, -12, -20, -2, 4, -10
-2,3:-4, -6, 6, -8, -18, -10, -2, -16, -18, 6, -20
-2,3:-4, -6, 6, -8, -12, -28, -18, -16, -8, 6, -16
-2,3:-4, -6, 6, -8, -12, -28, -18, -8, -14, 6, -24
-2,3:-4, -6, 6, -8, -12, -28, -18, -8, -14, 6, -22
-2,3:-4, -6, 6, -8, -12, -28, -18, -8, -14, 6, -20
-2,3:-4, -6, 6, -8, -12, -28, -16, -14, -8, 6, -26
-2,3:-4, -6, 6, -8, -12, -28, -16, -14, -8, 6, -24
-2,3:-4, -6, 6, -8, -12, -28, -16, -14, -8, 6, -22
-2,3:-4, -6, 6, -8, -12, -28, -8, -14, -22, 6, -20
-2,3:-4, -6, 6, -8, -12, -28, -8, -14, -22, 6, -18
-2,3:-4, -6, 6, -8, -12, -28, -8, -14, -22, 6, -16
12,-10:-4, -6, 6, -8, -12, -28, 6, -4, -14, -20, -18
12,-10:-4, -6, 6, -8, -12, -28, 6, -4, -14, -20, -12
8,-9:-4, -6, 6, -8, -12, -28, 10, -4, -16, -2, 0
8,-9:-4, -6, 6, -8, -12, -28, 10, -4, -16, -2, 8
8,-9:-4, -6, 6, -8, -12, -28, 10, -4, -16, 4, 2
8,-9:-4, -6, 6, -8, -12, -28, 10, -4, -16, 4, 4
8,-9:-4, -6, 6, -8, -12, -28, 10, -4, -16, 4, 6
8,-9:-4, -6, 6, -8, -12, -28, 10, -4, -2, 0, -16
-2,3:-4, -6, 6, -8, -12, -24, -20, -12, -2, 6, -8
-2,3:-4, -6, 6, -8, -12, -24, -20, -12, -2, 6, -6
-8,1:-4, -6, 6, -8, -12, -24, -20, 10, -2, 6, -10
-2,3:-4, -6, 6, -8, -12, -24, -16, -8, -8, 6, -14
-2,3:-4, -6, 6, -8, -12, -24, -16, -8, -8, 6, -12
-2,3:-4, -6, 6, -8, -12, -24, -16, -8, -8, 6, -10
-2,3:-4, -6, 6, -8, -12, -24, -8, -10, -16, 6, -8
-2,3:-4, -6, 6, -8, -12, -18, -28, -12, -2, 6, -26
-2,3:-4, -6, 6, -8, -12, -18, -28, -12, -2, 6, -16
-2,3:-4, -6, 6, -8, -12, -18, -28, -6, -12, 6, -2
-2,3:-4, -6, 6, -8, -12, -18, -20, -12, -8, 6, -28
-2,3:-4, -6, 6, -8, -12, -18, -10, -18, -8, 6, -32
-2,3:-4, -6, 6, -8, -12, -18, -10, -14, -18, 6, -24
-2,3:-4, -6, 6, -8, -12, -18, -10, -14, -16, 6, -20
-2,3:-4, -6, 6, -8, -12, -18, -10, -14, -16, 6, -18
-2,3:-4, -6, 6, -8, -12, -18, -10, -14, -16, 6, -16
-2,3:-4, -6, 6, -8, -12, -18, -10, -8, -8, 6, -18
-2,3:-4, -6, 6, -8, -12, -16, -18, -20, -6, 6, -14
-2,3:-4, -6, 6, -8, -12, -16, -18, -20, -6, 6, -12
-2,3:-4, -6, 6, -8, -12, -16, -18, -20, -6, 6, -10
-2,3:-4, -6, 6, -8, -12, -16, -18, -16, -8, 6, -22
-2,3:-4, -6, 6, -8, -12, -16, -18, -16, -8, 6, -18
-2,3:-4, -6, 6, -8, -12, -16, -18, -14, -12, 6, -20
-2,3:-4, -6, 6, -8, -12, -16, -8, -16, -22, 6, -18
-2,3:-4, -6, 6, -8, -12, -16, -8, -16, -22, 6, -16
-2,3:-4, -6, 6, -8, -12, -16, -8, -16, -22, 6, -14
-2,3:-4, -6, 6, -8, -12, -8, -12, -28, -24, 6, -20
-2,3:-4, -6, 6, -8, -12, -8, -12, -28, -24, 6, -10
-2,3:-4, -6, 6, -8, -12, -8, -12, -26, -8, 6, -22
-2,3:-4, -6, 6, -8, -12, -8, -12, -26, -8, 6, -18
-2,3:-4, -6, 6, -8, -12, -8, -12, -16, -22, 6, -18
-2,3:-4, -6, 6, -8, -12, -8, -12, -16, -22, 6, -8
-2,3:-4, -6, 6, -8, -12, -8, -10, -18, -12, 6, -4
-2,3:-4, -6, 6, -8, -12, -8, 6, -20, -8, -14, -10
-2,3:-4, -6, 6, -8, -12, -8, 6, -20, -8, -14, 0
10,-15:-4, -6, 6, -8, -12, -4, -20, -2, -16, -24, 2
10,-15:-4, -6, 6, -8, -12, -4, -20, -2, -16, 2, -24
0,1:-4, -6, 6, -8, -12, 4, -2, -20, -22, -10, -18
0,1:-4, -6, 6, -8, -12, 4, -2, -20, -22, -10, -16
0,1:-4, -6, 6, -8, -12, 4, -2, -20, -22, -10, -14
0,1:-4, -6, 6, -8, -12, 4, -2, -20, -20, -14, -12
0,1:-4, -6, 6, -8, -12, 4, -2, -20, -20, -14, -10
0,1:-4, -6, 6, -8, -12, 4, -2, -20, -20, -14, -8
4,1:-4, -6, 6, -8, -12, 10, -2, 0, -2, -2, -20
-2,3:-4, -6, 6, -8, -10, -20, -14, -16, -24, 6, -14
-2,3:-4, -6, 6, -8, -10, -20, -14, -16, -24, 6, -10
-2,3:-4, -6, 6, -8, -10, -20, -14, -16, -10, 6, -24
-2,3:-4, -6, 6, -8, -10, -20, -14, -16, -10, 6, -14
-2,3:-4, -6, 6, -8, -10, -20, -14, -8, -8, 6, -22
-2,3:-4, -6, 6, -8, -10, -20, -14, -8, -8, 6, -12
-2,3:-4, -6, 6, -8, -10, -20, -4, -14, -4, 6, -10
-2,3:-4, -6, 6, -8, -10, -20, -4, -14, -4, 6, -8
-2,3:-4, -6, 6, -8, -10, -20, -4, -14, -4, 6, -6
-2,3:-4, -6, 6, -8, -10, -20, -4, 6, -4, -2, -10
-2,3:-4, -6, 6, -8, -10, -14, -6, -12, -24, 6, -12
-2,3:-4, -6, 6, -8, -8, -22, -26, -20, -16, 6, -18
-2,3:-4, -6, 6, -8, -8, -22, -26, -20, -16, 6, -10
-2,3:-4, -6, 6, -8, -8, -22, -26, -20, -16, 6, -6
-2,3:-4, -6, 6, -8, -8, -22, -26, -8, -20, 6, -28
-2,3:-4, -6, 6, -8, -8, -22, -26, -8, -20, 6, -26
-2,3:-4, -6, 6, -8, -8, -22, -26, -8, -20, 6, -24
-2,3:-4, -6, 6, -8, -8, -22, -16, -28, -28, 6, -32
-2,3:-4, -6, 6, -8, -8, -22, -16, -28, -28, 6, -20
-2,3:-4, -6, 6, -8, -8, -22, -16, -14, -20, 6, -6
-2,3:-4, -6, 6, -8, -8, -22, -16, -14, -2, 6, -8
-2,3:-4, -6, 6, -8, -8, -22, -16, -14, -2, 6, -6
-2,3:-4, -6, 6, -8, -8, -22, -10, -18, -14, 6, -14
-2,3:-4, -6, 6, -8, -8, -22, -10, -18, -14, 6, -12
-2,3:-4, -6, 6, -8, -8, -22, -10, -18, -14, 6, -10
-2,3:-4, -6, 6, -8, -8, -16, -24, -14, -24, 6, -22
-2,3:-4, -6, 6, -8, -8, -16, -24, -14, -24, 6, -20
-2,3:-4, -6, 6, -8, -8, -16, -24, -14, -24, 6, -18
-2,3:-4, -6, 6, -8, -8, -16, -14, -24, -20, 6, -16
-2,3:-4, -6, 6, -8, -8, -16, -14, -24, -20, 6, -6
-2,3:-4, -6, 6, -8, -8, -16, -14, -22, -4, 6, -18
-2,3:-4, -6, 6, -8, -8, -16, -14, -22, -4, 6, -14
-2,3:-4, -6, 6, -8, -8, -16, -14, -12, -18, 6, -14
-2,3:-4, -6, 6, -8, -8, -16, -14, -12, -18, 6, -4
-2,3:-4, -6, 6, -8, -8, -16, -14, -4, -36, 6, -14
-2,3:-4, -6, 6, -8, -8, -16, -14, -4, -36, 6, -12
-2,3:-4, -6, 6, -8, -8, -16, -14, -4, -36, 6, -10
-2,3:-4, -6, 6, -8, -8, -16, -14, -4, -14, 6, -36
-2,3:-4, -6, 6, -8, -8, -16, -14, -4, -14, 6, -34
-2,3:-4, -6, 6, -8, -8, -16, -14, -4, -14, 6, -32
-2,3:-4, -6, 6, -8, 0, -12, -20, -12, -8, 6, -14
-2,3:-4, -6, 6, -8, 0, -12, -20, -12, -8, 6, -12
-2,3:-4, -6, 6, -8, 0, -12, -20, -12, -8, 6, -10
15,-10:-4, -6, 6, -8, 10, -2, -28, -20, -14, -24, -6
15,-10:-4, -6, 6, -8, 10, -2, -28, -20, -14, -24, -4
15,-10:-4, -6, 6, -8, 10, -2, -28, -20, -14, -24, -2
15,-10:-4, -6, 6, -8, 10, -2, -28, -20, -14, -6, -24
-10,-6:-4, -6, 6, -2, -14, 12, 10, 22, 26, 12, 14
-10,-6:-4, -6, 6, -2, 12, 10, 22, 26, 12, 14, -14
-10,-6:-4, -6, 6, -2, 12, 10, 22, 26, 12, 14, -6
10,-2:-4, -6, 6, 0, -8, -18, -10, -10, 8, -2, 4
10,-2:-4, -6, 6, 0, -8, -18, -10, -10, 8, 4, 4
8,-8:-4, -6, 6, 0, -8, -2, -2, 0, 14, -14, 8
8,-8:-4, -6, 6, 0, -8, -2, -2, 0, 14, -14, 10
5,-4:-4, -6, 6, 0, -8, 10, -2, -12, -8, 2, -8
5,-4:-4, -6, 6, 0, -8, 10, -2, -12, -4, -8, 2
5,-4:-4, -6, 6, 0, -8, 10, -2, -12, -4, -8, 4
5,-4:-4, -6, 6, 0, -8, 10, -2, -12, -4, -8, 6
5,-4:-4, -6, 6, 0, -8, 10, -2, -12, 0, -8, -4
5,-4:-4, -6, 6, 0, -8, 10, -2, -12, 0, -8, -2
5,-4:-4, -6, 6, 0, -8, 10, -2, -12, 0, -8, 0
4,9:-4, -6, 6, 0, -8, 10, 6, -16, -12, 6, -12
4,9:-4, -6, 6, 0, -8, 10, 6, -16, -12, 6, -10
4,9:-4, -6, 6, 0, -8, 10, 6, -16, -12, 6, -8
4,9:-4, -6, 6, 0, -8, 10, 6, -16, -6, 6, -10
4,9:-4, -6, 6, 0, -8, 10, 6, -16, -6, 6, -6
0,3:-4, -6, 6, 0, 8, 4, -4, 0, -10, -4, 8
0,3:-4, -6, 6, 0, 8, 4, -4, 0, -10, 8, -4
-5,10:-4, -6, 6, 0, 8, 4, 16, 0, -8, 16, 0
-5,10:-4, -6, 6, 0, 8, 4, 16, 0, -8, 16, 2
-5,10:-4, -6, 6, 0, 8, 4, 16, 0, -8, 16, 4
-5,10:-4, -6, 6, 0, 8, 4, 16, 0, 0, 16, -4
-5,10:-4, -6, 6, 0, 8, 4, 16, 0, 0, 16, -2
-5,10:-4, -6, 6, 0, 8, 4, 16, 0, 0, 16, 0
-5,10:-4, -6, 6, 0, 8, 4, 16, 0, 2, 16, -8
-5,10:-4, -6, 6, 0, 8, 4, 16, 0, 2, 16, -6
-5,10:-4, -6, 6, 0, 8, 4, 16, 0, 2, 16, -4
-5,10:-4, -6, 6, 0, 8, 14, 8, 16, -8, 16, -8
6,-3:-4, -6, 6, 6, 2, -8, -2, 2, 2, -12, -20
1,-5:-4, -6, 6, 6, 12, 2, -8, -4, 0, 2, -20
1,-5:-4, -6, 6, 6, 12, 2, -8, -4, 0, 2, -10
14,8:-4, -6, 6, 10, -14, 2, 2, -8, -4, 10, 10
14,8:-4, -6, 6, 10, -14, 2, 2, -8, -4, 10, 20
14,8:-4, -6, 6, 10, -14, 2, 2, -8, -4, 20, 8
14,8:-4, -6, 6, 10, -14, 2, 2, -8, -4, 20, 10
14,8:-4, -6, 6, 10, -14, 2, 2, -8, -4, 20, 12
14,8:-4, -6, 6, 10, -14, 2, 2, -8, 10, 10, -4
-4,11:-4, -6, 6, 10, -14, 12, 2, 8, 6, 6, 16
4,-8:-4, -6, 6, 10, -10, -14, 12, 14, 2, -2, 22
-1,10:-4, -6, 6, 10, -10, 2, 2, 0, 12, -2, 12
-1,10:-4, -6, 6, 10, -10, 2, 2, 0, 12, 12, -2
14,-4:-4, -6, 6, 10, -6, -16, -16, -4, -4, -4, 6
14,-4:-4, -6, 6, 10, -6, -16, -16, -4, -4, -4, 8
14,-4:-4, -6, 6, 10, -6, -16, -16, -4, -4, -4, 10
14,-4:-4, -6, 6, 10, -6, -16, -16, -4, -4, -2, -10
14,-4:-4, -6, 6, 10, -6, -16, -16, -4, -4, 6, -4
14,-4:-4, -6, 6, 10, -6, -16, -16, 6, 4, -4, 6
14,-4:-4, -6, 6, 10, -6, -16, -16, 6, 4, -4, 8
14,-4:-4, -6, 6, 10, -6, -16, -16, 6, 4, -4, 10
14,-4:-4, -6, 6, 10, -6, -16, -16, 6, 4, 6, -4
14,-4:-4, -6, 6, 10, -6, -16, -4, -4, -4, 6, -16
4,-8:-4, -6, 6, 10, -4, -6, 2, 2, -8, -2, 20
4,-8:-4, -6, 6, 10, -4, -6, 2, 2, -8, -2, 22
4,-8:-4, -6, 6, 10, -4, -6, 2, 2, -8, -2, 24
4,-8:-4, -6, 6, 10, -4, -6, 2, 2, -8, 20, -2
4,-8:-4, -6, 6, 10, -4, -6, 2, 2, -8, 20, 0
4,-8:-4, -6, 6, 10, -4, -6, 2, 2, -8, 20, 2
4,-8:-4, -6, 6, 10, -4, -6, 2, 2, 0, -8, 2
4,-8:-4, -6, 6, 10, -4, -6, 2, 2, 0, -8, 6
4,-8:-4, -6, 6, 10, -4, -6, 2, 2, 0, 6, -8
4,-8:-4, -6, 6, 10, -4, -6, 2, 2, 0, 6, 2
4,-8:-4, -6, 6, 10, -4, -6, 2, 2, 8, 8, -6
4,-8:-4, -6, 6, 10, -4, -6, 2, 2, 8, 8, 4
4,-8:-4, -6, 6, 10, -4, -6, 2, 12, 2, 12, 6
4,-8:-4, -6, 6, 10, -4, -6, 2, 12, 2, 12, 8
4,-8:-4, -6, 6, 10, -4, -6, 2, 12, 2, 12, 10
4,-8:-4, -6, 6, 10, -4, -6, 12, 4, 22, 10, 2
4,-8:-4, -6, 6, 10, -4, -6, 12, 4, 22, 10, 4
4,-8:-4, -6, 6, 10, -4, -6, 12, 4, 22, 10, 6
4,-8:-4, -6, 6, 10, -4, -6, 12, 14, 2, 2, -2
4,-8:-4, -6, 6, 10, -4, -6, 12, 14, 2, 2, 10
4,-8:-4, -6, 6, 10, -4, 2, -2, -8, -8, 4, 0
4,-8:-4, -6, 6, 10, -4, 2, -2, -8, -6, 4, -8
4,-8:-4, -6, 6, 10, -4, 2, -2, -8, -6, 4, -6
4,-8:-4, -6, 6, 10, -4, 2, -2, -8, -6, 4, -4
4,-8:-4, -6, 6, 10, -4, 2, -2, -8, -2, 4, -14
4,-8:-4, -6, 6, 10, -4, 2, -2, -8, -2, 4, -4
4,-8:-4, -6, 6, 10, -4, 2, -2, -2, 8, 12, 4
4,-8:-4, -6, 6, 10, -4, 2, -2, 0, 0, 4, -6
4,-8:-4, -6, 6, 10, -4, 2, -2, 0, 0, 4, -4
4,-8:-4, -6, 6, 10, -4, 2, -2, 0, 0, 4, -2
4,-8:-4, -6, 6, 10, -4, 2, -2, 0, 8, 16, 18
4,-8:-4, -6, 6, 10, -4, 2, -2, 0, 8, 16, 22
4,-8:-4, -6, 6, 10, -4, 2, -2, 8, -6, 2, 20
4,-8:-4, -6, 6, 10, -4, 2, -2, 8, -6, 12, 10
4,-8:-4, -6, 6, 10, -4, 2, -2, 8, -6, 12, 20
4,-8:-4, -6, 6, 10, -4, 2, -2, 8, 2, 20, -6
4,-8:-4, -6, 6, 10, -4, 2, -2, 8, 16, -8, 0
4,-8:-4, -6, 6, 10, -4, 2, -2, 8, 16, -8, 2
4,-8:-4, -6, 6, 10, -4, 2, -2, 8, 16, -8, 4
4,-8:-4, -6, 6, 10, -4, 2, -2, 8, 16, -6, 2
4,-8:-4, -6, 6, 10, -4, 2, -2, 8, 16, -6, 4
4,2:-4, -6, 6, 10, -4, 2, 2, -16, 8, -4, 0
4,2:-4, -6, 6, 10, -4, 2, 2, 8, -4, 0, -16
26,-10:-4, -6, 6, 10, -4, 6, -8, -30, -34, -34, -20
26,-10:-4, -6, 6, 10, -4, 6, -8, -30, -34, -20, -34
13,6:-4, -6, 6, 10, -4, 6, 0, 10, 14, -18, -14
4,-8:-4, -6, 6, 10, -4, 12, 4, 20, 22, -2, 8
4,-8:-4, -6, 6, 10, -4, 12, 4, 20, 22, -2, 10
4,-8:-4, -6, 6, 10, -4, 12, 4, 20, 22, -2, 12
4,-8:-4, -6, 6, 10, -4, 12, 20, 12, -2, 10, 20
4,-8:-4, -6, 6, 10, -4, 12, 20, 12, -2, 10, 30
4,-8:-4, -6, 6, 10, -4, 12, 20, 12, -2, 20, 10
4,-8:-4, -6, 6, 10, -4, 12, 20, 12, -2, 20, 12
4,-8:-4, -6, 6, 10, -4, 12, 20, 12, -2, 20, 14
4,-8:-4, -6, 6, 10, -4, 12, 20, 12, 22, -2, 12
4,-8:-4, -6, 6, 10, -4, 12, 20, 12, 22, -2, 16
1,-2:-4, -6, 6, 10, 2, -6, 2, 10, -8, 4, 16
4,-8:-4, -6, 6, 10, 2, 12, 12, 14, -4, -6, 6
14,-4:-4, -6, 6, 10, 12, -6, -16, -16, 4, 22, 10
-4,11:-4, -6, 6, 10, 12, 2, 8, 6, 6, 16, -14
4,-8:-4, -6, 6, 10, 12, 4, 10, 14, -4, -6, 12
4,-8:-4, -6, 6, 10, 12, 4, 10, 14, -4, -6, 20
4,-8:-4, -6, 6, 10, 12, 4, 10, 14, -4, -6, 24
4,-8:-4, -6, 6, 10, 12, 4, 18, 18, -4, 22, -2
6,7:-4, 2, 0, -8, -16, -16, -10, -24, -6, 2, -14
20,-1:-4, 2, 0, -8, -16, -16, -10, -2, -24, 6, 6
20,-1:-4, 2, 0, -8, -16, -16, -10, -2, -24, 6, 8
20,-1:-4, 2, 0, -8, -16, -16, -10, -2, -24, 6, 10
7,-6:-4, 2, 0, -8, -14, -8, -2, -10, 2, -12, -8
7,-6:-4, 2, 0, -8, -14, -8, -2, -10, 2, -12, -6
7,-6:-4, 2, 0, -8, -14, -8, -2, -10, 2, -12, -4
16,1:-4, 2, 0, -8, -14, 2, 4, -4, 4, -2, -14
13,-5:-4, 2, 0, -8, -4, -16, -16, -2, 6, -8, 8
13,-5:-4, 2, 0, -8, -4, -16, -16, -2, 6, 8, -8
5,-6:-4, 2, 0, -8, -4, -10, -8, -14, 4, -12, -10
5,-6:-4, 2, 0, -8, -4, -10, -8, -10, -12, -10, 0
3,-9:-4, 2, 0, -8, -4, -10, -8, -8, -10, -4, -2
3,-9:-4, 2, 0, -8, -4, -10, -8, -8, -10, -4, 0
3,-9:-4, 2, 0, -8, -4, -10, -8, -8, -10, -4, 2
0,2:-4, 2, 0, -8, -4, -2, -12, -8, 8, 4, -4
0,2:-4, 2, 0, -8, -4, -2, -12, -8, 8, 4, -2
0,2:-4, 2, 0, -8, -4, -2, -12, -8, 8, 4, 0
0,2:-4, 2, 0, -8, -4, -2, -12, 0, -6, 4, -8
0,2:-4, 2, 0, -8, -4, -2, -12, 0, -6, 4, -6
0,2:-4, 2, 0, -8, -4, -2, -12, 0, -6, 4, -4
-3,-7:-4, 2, 0, -8, -4, -2, -8, 8, 4, -14, -4
-3,-7:-4, 2, 0, -8, -4, -2, -8, 8, 4, -14, -2
-3,-7:-4, 2, 0, -8, -4, -2, -8, 8, 4, -14, 0
-3,-7:-4, 2, 0, -8, -4, -2, 0, -6, 4, -14, -8
-3,-7:-4, 2, 0, -8, -4, -2, 0, -6, 4, -14, -6
-3,-7:-4, 2, 0, -8, -4, -2, 0, -6, 4, -14, -4
7,-16:-4, 2, 0, -8, 4, -30, -18, -22, -24, -22, -18
7,-16:-4, 2, 0, -8, 4, -30, -18, -22, -24, -22, -8
13,19:-4, 2, 2, -14, -10, 4, -2, 2, 2, -4, 4
9,-1:-4, 2, 2, -14, 6, -12, -18, -14, -14, -20, -12
13,-5:-4, 2, 2, -8, -16, -16, -16, -2, -14, 24, 10
13,-5:-4, 2, 2, -8, -16, -16, -16, 4, -12, 4, 4
13,-5:-4, 2, 2, -8, -16, -16, -16, 4, -12, 4, 6
13,-5:-4, 2, 2, -8, -16, -16, -16, 4, -12, 4, 8
13,-5:-4, 2, 2, -8, -16, -16, -16, 4, 4, -4, -2
13,-5:-4, 2, 2, -8, -16, -16, -16, 4, 4, -4, 8
13,-5:-4, 2, 2, -8, -16, -16, -16, 4, 4, 4, -12
13,-5:-4, 2, 2, -8, -14, -16, -16, 0, 0, 4, -6
13,-5:-4, 2, 2, -8, -14, -16, -16, 0, 0, 4, -4
13,-5:-4, 2, 2, -8, -14, -16, -16, 2, -2, -2, 0
13,-5:-4, 2, 2, -8, -14, -16, -16, 2, -2, -2, 10
2,1:-4, 2, 2, -8, -4, -16, -20, -12, -6, -6, -18
2,1:-4, 2, 2, -8, -4, -16, -20, -12, -6, -6, -16
2,1:-4, 2, 2, -8, -4, -16, -20, -12, -6, -6, -14
13,-5:-4, 2, 2, -8, -4, -16, -16, -2, -2, 6, 6
13,-5:-4, 2, 2, -8, -4, -16, -16, -2, -2, 6, 8
13,-5:-4, 2, 2, -8, -4, -16, -16, -2, -2, 6, 10
13,-5:-4, 2, 2, -8, -4, -16, -16, -2, 0, 10, -2
13,-5:-4, 2, 2, -8, -4, -16, -16, -2, 0, 10, 0
13,-5:-4, 2, 2, -8, -4, -16, -16, -2, 0, 10, 2
13,-5:-4, 2, 2, -8, -4, -16, -16, -2, 8, 10, -6
13,-5:-4, 2, 2, -8, -4, -16, -16, -2, 8, 10, -4
13,-5:-4, 2, 2, -8, -4, -16, -16, -2, 8, 10, -2
-2,3:-4, 2, 6, -14, -22, -14, -22, 2, -22, 6, -22
-2,3:-4, 2, 6, -14, -22, -14, -18, -8, -16, 6, -6
-2,3:-4, 2, 6, -14, -22, -14, -18, -8, -16, 6, -2
-2,3:-4, 2, 6, -14, -22, -14, -18, -8, -2, 6, -16
-2,3:-4, 2, 6, -14, -22, -14, -18, -8, -2, 6, -6
-2,3:-4, 2, 6, -14, -22, -14, -18, 0, 0, 6, -14
-2,3:-4, 2, 6, -14, -22, -14, -18, 0, 0, 6, -4
-2,3:-4, 2, 6, -14, -22, -12, -22, -6, -8, 6, -20
-2,3:-4, 2, 6, -14, -22, -12, -22, -6, -8, 6, -18
-2,3:-4, 2, 6, -14, -22, -12, -22, -6, -8, 6, -16
-2,3:-4, 2, 6, -14, -22, -8, -14, -22, -20, 6, -18
-2,3:-4, 2, 6, -14, -22, -8, -14, -22, -20, 6, -14
-2,3:-4, 2, 6, -14, -22, -8, -14, -16, -18, 6, -12
-2,3:-4, 2, 6, -14, -22, -8, -14, -16, -18, 6, -10
-2,3:-4, 2, 6, -14, -22, -8, -14, -16, -18, 6, -8
-2,3:-4, 2, 6, -14, -22, -8, -12, -18, -8, 6, -12
-2,3:-4, 2, 6, -14, -22, -8, -12, -18, -8, 6, -8
-2,3:-4, 2, 6, -14, -22, -8, -12, -18, -2, 6, -12
-2,3:-4, 2, 6, -14, -22, -8, -12, -18, -2, 6, -6
-2,3:-4, 2, 6, -14, -22, -8, -12, -18, -2, 6, -2
-2,3:-4, 2, 6, -14, -22, -8, -12, -14, -20, 6, -26
-2,3:-4, 2, 6, -14, -22, -8, -12, -14, -20, 6, -18
13,-2:-4, 2, 6, -14, -22, -8, -12, -14, -14, 0, -6
13,-2:-4, 2, 6, -14, -22, -8, -12, -14, -14, 0, 2
-2,3:-4, 2, 6, -14, -22, -8, -12, -14, -14, 6, -20
-2,3:-4, 2, 6, -14, -22, -8, -12, -14, -14, 6, -14
-2,3:-4, 2, 6, -14, -22, -8, -12, -14, -14, 6, -12
13,-2:-4, 2, 6, -14, -22, -8, -12, -14, -14, 6, 0
13,-2:-4, 2, 6, -14, -22, -8, -12, -14, -14, 6, 6
13,-2:-4, 2, 6, -14, -22, -8, -12, -14, -14, 6, 8
13,-2:-4, 2, 6, -14, -22, -8, -12, -14, -14, 10, 6
13,-2:-4, 2, 6, -14, -22, -8, -12, -14, -14, 10, 8
13,-2:-4, 2, 6, -14, -22, -8, -12, -14, -14, 10, 10
-2,3:-4, 2, 6, -14, -22, -8, -12, -14, -10, 6, -14
-2,3:-4, 2, 6, -14, -22, -8, -12, -14, -10, 6, -12
-2,3:-4, 2, 6, -14, -22, -8, -12, -14, -10, 6, -10
-2,3:-4, 2, 6, -14, -18, -22, -12, -22, -8, 6, -12
-2,3:-4, 2, 6, -14, -18, -22, -12, -22, 2, 6, -20
-2,3:-4, 2, 6, -14, -18, -22, -12, -22, 2, 6, -18
-2,3:-4, 2, 6, -14, -18, -22, -12, -22, 2, 6, -16
-2,3:-4, 2, 6, -14, -18, -22, -12, -8, -14, 6, -18
-2,3:-4, 2, 6, -14, -18, -22, -12, -8, -14, 6, -16
-2,3:-4, 2, 6, -14, -18, -22, -12, -8, -14, 6, -14
-2,3:-4, 2, 6, -14, -18, -6, -12, -16, -24, 6, -14
-2,3:-4, 2, 6, -14, -18, -6, -12, -16, -24, 6, -10
-2,3:-4, 2, 6, -14, -18, -6, -12, -16, -10, 6, -24
-2,3:-4, 2, 6, -14, -18, -6, -12, -16, -10, 6, -14
-2,3:-4, 2, 6, -14, -18, -6, -12, -8, -8, 6, -22
-2,3:-4, 2, 6, -14, -18, -6, -12, -8, -8, 6, -12
-2,3:-4, 2, 6, -14, -18, 2, -12, -2, -34, 6, -12
-2,3:-4, 2, 6, -14, -18, 2, -12, -2, -34, 6, -10
-2,3:-4, 2, 6, -14, -18, 2, -12, -2, -34, 6, -8
-2,3:-4, 2, 6, -14, -18, 2, -12, -2, -12, 6, -34
-2,3:-4, 2, 6, -14, -18, 2, -12, -2, -12, 6, -32
-2,3:-4, 2, 6, -14, -18, 2, -12, -2, -12, 6, -30
-2,3:-4, 2, 6, -14, -8, -12, -22, -12, -8, 6, -14
-2,3:-4, 2, 6, -14, -8, -12, -22, -12, -8, 6, -12
-2,3:-4, 2, 6, -14, -8, -12, -22, -12, -8, 6, -10
-2,3:-4, 2, 6, -14, -8, -12, -18, -12, -16, 6, -16
-2,3:-4, 2, 6, -14, -8, -12, -18, -12, -16, 6, -12
-2,3:-4, 2, 6, -14, -8, -12, -18, -8, -10, 6, -10
-2,3:-4, 2, 6, -14, -8, -12, -18, -8, -10, 6, -8
-2,3:-4, 2, 6, -14, -8, -12, -18, -8, -10, 6, -6
-2,3:-4, 2, 6, -14, -8, -12, -18, 6, -2, -4, 4
-2,3:-4, 2, 6, -14, -8, -12, -12, -16, -14, 6, -20
-2,3:-4, 2, 6, -14, -8, -12, -12, -16, -14, 6, -18
-2,3:-4, 2, 6, -14, -8, -12, -12, -16, -14, 6, -16
-2,3:-4, 2, 6, -14, -8, -12, -2, -14, 0, 6, -10
-2,3:-4, 2, 6, -14, -8, -12, -2, -14, 0, 6, -8
-2,3:-4, 2, 6, -14, -8, -12, -2, -14, 0, 6, -6
-2,3:-4, 2, 6, -14, -8, -12, -2, -4, 2, 6, -14
-2,3:-4, 2, 6, -14, -8, -12, 6, -2, -14, -4, -2
-2,3:-4, 2, 6, -14, -8, -12, 6, -2, -14, -4, 2
-2,3:-4, 2, 6, -14, -8, -4, -14, -18, -4, 6, -10
-2,3:-4, 2, 6, -14, -8, -4, -14, -18, -4, 6, -8
-2,3:-4, 2, 6, -14, -8, -4, -14, -18, -4, 6, -6
-2,3:-4, 2, 6, -14, -8, -4, -4, -2, 0, 4, -8
-2,3:-4, 2, 6, -14, -8, -4, -4, -2, 0, 4, -6
-2,3:-4, 2, 6, -14, -8, -4, -4, -2, 0, 4, -4
-2,3:-4, 2, 6, -14, 2, -12, -20, -2, -20, 6, -14
-2,3:-4, 2, 6, -14, 2, -12, -20, -2, -16, 6, -26
-2,3:-4, 2, 6, -14, 2, -12, -20, -2, -16, 6, -20
-2,3:-4, 2, 6, -14, 2, -12, -10, -16, -26, 6, -12
-2,3:-4, 2, 6, -14, 2, -12, -10, -16, -26, 6, -2
6,-4:-4, 2, 6, -14, 10, 4, -4, 4, -14, -18, -2
6,-4:-4, 2, 6, -14, 10, 4, -4, 4, -14, -2, -18
6,-4:-4, 2, 6, -14, 10, 4, -4, 4, -14, -2, -16
15,4:-4, 2, 6, -8, -16, -16, -2, -6, 0, -20, 4
15,4:-4, 2, 6, -8, -16, -16, -2, -6, 0, -20, 6
15,4:-4, 2, 6, -8, -16, -16, -2, -6, 0, -20, 8
7,5:-4, 2, 6, -8, -14, -16, -16, 2, 10, -28, -22
7,5:-4, 2, 6, -8, -14, -16, -16, 2, 10, -28, -18
13,-5:-4, 2, 6, -8, -14, -16, -16, 4, 4, 0, 0
14,-2:-4, 2, 6, -8, -14, -16, 2, -2, -8, -14, -2
14,-2:-4, 2, 6, -8, -14, -16, 2, -2, -8, -14, 2
14,-2:-4, 2, 6, -8, -14, -16, 2, -2, -8, -2, -14
11,-7:-4, 2, 6, -8, -14, -14, 2, 6, -2, -24, 6
11,-7:-4, 2, 6, -8, -14, -14, 2, 6, -2, 6, -24
-2,3:-4, 2, 6, -8, -14, -14, 6, 4, -18, -22, 0
-2,3:-4, 2, 6, -8, -14, -14, 6, 4, -18, -22, 2
-2,3:-4, 2, 6, -8, -14, -14, 6, 4, -18, -22, 4
-2,3:-4, 2, 6, -8, -14, -14, 6, 4, -18, 0, -22
-2,3:-4, 2, 6, -8, -14, -14, 6, 4, -10, -10, -14
-2,3:-4, 2, 6, -8, -14, 4, -8, -16, -18, 6, -10
-2,3:-4, 2, 6, -8, -14, 4, -8, -6, -16, 6, -14
-2,3:-4, 2, 6, -8, -14, 4, -8, -6, -16, 6, -12
-2,3:-4, 2, 6, -8, -14, 4, -8, -6, -16, 6, -10
6,-5:-4, 2, 6, -8, -14, 4, -8, -6, 0, -2, -6
7,-6:-4, 2, 6, -8, -14, 6, -8, -4, 2, -12, -2
-2,4:-4, 2, 6, -8, -14, 6, -8, -4, 6, -18, -6
-2,4:-4, 2, 6, -8, -14, 6, -8, -4, 6, -14, -6
-2,4:-4, 2, 6, -8, -14, 6, -8, -4, 6, -14, -4
-2,4:-4, 2, 6, -8, -14, 6, -8, -4, 6, -14, -2
-2,4:-4, 2, 6, -8, -14, 6, -8, -4, 6, -4, -14
-2,4:-4, 2, 6, -8, -14, 6, -8, -4, 6, -4, -12
-2,4:-4, 2, 6, -8, -14, 6, -8, -4, 6, -4, -10
-2,4:-4, 2, 6, -8, -14, 6, -8, 6, -14, 0, -2
7,5:-4, 2, 6, -8, -4, -16, -16, 10, -28, -22, -18
7,5:-4, 2, 6, -8, -4, -16, -16, 10, -28, -22, -8
7,0:-4, 2, 6, -8, 2, -6, -6, 0, -4, -6, 4
7,0:-4, 2, 6, -8, 2, -6, -6, 0, -4, -6, 8
7,0:-4, 2, 6, -8, 2, -6, -6, 0, -4, 4, -6
-2,3:-4, 2, 6, -8, 6, 4, -30, -28, -28, -20, -34
-2,3:-4, 2, 6, -8, 6, 4, -30, -28, -28, -20, -32
-2,3:-4, 2, 6, -8, 6, 4, -30, -28, -28, -20, -30
-2,3:-4, 2, 6, -8, 6, 4, -30, -20, -34, -26, -32
-2,3:-4, 2, 6, -8, 6, 4, -30, -20, -34, -26, -30
-2,3:-4, 2, 6, -8, 6, 4, -30, -20, -34, -26, -28
-2,3:-4, 2, 6, -8, 6, 4, -30, -20, -30, -34, -32
-2,3:-4, 2, 6, -8, 6, 4, -30, -20, -30, -34, -30
-2,3:-4, 2, 6, -8, 6, 4, -30, -20, -30, -34, -28
16,-16:-4, 2, 6, -8, 6, 4, -30, -20, -30, 10, 4
16,-16:-4, 2, 6, -8, 6, 4, -30, -20, -30, 10, 6
16,-16:-4, 2, 6, -8, 6, 4, -30, -20, -30, 10, 8
-2,3:-4, 2, 6, -8, 6, 4, -30, -20, -24, -28, -28
-2,3:-4, 2, 6, -8, 6, 4, -30, -20, -24, -28, -24
-2,3:-4, 2, 6, -8, 6, 4, -30, -20, -24, -28, -18
-2,3:-4, 2, 6, -8, 6, 4, -30, -20, -24, -22, -22
-2,3:-4, 2, 6, -8, 6, 4, -30, -20, -24, -22, -18
-2,3:-4, 2, 6, -8, 6, 4, -30, -20, -24, -20, -14
-2,3:-4, 2, 6, -8, 6, 4, -30, -20, -24, -20, -10
16,-16:-4, 2, 6, -8, 6, 4, -30, 2, -20, -30, -10
16,-16:-4, 2, 6, -8, 6, 4, -30, 2, -20, -30, -8
-2,3:-4, 2, 6, -8, 6, 4, -28, -18, -14, -22, -8
-2,3:-4, 2, 6, -8, 6, 4, -28, -18, -14, -8, -26
-2,3:-4, 2, 6, -8, 6, 4, -28, -18, -14, -8, -22
-2,3:-4, 2, 6, -8, 6, 4, -24, -14, -24, -20, -10
-2,3:-4, 2, 6, -8, 6, 4, -24, -14, -24, -20, -8
-2,3:-4, 2, 6, -8, 6, 4, -24, -14, -24, -20, -6
-2,3:-4, 2, 6, -8, 6, 4, -24, -14, -24, -10, -20
-2,3:-4, 2, 6, -8, 6, 4, -24, -14, -24, -10, -18
-2,3:-4, 2, 6, -8, 6, 4, -24, -14, -24, -10, -16
-2,3:-4, 2, 6, -8, 6, 4, -24, -14, -20, -10, -24
-2,3:-4, 2, 6, -8, 6, 4, -24, -14, -20, -10, -22
-2,3:-4, 2, 6, -8, 6, 4, -24, -14, -20, -10, -20
-2,3:-4, 2, 6, -8, 6, 4, -24, -14, -20, -2, -18
-2,3:-4, 2, 6, -8, 6, 4, -18, -14, -10, -16, -14
-2,3:-4, 2, 6, -8, 6, 4, -18, -14, -10, -10, -14
5,3:-4, 2, 6, 0, -8, -14, 0, 0, 10, -18, -2
10,-3:-4, 2, 6, 0, -8, -4, 6, 6, -8, -14, -12
10,-3:-4, 2, 6, 0, -8, -4, 6, 6, -8, -14, -10
10,-3:-4, 2, 6, 0, -8, -4, 6, 6, -8, -14, -8
4,6:-4, 2, 6, 0, -8, -4, 14, 2, -2, 4, -8
4,6:-4, 2, 6, 0, -8, -4, 14, 2, -2, 4, -6
4,6:-4, 2, 6, 0, -8, -4, 14, 2, -2, 4, -4
15,-1:-4, 2, 6, 0, -8, 2, 14, -2, 4, -2, 12
15,-1:-4, 2, 6, 0, -8, 2, 14, -2, 4, -2, 16
15,-1:-4, 2, 6, 0, -8, 2, 14, -2, 4, 12, -2
15,-1:-4, 2, 6, 0, -8, 2, 14, -2, 4, 12, 0
15,-1:-4, 2, 6, 0, -8, 2, 14, -2, 4, 12, 2
7,-7:-4, 2, 6, 0, -8, 2, 14, 18, 6, 6, 16
7,-7:-4, 2, 6, 0, -8, 2, 14, 18, 6, 14, 10
7,-7:-4, 2, 6, 0, -8, 2, 14, 18, 6, 14, 12
7,-7:-4, 2, 6, 0, -8, 2, 14, 18, 6, 16, 4
7,-7:-4, 2, 6, 0, -8, 2, 14, 18, 6, 16, 6
7,-7:-4, 2, 6, 0, -8, 2, 14, 18, 6, 16, 8
10,-3:-4, 2, 6, 0, -8, 6, 6, 0, -2, -8, -6
-5,10:-4, 2, 6, 0, 8, 4, -10, -4, 16, 16, -10
10,-3:-4, 2, 6, 0, 8, 4, -8, -14, -8, -10, 14
10,-3:-4, 2, 6, 0, 8, 4, -8, -14, -8, -10, 18
-5,10:-4, 2, 6, 0, 8, 4, 16, -14, -8, 16, 0
13,-5:-4, 2, 6, 4, 10, -8, -4, -16, -16, 8, -4
6,4:-4, 2, 6, 6, 2, -8, 2, -6, 4, 2, -14
6,4:-4, 2, 6, 6, 2, -8, 2, 4, -4, -6, 2
7,12:-4, 2, 6, 6, 2, -4, -14, 2, 14, 14, 18
7,12:-4, 2, 6, 6, 2, -4, 2, 14, 14, 18, -14
7,12:-4, 2, 6, 6, 2, -4, 2, 14, 14, 18, -4
0,8:-4, 2, 6, 6, 12, 2, 0, 10, -4, -14, 10
0,8:-4, 2, 6, 6, 12, 2, 0, 10, -4, 10, -14
0,8:-4, 2, 6, 6, 12, 2, 0, 10, -4, 10, -4
0,-1:-4, 2, 6, 6, 12, 10, 10, 4, -8, 0, 8
0,-1:-4, 2, 6, 6, 12, 10, 10, 4, -8, 0, 10
-10,1:-4, 4, -10, -12, -14, 4, 8, -4, -8, 6, 4
16,-4:-4, 4, -10, -8, -6, -18, -18, -4, -4, -4, 0
16,-4:-4, 4, -10, -8, -6, -18, -18, -4, -4, -4, 6
16,-4:-4, 4, -10, -8, -6, -18, -18, -4, -4, 0, -4
16,-4:-4, 4, -10, -8, -6, -18, -18, -4, -4, 0, 0
5,6:-4, 4, -10, -8, -6, -12, 6, 4, 10, 2, 2
8,3:-4, 4, -10, -8, -6, -4, 6, -2, 0, 16, 10
8,3:-4, 4, -10, -8, -6, -4, 6, -2, 0, 16, 12
8,3:-4, 4, -10, -8, -6, -4, 6, -2, 0, 16, 14
5,6:-4, 4, -10, -8, -6, 6, 4, 10, 2, 2, -12
5,6:-4, 4, -10, -8, -6, 6, 4, 10, 2, 2, -8
9,8:-4, 4, -10, 0, -8, -18, -18, -12, -26, -8, 0
9,8:-4, 4, -10, 0, -8, -18, -18, -12, -26, 0, -8
5,2:-4, 4, -10, 0, -8, -6, -18, -22, -22, -8, -10
5,2:-4, 4, -10, 0, -8, -6, -18, -22, -22, -8, -8
5,2:-4, 4, -10, 0, -8, -6, -18, -22, -22, -8, -6
5,2:-4, 4, -10, 0, -8, -6, -18, -22, -8, -8, -22
5,2:-4, 4, -10, 0, -8, -6, -18, -22, -8, -8, -20
5,2:-4, 4, -10, 0, -8, -6, -18, -22, -8, -8, -18
16,-4:-4, 4, -10, 0, -8, -6, -18, -18, -4, 0, 2
14,-10:-4, 4, -10, 2, -16, -18, -4, -6, -2, -16, -14
20,-6:-4, 4, -10, 2, -16, -10, -6, -12, 2, -24, -2
20,-6:-4, 4, -10, 2, -16, -10, -6, -12, 2, -2, -24
13,3:-4, 4, -10, 6, 0, -16, -10, -2, -10, -16, 2
13,3:-4, 4, -10, 6, 0, -16, -10, -2, -10, -16, 12
17,2:-4, 4, -10, 6, 4, 10, 10, -14, -24, 6, 12
17,2:-4, 4, -10, 6, 4, 10, 10, -14, -24, 12, 12
17,2:-4, 4, -10, 6, 6, -14, -24, -6, 4, 4, -2
17,2:-4, 4, -10, 6, 6, -14, -24, -6, 4, 4, 0
17,2:-4, 4, -10, 6, 6, -14, -24, -6, 4, 4, 2
17,2:-4, 4, -10, 6, 6, -14, -24, -6, 10, -2, 0
17,2:-4, 4, -10, 6, 6, -14, -24, -6, 10, -2, 2
17,2:-4, 4, -10, 6, 6, -14, -24, -6, 10, -2, 4
17,2:-4, 4, -10, 6, 6, -14, -24, -4, -32, -6, -30
17,2:-4, 4, -10, 6, 6, -14, -24, -4, -32, -6, -28
17,2:-4, 4, -10, 6, 6, -14, -24, -4, -32, -6, -26
18,2:-4, 4, -10, 6, 6, 2, -14, -6, -10, -6, -14
17,2:-4, 4, -10, 6, 6, 2, 12, 2, -14, -24, -2
17,2:-4, 4, -10, 6, 6, 2, 12, 2, -14, -24, 0
17,2:-4, 4, -10, 6, 6, 2, 12, 2, -14, -24, 2
17,2:-4, 4, -10, 6, 6, 12, 6, 10, -14, -24, 14
8,0:-4, 4, -2, -12, -6, 2, -2, 10, 14, 0, 2
1,17:-4, 4, -2, -12, -2, 8, -12, 0, 14, 18, 28
5,17:-4, 4, -2, -12, -2, 8, -10, -12, 8, -10, 14
5,17:-4, 4, -2, -12, -2, 8, -10, -12, 8, 14, -10
0,-3:-4, 4, -2, -12, 0, -10, -6, -18, -22, -8, -10
13,0:-4, 4, -2, -8, -10, -12, -6, -8, -8, 6, 2
7,6:-4, 4, -2, -8, -10, -12, 0, -12, -22, -10, -20
7,6:-4, 4, -2, -8, -10, -12, 0, -12, -22, -10, -18
7,6:-4, 4, -2, -8, -10, -12, 0, -12, -22, -10, -16
7,6:-4, 4, -2, -8, -10, -12, 0, -12, -18, -18, -16
7,6:-4, 4, -2, -8, -10, -12, 0, -12, -18, -18, -14
7,6:-4, 4, -2, -8, -10, -12, 0, -12, -18, -18, -12
-2,3:-4, 4, -2, -8, -10, -2, -10, 6, -6, 6, -10
-2,3:-4, 4, -2, -8, -10, -2, -10, 6, -6, 6, -4
-2,3:-4, 4, -2, -8, -10, -2, -10, 6, -6, 6, 0
4,-2:-4, 4, -2, -8, 0, 0, 10, -14, -4, 8, 2
4,-2:-4, 4, -2, -8, 0, 0, 10, -14, -4, 8, 4
4,-2:-4, 4, -2, -8, 0, 0, 10, -14, -4, 8, 6
4,-2:-4, 4, -2, -8, 0, 0, 10, -6, -4, 0, -10
4,-2:-4, 4, -2, -8, 0, 0, 10, -6, -4, 0, -6
-2,3:-4, 4, 4, -6, 4, 6, -8, -12, -14, 6, 10
-2,3:-4, 4, 4, -6, 4, 6, -8, -12, -14, 6, 20
5,8:-4, 4, 4, -6, 4, 6, -8, 0, 0, -8, -12
9,12:-4, 4, 4, 4, 12, 4, 4, -8, -12, -22, -30
9,12:-4, 4, 4, 4, 12, 4, 4, -8, -12, -22, -28
9,12:-4, 4, 4, 4, 12, 4, 4, -8, -12, -22, -26
14,2:-4, 4, 4, 6, -6, -2, 16, -12, -14, -10, 18
14,2:-4, 4, 4, 6, -6, -2, 16, -12, -14, -10, 28
14,2:-4, 4, 4, 6, -6, -2, 16, -12, -14, 18, -10
0,5:-4, 4, 4, 6, 6, 4, -14, 10, -2, -2, 6
-2,3:-4, 4, 4, 6, 6, 4, 6, -8, -12, -14, 4
-2,3:-4, 4, 4, 6, 6, 4, 6, -8, -12, -14, 14
7,-6:-4, 4, 6, 4, -8, -14, -8, -4, 2, -12, 0
7,-6:-4, 4, 6, 4, -8, -14, -8, -4, 2, -12, 2
21,-17:-4, 4, 6, 4, -8, 4, -30, -36, -36, -20, -26
21,-17:-4, 4, 6, 4, -8, 4, -30, -36, -20, -26, -36
6,-4:-4, 4, 6, 4, 6, 6, -8, -8, 10, 6, 10
9,3:-4, 4, 6, 4, 6, 6, -4, 0, -10, -4, 12
9,3:-4, 4, 6, 4, 6, 6, -4, 0, -10, -4, 14
9,3:-4, 4, 6, 4, 6, 6, -4, 0, -10, -4, 16
9,3:-4, 4, 6, 4, 6, 6, -4, 0, -10, 12, -4
0,-1:-4, 4, 6, 4, 6, 6, -2, -14, 16, 0, -14
0,-1:-4, 4, 6, 4, 6, 6, -2, -14, 16, 0, -10
0,-1:-4, 4, 6, 4, 6, 6, -2, -2, 16, 0, -16
0,-1:-4, 4, 6, 4, 6, 6, -2, -2, 16, 0, -6
0,-1:-4, 4, 6, 4, 6, 6, -2, 16, -6, 0, -16
0,-1:-4, 4, 6, 4, 6, 6, -2, 16, -6, 0, -14
0,-1:-4, 4, 6, 4, 6, 6, -2, 16, -6, 0, -12
-2,-4:-4, 4, 6, 4, 6, 6, 8, 0, 0, 4, 4
-2,-4:-4, 4, 6, 4, 6, 6, 8, 0, 0, 4, 6
-2,-4:-4, 4, 6, 4, 6, 6, 8, 0, 0, 4, 8
-4,-6:-4, 4, 6, 4, 6, 6, 8, 0, 0, 8, 0
-2,-4:-4, 4, 6, 4, 6, 6, 8, 0, 0, 10, 6
-2,-4:-4, 4, 6, 4, 6, 6, 8, 0, 0, 10, 10
-1,-17:-4, 4, 6, 6, -4, -14, -10, 2, 6, -8, -6
-5,14:6, -4, -4, -14, 10, 10, 16, 20, 0, 20, 4
-5,14:6, -4, -4, -14, 10, 10, 16, 20, 0, 20, 6
16,3:6, -4, -4, -12, -8, -14, 0, -14, -24, -8, -12
1,6:6, -4, -4, -12, 4, 6, -8, -14, -10, 6, -14
13,-17:6, -4, -4, -6, -8, -16, -28, -28, -28, -8, -24
13,-17:6, -4, -4, -6, -8, -16, -28, -28, -8, -24, -28
9,-9:6, -4, -4, -6, 0, -8, -12, 0, 4, -10, -8
1,6:6, -4, -4, -6, 6, -8, -18, -20, 0, 6, -6
1,6:6, -4, -4, -6, 6, -8, -18, -20, 0, 6, -4
1,6:6, -4, -4, -6, 6, -8, -18, -20, 0, 6, -2
1,6:6, -4, -4, -6, 6, -8, -18, -14, -24, 6, -10
1,6:6, -4, -4, -6, 6, -8, -18, -14, -10, 6, -24
1,6:6, -4, -4, -6, 6, -8, -18, -14, -10, 6, -14
1,6:6, -4, -4, -6, 6, -8, -12, -24, -20, 6, -8
1,6:6, -4, -4, -6, 6, -8, -12, -24, -20, 6, -6
1,6:6, -4, -4, -6, 6, -8, -12, -24, -8, 6, -20
1,6:6, -4, -4, -6, 6, -8, -12, -24, -8, 6, -14
1,6:6, -4, -4, -6, 6, -8, -10, -20, -4, 6, -10
1,6:6, -4, -4, -6, 6, -8, -10, -20, -4, 6, -8
1,6:6, -4, -4, -6, 6, -8, -10, -20, -4, 6, -6
1,6:6, -4, -4, -6, 6, -8, -8, -22, -16, 6, -24
1,6:6, -4, -4, -6, 6, -8, -8, -16, -24, 6, -22
1,6:6, -4, -4, -6, 6, -8, -8, -16, -24, 6, -20
1,6:6, -4, -4, -6, 6, -8, -8, -16, -24, 6, -18
1,6:6, -4, -4, -6, 6, -8, 0, -12, -20, 6, -2
7,-5:6, -4, -4, -6, 6, 10, -4, -6, 2, 12, 6
7,-5:6, -4, -4, -6, 6, 10, -4, -6, 2, 12, 8
7,-5:6, -4, -4, -6, 6, 10, -4, -6, 2, 12, 10
7,-5:6, -4, -4, -6, 6, 10, -4, -6, 12, 14, 6
7,-5:6, -4, -4, -6, 6, 10, -4, 2, -2, -2, 4
7,-5:6, -4, -4, -6, 6, 10, -4, 2, -2, -2, 14
7,-5:6, -4, -4, -6, 6, 10, -4, 2, -2, 4, -2
7,-5:6, -4, -4, -6, 6, 10, -4, 2, -2, 4, 2
10,-3:6, -4, -4, 2, 0, -8, -14, -8, -4, 2, -12
3,5:6, -4, -4, 2, 0, -8, -14, 2, -2, -2, 4
16,-2:6, -4, -4, 2, 0, -8, -4, -16, -16, -2, 2
16,-2:6, -4, -4, 2, 0, -8, -4, -16, -2, 2, -16
5,4:6, -4, -4, 2, 2, -8, -4, -16, -20, -6, -8
1,6:6, -4, -4, 2, 6, -14, -22, -6, -8, 6, -20
1,6:6, -4, -4, 2, 6, -14, -22, -6, -8, 6, -18
1,6:6, -4, -4, 2, 6, -14, -22, -6, -8, 6, -16
1,6:6, -4, -4, 2, 6, -14, -18, -22, 2, 6, -20
1,6:6, -4, -4, 2, 6, -14, -18, -22, 2, 6, -18
1,6:6, -4, -4, 2, 6, -14, -18, -22, 2, 6, -16
1,6:6, -4, -4, 2, 6, -14, -18, -18, -8, 6, -12
1,6:6, -4, -4, 2, 6, -14, -18, -18, -8, 6, -10
1,6:6, -4, -4, 2, 6, -14, -18, -18, -8, 6, -8
1,6:6, -4, -4, 2, 6, -14, -8, -12, -18, 6, -10
1,6:6, -4, -4, 2, 6, -14, 2, -12, -8, 6, -6
1,6:6, -4, -4, 2, 6, -8, -14, 4, -8, 6, -14
1,6:6, -4, -4, 2, 6, -8, -14, 4, -8, 6, -12
1,6:6, -4, -4, 2, 6, -8, -14, 4, -8, 6, -10
15,8:6, -4, -4, 2, 6, -8, 2, -6, -6, 2, -22
15,8:6, -4, -4, 2, 6, -8, 2, -6, -6, 2, -16
15,8:6, -4, -4, 2, 6, -8, 2, -6, 2, -22, -6
8,7:6, -4, -4, 2, 6, -8, 2, -6, 6, -2, 8
1,6:6, -4, -4, 2, 6, -8, 6, 4, -30, -20, -28
16,6:6, -4, -4, 4, -10, 2, -16, -10, -2, -10, -16
20,5:6, -4, -4, 4, -10, 6, 6, -14, -24, -6, -4
20,5:6, -4, -4, 4, -10, 6, 6, -14, -24, 4, -2
20,5:6, -4, -4, 4, -10, 6, 6, -14, -24, 4, 0
20,5:6, -4, -4, 4, -10, 6, 6, -14, -24, 4, 2
20,5:6, -4, -4, 4, -10, 6, 6, -14, -6, -4, -24
20,5:6, -4, -4, 4, -10, 6, 6, 2, -14, -24, -4
20,5:6, -4, -4, 4, -10, 6, 6, 2, -14, -24, -2
11,0:6, -4, -4, 4, -2, -8, -10, -18, -2, 2, -10
32,2:6, -4, -4, 4, -2, -8, -10, 2, -28, -28, -16
32,2:6, -4, -4, 4, -2, -8, -10, 2, -28, -16, -28
19,-13:6, -4, -4, 4, 6, 4, -8, 4, -30, -20, -30
4,9:6, -4, 6, -4, -4, -6, 6, -8, -12, 6, -14
4,9:6, -4, 6, -4, -4, -6, 6, -8, -8, 6, -18
4,9:6, -4, 6, -4, -4, -6, 6, -8, -8, 6, -12
10,-2:6, -4, 6, -4, -4, -6, 6, 10, -4, -6, 6
10,-2:6, -4, 6, -4, -4, -6, 6, 10, -4, -6, 8
10,-2:6, -4, 6, -4, -4, -6, 6, 10, -4, -6, 10
10,-2:6, -4, 6, -4, -4, -6, 6, 10, -4, 6, -6
10,-2:6, -4, 6, -4, -4, -6, 6, 10, -4, 6, -4
10,-2:6, -4, 6, -4, -4, -6, 6, 10, -4, 6, -2
16,2:6, -4, 6, -4, -4, 2, 6, 0, 14, -12, -4
0,11:6, -4, 6, -4, 6, 6, 8, -4, -8, 6, 4
8,2:6, -4, 6, 6, -4, -4, -4, 10, -2, 36, 22
8,2:6, -4, 6, 6, -4, -4, -4, 16, 0, 16, 16
8,2:6, -4, 6, 6, -4, -4, -4, 16, 0, 16, 18
8,2:6, -4, 6, 6, -4, -4, -4, 16, 0, 16, 20
8,2:6, -4, 6, 6, -4, -4, -4, 16, 16, 8, 10
8,2:6, -4, 6, 6, -4, -4, -4, 16, 16, 8, 20
8,2:6, -4, 6, 6, -4, -4, -4, 16, 16, 16, 0
8,2:6, -4, 6, 6, -2, -4, -4, 12, 12, 16, 6
8,2:6, -4, 6, 6, -2, -4, -4, 12, 12, 16, 8
8,2:6, -4, 6, 6, -2, -4, -4, 14, 10, 10, 12
8,2:6, -4, 6, 6, -2, -4, -4, 14, 10, 10, 22
-3,8:6, -4, 6, 6, 8, -4, -8, 0, 6, 6, -6
-3,8:6, -4, 6, 6, 8, -4, -8, 0, 6, 6, -4
-3,8:6, -4, 6, 6, 8, -4, -8, 0, 6, 6, -2
8,2:6, -4, 6, 6, 8, -4, -4, 10, 10, 18, 18
8,2:6, -4, 6, 6, 8, -4, -4, 10, 10, 18, 20
8,2:6, -4, 6, 6, 8, -4, -4, 10, 10, 18, 22
8,2:6, -4, 6, 6, 8, -4, -4, 10, 12, 22, 10
8,2:6, -4, 6, 6, 8, -4, -4, 10, 12, 22, 12
8,2:6, -4, 6, 6, 8, -4, -4, 10, 12, 22, 14
8,2:6, -4, 6, 6, 8, -4, -4, 10, 20, 22, 6
8,2:6, -4, 6, 6, 8, -4, -4, 10, 20, 22, 8
8,2:6, -4, 6, 6, 8, -4, -4, 10, 20, 22, 10
5,-1:6, 6, -4, -4, -4, 10, -2, 32, 22, 26, 20
5,-1:6, 6, -4, -4, -4, 10, -2, 32, 22, 26, 28
-14,17:6, 6, -4, -4, -4, 10, -2, 32, 22, 32, -6
-14,17:6, 6, -4, -4, -4, 10, -2, 32, 22, 32, -4
-14,17:6, 6, -4, -4, -4, 10, -2, 32, 22, 32, 2
5,-1:6, 6, -4, -4, -4, 10, -2, 32, 22, 32, 26
5,-1:6, 6, -4, -4, -4, 10, -2, 32, 22, 32, 32
5,-1:6, 6, -4, -4, -4, 10, -2, 32, 22, 32, 34
5,-1:6, 6, -4, -4, -4, 10, -2, 32, 22, 36, 32
5,-1:6, 6, -4, -4, -4, 10, -2, 32, 22, 36, 34
5,-1:6, 6, -4, -4, -4, 10, -2, 32, 22, 36, 36
5,-1:6, 6, -4, -4, -4, 10, -2, 32, 30, 22, 34
5,-1:6, 6, -4, -4, -4, 10, -2, 32, 30, 22, 36
5,-1:6, 6, -4, -4, -4, 10, -2, 32, 30, 22, 38
5,-1:6, 6, -4, -4, -4, 10, 16, -2, 10, 8, 10
5,-1:6, 6, -4, -4, -4, 10, 16, -2, 10, 8, 12
5,-1:6, 6, -4, -4, -4, 10, 16, -2, 10, 8, 14
6,-1:6, 6, -4, -4, -4, 10, 16, 10, -4, 0, 8
5,-1:6, 6, -4, -4, -4, 16, 0, 16, 14, 12, 20
5,-1:6, 6, -4, -4, -4, 16, 0, 16, 24, 14, 16
5,-1:6, 6, -4, -4, -4, 16, 0, 16, 24, 14, 18
5,-1:6, 6, -4, -4, -4, 16, 0, 16, 24, 14, 20
5,-1:6, 6, -4, -4, -4, 16, 10, 6, 6, 2, 4
5,-1:6, 6, -4, -4, -4, 16, 10, 6, 16, 18, 10
5,-1:6, 6, -4, -4, -4, 16, 10, 6, 16, 18, 12
5,-1:6, 6, -4, -4, -4, 16, 10, 6, 16, 18, 14
5,-1:6, 6, -4, -4, -4, 16, 10, 6, 18, 18, 8
5,-1:6, 6, -4, -4, -4, 16, 10, 6, 18, 18, 10
5,-1:6, 6, -4, -4, -4, 16, 10, 6, 18, 18, 12
5,-1:6, 6, -4, -4, -4, 16, 10, 14, 10, 12, 16
5,-1:6, 6, -4, -4, -4, 16, 10, 14, 10, 18, 10
5,-1:6, 6, -4, -4, -4, 16, 10, 14, 10, 18, 16
5,-1:6, 6, -4, -4, -4, 16, 10, 14, 14, 14, 20
5,-1:6, 6, -4, -4, -4, 16, 10, 14, 14, 14, 22
5,-1:6, 6, -4, -4, -4, 16, 10, 14, 14, 14, 24
5,-1:6, 6, -4, -4, -4, 16, 10, 14, 14, 22, 14
5,-1:6, 6, -4, -4, -4, 16, 10, 14, 14, 22, 16
5,-1:6, 6, -4, -4, -4, 16, 10, 14, 14, 22, 18
5,-1:6, 6, -4, -4, -4, 16, 10, 24, 14, 4, 16
5,-1:6, 6, -4, -4, -4, 16, 10, 24, 14, 16, 18
5,-1:6, 6, -4, -4, -4, 16, 10, 24, 14, 18, 6
5,-1:6, 6, -4, -4, -4, 16, 10, 24, 14, 18, 14
5,-1:6, 6, -4, -4, -4, 16, 10, 24, 14, 24, 16
5,-1:6, 6, -4, -4, -4, 16, 16, 8, 14, 18, 10
5,-1:6, 6, -4, -4, -4, 16, 24, 8, 10, 14, 16
5,-1:6, 6, -4, -4, -4, 16, 24, 8, 10, 14, 18
5,-1:6, 6, -4, -4, -4, 16, 24, 8, 10, 14, 20
5,-1:6, 6, -4, -4, -4, 16, 24, 16, 10, 20, 2
-1,11:6, 6, -4, -4, 2, 10, -4, -4, 6, 10, 8
-1,11:6, 6, -4, -4, 2, 10, -4, -4, 6, 10, 10
-1,11:6, 6, -4, -4, 2, 10, -4, -4, 6, 10, 12
-5,8:6, 6, -4, -4, 2, 10, 0, -12, -16, -4, -10
-5,8:6, 6, -4, -4, 2, 10, 0, -12, -16, -4, -8
-5,8:6, 6, -4, -4, 2, 10, 0, -12, -16, -4, -2
7,13:6, 6, -4, -4, 10, 0, 8, 0, 8, 20, 16
7,13:6, 6, -4, -4, 10, 0, 8, 0, 8, 20, 18
7,13:6, 6, -4, -4, 10, 0, 8, 0, 8, 20, 20
7,8:6, 6, -4, -4, 10, 6, 18, 18, -8, 26, 26
0,14:6, 6, -4, -4, 16, -2, 10, 24, 14, 16, 16
0,14:6, 6, -4, -4, 16, 10, 24, 14, 16, 16, -2
-3,14:6, 6, -4, 0, 10, 6, 18, 4, 0, 18, -2
-3,14:6, 6, -4, 0, 10, 6, 18, 4, 4, 18, -6
-3,14:6, 6, -4, 0, 10, 6, 18, 4, 4, 18, 0
3,3:6, 6, -4, 0, 10, 6, 18, 22, 8, 6, 18
3,3:6, 6, -4, 0, 10, 6, 18, 22, 8, 6, 20
3,3:6, 6, -4, 0, 10, 6, 18, 22, 8, 6, 22
3,3:6, 6, -4, 0, 10, 6, 18, 22, 8, 18, 6
3,3:6, 6, -4, 0, 10, 6, 18, 22, 8, 18, 8
3,3:6, 6, -4, 0, 10, 6, 18, 22, 8, 18, 10
9,7:6, 6, -4, 0, 10, 14, 18, 12, 26, 0, 8
9,7:6, 6, -4, 0, 10, 14, 18, 12, 26, 8, 0
-14,8:6, 6, -4, 2, 10, -2, 20, 16, 32, 26, 24
4,1:6, 6, -4, 2, 10, 6, 4, -6, -2, 8, 14
-5,-2:6, 6, -4, 2, 10, 6, 4, -6, -2, 8, 16
4,1:6, 6, -4, 2, 10, 6, 4, -6, -2, 14, 8
4,1:6, 6, -4, 2, 10, 6, 4, -6, -2, 14, 12
-5,-2:6, 6, -4, 2, 10, 6, 4, -6, -2, 16, 8
-5,-2:6, 6, -4, 2, 10, 6, 4, -6, -2, 16, 12
-7,4:6, 6, -4, 2, 10, 6, 12, 10, 10, -2, 12
-7,4:6, 6, -4, 2, 10, 6, 12, 10, 10, 12, -2
-7,4:6, 6, -4, 2, 10, 6, 12, 10, 10, 12, 0
-7,4:6, 6, -4, 2, 10, 6, 12, 10, 10, 12, 2
6,16:6, 6, -4, 2, 10, 14, 18, 4, 8, 2, 22
1,21:6, 6, -4, 2, 10, 14, 18, 12, 4, 26, 6
1,7:6, 6, -2, -4, -4, -10, -8, -10, -2, 16, 8
4,18:6, 6, -2, -4, -4, 12, 0, 16, 0, 26, 2
4,18:6, 6, -2, -4, -4, 12, 0, 16, 0, 26, 4
4,18:6, 6, -2, -4, -4, 12, 0, 16, 0, 26, 6
2,-3:6, 6, -2, -4, -4, 12, 10, 2, -8, -8, -4
4,18:6, 6, -2, -4, -4, 12, 16, -4, 8, 26, 2
4,18:6, 6, -2, -4, -4, 12, 16, -4, 8, 26, 4
4,18:6, 6, -2, -4, -4, 12, 16, -4, 8, 26, 6
4,18:6, 6, -2, -4, -4, 12, 16, 26, 6, 6, 26
4,18:6, 6, -2, -4, -4, 12, 16, 26, 6, 6, 28
4,18:6, 6, -2, -4, -4, 12, 16, 26, 6, 6, 30
4,18:6, 6, -2, -4, -4, 12, 16, 26, 6, 26, 6
4,18:6, 6, -2, -4, -4, 12, 16, 26, 6, 26, 8
-2,-1:6, 6, -2, -4, -2, -4, -4, -6, 2, -14, 2
-2,-1:6, 6, -2, -4, -2, -4, -4, -6, 2, 2, -14
-2,-1:6, 6, -2, -4, -2, -4, -4, -6, 2, 2, -12
1,1:6, 6, -2, -4, -2, -4, -4, 4, -14, 12, 2
14,10:6, 6, -2, -2, -2, -10, -2, -2, 10, 14, 22
14,10:6, 6, -2, -2, -2, -10, -2, -2, 10, 14, 26
17,-7:6, 6, -2, -2, 8, -2, -14, -10, -22, -22, 0
17,-7:6, 6, -2, -2, 8, -2, -14, -10, -22, 0, -22
15,-4:6, 6, -2, -2, 8, -2, -14, -4, 16, 0, -18
0,5:6, 6, -2, 4, 10, 2, 2, -8, 16, 6, -2
0,5:6, 6, -2, 4, 10, 2, 2, -8, 16, 6, 0
0,5:6, 6, -2, 4, 10, 2, 2, -8, 16, 6, 2
8,8:6, 6, -2, 4, 10, 12, 14, 2, 14, 16, 12
8,8:6, 6, -2, 4, 10, 12, 14, 2, 14, 16, 14
8,8:6, 6, -2, 4, 10, 12, 14, 2, 14, 16, 16
6,17:6, 6, -2, 4, 10, 12, 20, 12, 0, 12, 22
6,17:6, 6, -2, 4, 10, 12, 20, 12, 0, 22, 12
5,14:6, 6, -2, 12, 0, 18, 4, 8, 12, 22, 18
5,14:6, 6, -2, 12, 0, 18, 4, 8, 12, 22, 20
4,6:6, 6, -2, 12, 2, 10, 8, 20, 24, 10, 12
-2,17:6, 6, -2, 12, 10, 8, 0, 4, 20, 2, 20
-2,17:6, 6, -2, 12, 10, 8, 0, 4, 20, 20, 2
5,9:6, 6, -2, 12, 10, 8, 6, -4, 4, 2, -10
5,9:6, 6, -2, 12, 10, 8, 6, -4, 4, 2, -8
5,9:6, 6, -2, 12, 10, 8, 6, -4, 4, 2, -6
6,-8:6, 6, -2, 16, 4, -6, -8, 4, 8, -6, -4
-6,5:6, 6, 8, -4, -8, -10, -12, -20, -8, 6, 4
-6,5:6, 6, 8, -4, -8, -10, -12, -20, 6, 6, -10
-6,5:6, 6, 8, -4, -8, -10, -12, -20, 6, 6, -6
-6,5:6, 6, 8, -4, -8, -10, -12, -6, 6, 4, -20
-6,5:6, 6, 8, -4, -8, -10, -12, -6, 6, 4, -10
8,5:6, 6, 8, -4, -8, -10, -12, -2, -2, -14, -2
8,5:6, 6, 8, -4, -8, -10, -12, -2, -2, -2, -14
-6,5:6, 6, 8, -4, -8, -10, -4, -4, 6, 4, -18
-6,5:6, 6, 8, -4, -8, -10, -4, -4, 6, 4, -8
8,14:6, 6, 8, -4, -8, -8, 6, 2, -8, -12, 18
-6,5:6, 6, 8, -4, -8, 0, -10, 0, 6, 4, -6
-6,5:6, 6, 8, -4, -8, 0, -10, 0, 6, 4, -4
-6,5:6, 6, 8, -4, -8, 0, -10, 0, 6, 4, -2
-6,5:6, 6, 8, -4, -8, 0, 6, 4, -12, 2, 6
-6,5:6, 6, 8, -4, -8, 0, 6, 4, -12, 2, 8
-6,5:6, 6, 8, -4, -8, 0, 6, 4, -12, 2, 10
-6,5:6, 6, 8, -4, -8, 0, 6, 6, 0, 2, -6
5,14:6, 6, 8, -4, -8, 10, 16, 6, 6, 2, 10
5,-1:6, 6, 8, -4, -4, 10, 2, 14, 14, 22, 14
5,-1:6, 6, 8, -4, -4, 10, 2, 14, 14, 22, 16
5,-1:6, 6, 8, -4, -4, 10, 2, 14, 14, 22, 18
5,-1:6, 6, 8, -4, -4, 10, 2, 20, 12, 22, 6
5,-1:6, 6, 8, -4, -4, 10, 2, 20, 12, 22, 8
5,-1:6, 6, 8, -4, -4, 10, 2, 20, 12, 22, 10
5,-1:6, 6, 8, -4, -4, 10, 10, 18, 16, 14, 22
5,-1:6, 6, 8, -4, -4, 10, 10, 18, 26, 16, 18
5,-1:6, 6, 8, -4, -4, 10, 10, 18, 26, 16, 20
5,-1:6, 6, 8, -4, -4, 10, 10, 18, 26, 16, 22
5,-1:6, 6, 8, -4, -4, 10, 10, 24, 18, 10, 20
5,-1:6, 6, 8, -4, -4, 10, 10, 24, 18, 10, 24
5,-1:6, 6, 8, -4, -4, 10, 10, 24, 18, 24, 10
5,-1:6, 6, 8, -4, -4, 10, 10, 24, 18, 24, 20
5,-1:6, 6, 8, -4, -4, 10, 10, 24, 26, 26, 12
5,-1:6, 6, 8, -4, -4, 10, 10, 24, 26, 26, 22
5,-1:6, 6, 8, -4, -4, 10, 12, 6, 16, 22, 10
5,-1:6, 6, 8, -4, -4, 10, 12, 6, 16, 22, 12
5,-1:6, 6, 8, -4, -4, 10, 12, 6, 16, 22, 14
5,-1:6, 6, 8, -4, -4, 10, 12, 22, 16, 18, 10
5,-1:6, 6, 8, -4, -4, 10, 14, 8, 14, 18, 26
5,-1:6, 6, 8, -4, -4, 10, 14, 8, 18, 10, 18
5,-1:6, 6, 8, -4, -4, 10, 14, 8, 18, 14, 22
5,-1:6, 6, 8, -4, -4, 10, 14, 8, 18, 14, 24
5,-1:6, 6, 8, -4, -4, 10, 14, 8, 18, 14, 26
5,-1:6, 6, 8, -4, -4, 10, 14, 8, 18, 18, 22
5,-1:6, 6, 8, -4, -4, 10, 14, 8, 18, 18, 26
5,-1:6, 6, 8, -4, -4, 10, 14, 8, 18, 22, 14
5,-1:6, 6, 8, -4, -4, 10, 14, 8, 18, 22, 16
5,-1:6, 6, 8, -4, -4, 10, 14, 8, 18, 22, 18
5,-1:6, 6, 8, -4, -4, 10, 14, 8, 30, 16, 16
5,-1:6, 6, 8, -4, -4, 10, 14, 8, 30, 16, 18
5,-1:6, 6, 8, -4, -4, 10, 14, 8, 30, 16, 20
5,-1:6, 6, 8, -4, -4, 10, 14, 24, 22, 14, 8
5,-1:6, 6, 8, -4, -4, 10, 14, 24, 22, 14, 10
5,-1:6, 6, 8, -4, -4, 10, 14, 24, 22, 14, 12
-8,13:6, 6, 8, -4, -4, 10, 14, 30, 6, 8, 22
5,-1:6, 6, 8, -4, -4, 10, 20, 16, 14, 16, 18
5,-1:6, 6, 8, -4, -4, 10, 20, 16, 14, 16, 28
5,-1:6, 6, 8, -4, -4, 10, 20, 16, 16, 28, 14
5,-1:6, 6, 8, -4, -4, 10, 20, 16, 16, 28, 18
5,-1:6, 6, 8, -4, -4, 10, 20, 22, 12, 14, 6
12,-4:6, 6, 8, -4, 2, -6, -2, -14, -14, 2, -2
12,-4:6, 6, 8, -4, 2, -6, -2, -14, 2, -2, -14
11,5:6, 6, 8, -4, 2, 10, -8, -4, -4, 18, 4
11,5:6, 6, 8, -4, 2, 10, -8, -4, 18, 4, -4
-2,4:6, 6, 8, -4, 2, 10, 4, -8, 8, 10, 22
-2,4:6, 6, 8, -4, 2, 10, 4, -8, 20, 22, 8
0,20:6, 6, 8, -4, 2, 10, 4, 18, 4, 22, 32
0,11:6, 6, 8, -4, 2, 10, 20, 12, -4, 12, 22
0,11:6, 6, 8, -4, 2, 10, 20, 12, -4, 22, 12
0,11:6, 6, 8, -4, 2, 10, 20, 12, 12, 22, -4
3,1:6, 6, 8, -4, 10, -2, 14, 4, 22, 10, 18
3,1:6, 6, 8, -4, 10, -2, 14, 4, 22, 10, 22
3,1:6, 6, 8, -4, 10, -2, 14, 4, 22, 18, 10
3,1:6, 6, 8, -4, 10, -2, 14, 4, 22, 18, 12
-6,13:6, 6, 8, 2, 10, 2, 2, 8, -6, 12, 20
-6,13:6, 6, 8, 2, 10, 2, 2, 8, -6, 20, 12
-10,7:6, 6, 8, 2, 10, 14, 2, -2, -2, 12, 10
-10,7:6, 6, 8, 2, 10, 14, 2, -2, -2, 12, 12
-10,7:6, 6, 8, 2, 10, 14, 2, -2, -2, 12, 14
-10,7:6, 6, 8, 2, 10, 14, 2, -2, 12, 12, -2
-10,7:6, 6, 8, 2, 10, 14, 2, -2, 12, 12, 0
-10,7:6, 6, 8, 2, 10, 14, 2, -2, 12, 12, 2
1,1:6, 6, 8, 2, 10, 14, 2, 2, 16, 16, 20
1,1:6, 6, 8, 2, 10, 14, 2, 2, 16, 16, 26
1,1:6, 6, 8, 2, 10, 14, 2, 2, 16, 20, 22
1,1:6, 6, 8, 2, 10, 14, 2, 16, 16, 20, 2
0,3:6, 6, 8, 10, 2, 16, 6, 22, 10, 0, 4
-7,16:6, 6, 8, 10, 2, 16, 12, 24, 10, 6, 24
-7,16:6, 6, 8, 10, 2, 16, 12, 24, 10, 24, 6
-8,10:6, 6, 8, 10, 2, 16, 22, 16, 6, 6, 20
-4,5:6, 6, 8, 10, 4, 20, 16, -2, 26, 10, 18
-4,5:6, 6, 8, 10, 4, 20, 16, -2, 26, 10, 26
-4,5:6, 6, 8, 10, 4, 20, 16, -2, 26, 18, 10
-12,0:6, 6, 8, 10, 18, -2, 18, 30, 34, 20, 22
-18,11:6, 6, 8, 10, 18, 18, 30, 16, 16, 30, 0
-12,0:6, 6, 8, 10, 18, 18, 30, 34, 20, 22, -2
-12,0:6, 6, 8, 10, 18, 18, 30, 34, 20, 22, 8
-18,11:6, 6, 8, 10, 18, 26, 30, 10, 16, 30, 12
-18,11:6, 6, 8, 10, 18, 26, 30, 10, 16, 30, 14
-18,11:6, 6, 8, 10, 18, 26, 30, 10, 16, 30, 16
-1,-1:6, 6, 14, 6, 10, 8, 6, 18, 22, 8, 10
-4,18:6, 6, 14, 10, -4, 16, -2, 10, 12, 26, 24
-4,18:6, 6, 14, 10, -4, 16, -2, 10, 26, 24, 12
-4,18:6, 6, 14, 10, -4, 16, -2, 12, 26, 24, 14
-4,18:6, 6, 14, 10, -4, 16, -2, 12, 26, 24, 16
-7,16:6, 6, 14, 10, -4, 16, 20, 24, -2, 24, -6
-7,16:6, 6, 14, 10, -4, 16, 20, 24, -2, 24, -4
-7,16:6, 6, 14, 10, -4, 16, 20, 24, -2, 24, -2
11,3:6, 6, 14, 10, 4, 4, 6, -6, -6, 12, 2
11,3:6, 6, 14, 10, 4, 4, 6, -6, 12, 2, -6
-11,6:6, 6, 14, 10, 16, 12, 18, 16, 16, 4, 18
-11,6:6, 6, 14, 10, 16, 12, 18, 16, 16, 18, 4
-7,16:6, 6, 14, 10, 16, 22, 2, -8, 24, 24, 12
-7,16:6, 6, 14, 10, 16, 22, 2, 24, 12, 24, -8
-7,16:6, 6, 14, 10, 16, 22, 2, 24, 12, 24, 2
4,17:6, 6, 16, -16, 4, 2, 14, 0, -4, -6, 14
4,17:6, 6, 16, -16, 4, 2, 14, 0, -4, 14, -6
4,17:6, 6, 16, -16, 4, 2, 14, 0, 0, 14, -10
4,17:6, 6, 16, -16, 4, 2, 14, 0, 0, 14, -4
10,6:6, 6, 16, -16, 4, 2, 14, 18, 4, 2, 14
10,6:6, 6, 16, -16, 4, 2, 14, 18, 4, 2, 16
10,6:6, 6, 16, -16, 4, 2, 14, 18, 4, 2, 18
10,6:6, 6, 16, -16, 4, 2, 14, 18, 4, 14, 2
10,6:6, 6, 16, -16, 4, 2, 14, 18, 4, 14, 4
10,6:6, 6, 16, -16, 4, 2, 14, 18, 4, 14, 6
16,10:6, 6, 16, -16, 4, 10, 14, 8, 22, -4, 4
16,10:6, 6, 16, -16, 4, 10, 14, 8, 22, 4, -4
0,19:6, 6, 16, -16, 14, 14, 16, 4, 0, 14, 12
9,9:6, 6, 16, -8, -18, -8, 4, -10, 10, -2, 2
13,-7:6, 6, 16, -8, -8, -18, -18, -18, 2, -12, -6
13,-7:6, 6, 16, -8, -8, -18, -18, -18, 2, -12, 4
13,-7:6, 6, 16, -8, -8, -18, -18, -18, 2, -6, -2
13,-7:6, 6, 16, -8, -8, -18, -18, -18, 2, -6, 2
13,-7:6, 6, 16, -8, -8, -18, -18, -18, 2, 4, -12
13,-7:6, 6, 16, -8, -8, -18, -18, -18, 2, 4, -10
13,-7:6, 6, 16, -8, -8, -18, -18, -18, 2, 4, -8
7,13:6, 6, 16, -8, -8, -18, -12, -4, -14, 4, -4
2,-1:6, 6, 16, -8, -8, -6, -18, -22, -8, -10, 6
2,-1:6, 6, 16, -8, -8, -6, -18, -22, -8, -10, 8
2,-1:6, 6, 16, -8, -8, -6, -18, -22, -8, -10, 10
2,-1:6, 6, 16, -8, -8, -6, -18, -22, -8, 6, -10
