13,-2:-4, -6, -8, -10, -20, -10, -2
13,-2:-4, -6, -8, -10, -20, -10, 0
13,-2:-4, -6, -8, -10, -20, -10, 2
13,-2:-4, -6, -8, -10, -10, -2, -20
7,2:-4, 2, 6, -14, -18, -18, 4
7,2:-4, 2, 6, -14, -18, 4, -18
7,2:-4, 2, 6, -14, -18, 4, -16
7,2:-4, 2, 6, -14, -18, 4, -14
9,-11:-4, -6, -8, -16, -28, -28, -8, -26
9,-11:-4, -6, -8, -16, -26, -28, -26, -8
13,-2:-4, -6, -8, -10, -20, -10, -6, -4
13,-2:-4, -6, -8, -10, -20, -10, -6, -2
13,-2:-4, -6, -8, -10, -20, -10, -6, 0
9,0:-4, -6, 6, -8, 0, -12, -20, 4
9,0:-4, -6, 6, -8, 0, -12, 4, -20
-1,6:-4, -6, 6, 0, -2, -30, -4, 0
-4,-9:-4, -6, 6, 4, -8, -16, -14, -14
-4,-9:-4, -6, 6, 4, -8, -16, -14, -10
-5,12:-4, -6, 6, 10, 12, 4, 10, 4
7,2:-4, 2, 6, -14, -18, -22, 4, -20
7,2:-4, 2, 6, -14, -18, -22, 4, -18
7,2:-4, 2, 6, -14, -18, -22, 4, -16
7,2:-4, 2, 6, -14, -18, -18, 6, 6
7,2:-4, 2, 6, -14, -18, -18, 6, 8
7,2:-4, 2, 6, -14, -18, -18, 10, 6
7,2:-4, 2, 6, -14, -18, -18, 10, 8
7,2:-4, 2, 6, -14, -18, -18, 10, 10
3,1:-4, 2, 6, -14, 2, -12, 4, -8
0,-9:-4, 2, 6, -8, -4, 10, -18, -4
0,-9:-4, 2, 6, -8, -4, 10, -18, -2
0,-9:-4, 2, 6, -8, -4, 10, -18, 0
0,-9:-4, 2, 6, -8, -4, 10, -4, -18
0,-9:-4, 2, 6, -8, -4, 10, -4, -16
0,-9:-4, 2, 6, -8, -4, 10, -4, -14
15,-2:-4, 2, 6, 6, 12, -14, 0, 16
15,-2:-4, 2, 6, 6, 12, -14, 0, 20
15,-2:-4, 2, 6, 6, 12, -14, 16, 0
9,-3:-4, 4, -2, -12, -2, -10, -18, -2
4,8:6, 6, -4, -4, 16, -2, 16, 16
4,8:6, 6, -4, -4, 16, -2, 16, 18
4,8:6, 6, -4, -4, 16, -2, 16, 20
4,8:6, 6, -4, -4, 16, 16, 16, -2
0,14:6, 6, 8, 10, 12, 12, 0, 22
0,14:6, 6, 8, 10, 12, 12, 22, 0
0,14:6, 6, 8, 10, 12, 12, 22, 2
0,14:6, 6, 8, 10, 12, 12, 22, 4
-3,12:6, 6, 14, 10, 4, 6, 6, 6
5,1:-4, -12, -14, -4, -4, -10, -18, -6, 6
5,1:-4, -12, -14, -4, -4, -10, -18, -6, 8
5,1:-4, -12, -14, -4, -4, -10, -18, -6, 10
5,1:-4, -12, -14, -4, -4, -10, -6, 6, -18
5,1:-4, -12, -14, -4, -4, -10, -6, 6, -14
5,-2:-4, -12, -8, -18, -20, -4, 8, 14, 8
3,13:-4, -12, 4, -6, -14, 2, 2, 2, 8
2,-1:-4, -12, 4, -6, 0, -16, -10, -4, -4
-2,10:-4, -12, 4, 4, 4, 10, -12, -4, 6
-2,10:-4, -12, 4, 4, 4, 10, -12, 6, -4
-2,10:-4, -12, 4, 4, 4, 10, -12, 6, -2
-2,10:-4, -12, 4, 4, 4, 10, -12, 6, 0
-2,10:-4, -12, 4, 4, 4, 10, -4, 6, -12
-2,10:-4, -12, 4, 4, 4, 10, -4, 6, -8
9,-11:-4, -6, -8, -16, -28, -28, -28, -8, -30
9,-11:-4, -6, -8, -16, -28, -28, -28, -8, -28
9,-11:-4, -6, -8, -16, -28, -28, -8, -32, -32
9,-11:-4, -6, -8, -16, -28, -28, -8, -32, -30
9,-11:-4, -6, -8, -16, -28, -28, -8, -32, -28
13,-2:-4, -6, -8, -10, -20, -10, -6, 4, -2
13,-2:-4, -6, -8, -10, -20, -10, -6, 4, 0
13,-2:-4, -6, -8, -10, -20, -10, -6, 4, 2
13,-2:-4, -6, -8, -10, -20, -10, 4, 6, -2
5,1:-4, -6, -8, -10, -20, -2, 2, 2, 6
5,1:-4, -6, -8, -10, -20, -2, 2, 2, 8
5,1:-4, -6, -8, -10, -20, -2, 2, 2, 10
5,1:-4, -6, -8, -10, -20, -2, 2, 10, 4
5,1:-4, -6, -8, -10, -20, -2, 2, 10, 6
5,1:-4, -6, -8, -10, -20, -2, 2, 10, 8
5,1:-4, -6, -8, -10, -2, 2, 2, 6, -20
5,1:-4, -6, -8, -10, -2, 2, 2, 6, -10
16,-8:-4, -6, -8, -2, -12, -16, -18, -34, -30
9,-3:-4, -6, 6, -8, -10, 4, -18, -20, -28
9,0:-4, -6, 6, -8, 0, -12, -20, 0, 2
9,0:-4, -6, 6, -8, 0, -12, -20, 6, 0
9,0:-4, -6, 6, -8, 0, -12, -20, 6, 6
9,0:-4, -6, 6, -8, 0, -12, -20, 6, 8
9,0:-4, -6, 6, -8, 0, -12, -20, 10, 6
9,0:-4, -6, 6, -8, 0, -12, -20, 10, 8
9,0:-4, -6, 6, -8, 0, -12, -20, 10, 10
-4,-9:-4, -6, 6, 4, -8, -16, -22, -10, -2
-4,-9:-4, -6, 6, 4, -8, -16, -22, -10, 8
-4,-9:-4, -6, 6, 4, -8, -16, -22, -2, -10
-4,-9:-4, -6, 6, 4, -8, -16, -18, -2, -10
-4,-9:-4, -6, 6, 4, -8, -16, -18, -2, -8
-4,-9:-4, -6, 6, 4, -8, -16, -18, -2, -6
-4,-9:-4, -6, 6, 4, -8, -16, -14, -12, -20
-4,-9:-4, -6, 6, 4, -8, -16, -14, -12, -18
-4,-9:-4, -6, 6, 4, -8, -16, -14, -12, -16
-4,-9:-4, -6, 6, 4, -8, -16, -10, -2, -18
-4,-9:-4, -6, 6, 4, -8, -16, -10, -2, -16
-4,-9:-4, -6, 6, 4, -8, -16, -10, -2, -14
-4,-9:-4, -6, 6, 4, -8, -16, -8, -2, -18
-4,-9:-4, -6, 6, 4, -8, -16, -8, -2, -16
-4,-9:-4, -6, 6, 4, -8, -16, 2, 14, 0
-4,-9:-4, -6, 6, 4, -8, -16, 2, 14, 2
-4,-9:-4, -6, 6, 4, -8, -16, 2, 14, 4
13,7:-4, -6, 6, 10, -10, 0, 4, -14, -6
4,-8:-4, -6, 6, 10, -4, 2, 2, 0, 2
4,-8:-4, -6, 6, 10, -4, 2, 2, 0, 6
4,-8:-4, -6, 6, 10, -4, 2, 2, 4, -6
4,-8:-4, -6, 6, 10, -4, 2, 2, 4, -4
4,-8:-4, -6, 6, 10, -4, 2, 2, 4, -2
-5,12:-4, -6, 6, 10, 12, 4, 10, 14, 4
-5,12:-4, -6, 6, 10, 12, 4, 10, 16, 4
12,-32:-4, 2, 0, -8, 4, -30, -22, -16, -24
7,2:-4, 2, 6, -14, -18, -22, -12, 4, -18
7,2:-4, 2, 6, -14, -18, -22, -12, 4, -16
7,2:-4, 2, 6, -14, -18, -22, -12, 4, -14
7,2:-4, 2, 6, -14, -18, -18, 6, 10, 4
7,2:-4, 2, 6, -14, -18, -18, 6, 10, 6
7,2:-4, 2, 6, -14, -18, -18, 6, 10, 8
3,1:-4, 2, 6, -14, 2, -12, -8, 6, 6
3,1:-4, 2, 6, -14, 2, -12, 10, -8, 6
3,1:-4, 2, 6, -14, 2, -12, 10, -8, 8
3,1:-4, 2, 6, -14, 2, -12, 10, -8, 10
0,-9:-4, 2, 6, -8, -4, 10, -18, -8, -6
0,-9:-4, 2, 6, -8, -4, 10, -18, -8, -4
0,-9:-4, 2, 6, -8, -4, 10, -18, -8, -2
0,-9:-4, 2, 6, -8, -4, 10, -10, -4, -16
0,-9:-4, 2, 6, -8, -4, 10, -10, -4, -14
0,-9:-4, 2, 6, -8, -4, 10, -10, -4, -12
9,10:-4, 2, 6, 4, 10, 10, -6, 4, 16
15,-2:-4, 2, 6, 6, 12, -14, 0, 18, 10
15,-2:-4, 2, 6, 6, 12, -14, 0, 18, 12
15,-2:-4, 2, 6, 6, 12, -14, 0, 18, 14
7,-5:-4, 4, -2, -12, -2, 8, 0, 18, 0
7,-5:-4, 4, -2, -12, -2, 8, 10, 0, 8
7,-5:-4, 4, -2, -12, -2, 8, 10, 0, 18
14,-2:6, -4, -4, -12, -8, -4, -4, -2, -4
16,1:6, -4, -4, -6, -8, -10, -20, -10, -2
16,1:6, -4, -4, -6, -8, -10, -20, -10, 0
16,1:6, -4, -4, -6, -8, -10, -20, -10, 2
16,1:6, -4, -4, -6, -8, -10, -10, -2, -20
10,5:6, -4, -4, 2, 6, -14, -18, -18, 4
10,5:6, -4, -4, 2, 6, -14, -18, 4, -18
10,5:6, -4, -4, 2, 6, -14, -18, 4, -16
10,5:6, -4, -4, 2, 6, -14, -18, 4, -14
0,16:6, 6, -4, -4, -4, -10, -18, 16, 2
0,16:6, 6, -4, -4, -4, -10, 16, 2, -18
0,16:6, 6, -4, -4, -4, -10, 16, 2, -14
4,8:6, 6, -4, -4, -4, 16, 16, 16, -6
4,8:6, 6, -4, -4, -4, 16, 16, 16, -4
-7,1:6, 6, -4, -4, 10, 6, -8, 2, 16
-7,1:6, 6, -4, -4, 10, 6, -8, 2, 18
-7,1:6, 6, -4, -4, 10, 6, -8, 2, 20
-7,1:6, 6, -4, -4, 10, 6, -8, 16, 2
-7,1:6, 6, -4, -4, 10, 6, -8, 16, 4
-7,1:6, 6, -4, -4, 10, 6, -8, 16, 6
4,8:6, 6, -4, -4, 16, -8, 16, 16, -8
4,8:6, 6, -4, -4, 16, -8, 16, 16, -6
4,8:6, 6, -4, -4, 16, -8, 16, 16, -4
3,4:6, 6, -4, -4, 16, -2, 0, 14, 10
4,8:6, 6, -4, -4, 16, -2, 16, 24, 18
4,8:6, 6, -4, -4, 16, -2, 16, 24, 20
4,8:6, 6, -4, -4, 16, -2, 16, 24, 22
-1,10:6, 6, -2, 4, 8, 4, 12, 16, 4
14,-4:6, 6, 8, -4, -8, -10, -2, -8, -2
-7,-3:6, 6, 8, -4, -2, 10, 18, 16, 12
-7,-3:6, 6, 8, -4, -2, 10, 18, 16, 16
8,0:6, 6, 8, -4, 2, 4, 24, 6, 2
2,10:6, 6, 8, -4, 10, -2, 2, 14, 22
2,10:6, 6, 8, -4, 10, 2, 14, 22, -2
0,14:6, 6, 8, 10, 12, 12, 8, 22, 2
0,14:6, 6, 8, 10, 12, 12, 8, 22, 4
0,14:6, 6, 8, 10, 12, 12, 8, 22, 6
-9,10:6, 6, 8, 10, 18, 26, 30, 10, 28
-9,10:6, 6, 8, 10, 18, 28, 30, 28, 10
-5,13:-4, -14, -8, 20, 10, 10, 30, 12, 30, 30
-5,13:-4, -14, -8, 20, 10, 10, 30, 12, 30, 32
-5,13:-4, -14, -8, 20, 10, 10, 30, 12, 30, 34
-5,13:-4, -14, -8, 20, 10, 10, 30, 30, 30, 12
-9,19:-4, -14, -8, 20, 22, 24, 26, 26, 14, 36
-9,19:-4, -14, -8, 20, 22, 24, 26, 26, 36, 14
-9,19:-4, -14, -8, 20, 22, 24, 26, 26, 36, 16
-9,19:-4, -14, -8, 20, 22, 24, 26, 26, 36, 18
-12,17:-4, -14, -8, 20, 28, 24, 18, 20, 20, 20
3,3:-4, -14, 10, -2, 0, -6, -4, 16, 20, 10
3,3:-4, -14, 10, -2, 0, -6, 20, -4, 10, 16
3,3:-4, -14, 10, -2, 0, -6, 20, -4, 10, 24
11,11:-4, -14, 10, -2, 0, 20, 10, 2, 14, 4
4,13:-4, -14, 10, 20, 10, 10, 16, 20, 0, 18
4,13:-4, -14, 10, 20, 10, 10, 18, 20, 18, 0
15,11:-4, -14, 14, -2, -12, -12, 8, -10, 8, 8
15,11:-4, -14, 14, -2, -12, -12, 8, -10, 8, 10
15,11:-4, -14, 14, -2, -12, -12, 8, -10, 8, 12
15,11:-4, -14, 14, -2, -12, -12, 8, 8, 8, -10
11,17:-4, -14, 14, -2, 0, 2, 4, 4, -8, 14
11,17:-4, -14, 14, -2, 0, 2, 4, 4, 14, -8
11,17:-4, -14, 14, -2, 0, 2, 4, 4, 14, -6
11,17:-4, -14, 14, -2, 0, 2, 4, 4, 14, -4
8,15:-4, -14, 14, -2, 6, 2, -4, -2, -2, -2
5,1:-4, -12, -14, -4, -4, -10, -6, -16, 6, -12
5,1:-4, -12, -14, -4, -4, -10, -6, -16, 6, -10
5,1:-4, -12, -14, -4, -4, -10, -6, -16, 6, -8
8,3:-4, -12, -14, -4, -2, 6, 4, 10, 2, 8
8,3:-4, -12, -14, -4, -2, 6, 4, 10, 2, 10
8,3:-4, -12, -14, -4, -2, 6, 4, 10, 2, 12
3,13:-4, -12, -14, 4, -6, -14, 2, 2, 2, 8
-1,5:-4, -12, -14, 4, -6, 6, 6, 6, -12, -6
2,-9:-4, -12, -8, -14, -20, -20, -2, -24, -12, 2
2,-9:-4, -12, -8, -14, -20, -20, -2, -24, -12, 4
2,-9:-4, -12, -8, -14, -20, -20, -2, -24, -12, 6
2,-9:-4, -12, -8, -14, -20, -20, -2, -24, 2, -12
17,6:-4, -12, -8, -14, 0, -14, -24, -24, -22, -18
5,-8:-4, -12, -8, -4, -4, -14, -22, -6, -2, 2
5,-8:-4, -12, -8, -4, -4, -14, -22, -6, -2, 12
5,-8:-4, -12, -8, -4, -4, -14, -22, -6, 0, 2
5,-8:-4, -12, -8, -4, -4, -14, -22, -6, 0, 12
5,-8:-4, -12, -8, -4, -4, -14, -22, -6, 4, 0
8,7:-4, -12, -8, -4, -4, -2, -14, 8, -2, 6
14,-4:-4, -12, -4, -4, 0, -10, -12, -28, -24, -4
14,-4:-4, -12, -4, -4, 0, -10, -12, -28, -24, 0
14,-4:-4, -12, -4, -4, 0, -10, -12, -28, -4, -24
14,-5:-4, -12, -4, -4, 0, -10, -12, -18, -8, 0
14,-5:-4, -12, -4, -4, 0, -10, -12, -18, -8, 2
14,-5:-4, -12, -4, -4, 0, -10, -12, -18, -8, 4
14,-5:-4, -12, -4, -4, 0, -10, -12, -18, 0, -8
14,-5:-4, -12, -4, -4, 0, -10, -12, -18, 0, -6
14,-5:-4, -12, -4, -4, 0, -10, -12, -18, 0, -4
8,3:-4, -12, -4, -2, 6, 4, 10, 2, 8, -14
3,0:-4, -12, 4, -6, -14, -8, -2, -2, -12, 8
18,0:-4, -12, 4, -6, 2, 2, 6, 10, -14, -6
18,0:-4, -12, 4, -6, 2, 2, 6, 10, -14, -4
11,6:-4, -12, 4, 4, -6, -8, -10, -20, 4, -8
11,6:-4, -12, 4, 4, -6, -8, -10, 4, -8, -20
11,6:-4, -12, 4, 4, -6, -8, -10, 4, -8, -10
-2,10:-4, -12, 4, 4, 4, 10, -14, -4, 6, -10
-2,10:-4, -12, 4, 4, 4, 10, -14, -4, 6, -8
-2,10:-4, -12, 4, 4, 4, 10, -14, -4, 6, -6
-2,10:-4, -12, 4, 4, 4, 10, -12, 4, 6, -2
-2,10:-4, -12, 4, 4, 4, 10, -12, 4, 6, 0
-2,10:-4, -12, 4, 4, 4, 10, -12, 4, 6, 2
3,4:-4, -12, 4, 6, 4, -2, -10, -4, 6, 6
19,2:-4, -6, -14, 6, -2, -22, 6, 0, -10, 10
9,-11:-4, -6, -8, -16, -28, -28, -28, -8, -32, -30
9,-11:-4, -6, -8, -16, -28, -28, -28, -8, -32, -28
9,-11:-4, -6, -8, -16, -28, -28, -28, -8, -32, -26
2,-12:-4, -6, -8, -16, -28, -28, -14, -4, -26, -18
2,-12:-4, -6, -8, -16, -28, -28, -14, -4, -26, -8
13,-2:-4, -6, -8, -10, -20, -10, -6, -6, -8, 0
13,-2:-4, -6, -8, -10, -20, -10, -6, 4, -6, -4
13,-2:-4, -6, -8, -10, -20, -10, -6, 4, -6, -2
13,-2:-4, -6, -8, -10, -20, -10, -6, 4, -6, 0
13,-2:-4, -6, -8, -10, -20, -10, 4, -6, -2, 2
13,-2:-4, -6, -8, -10, -20, -10, 4, -6, -2, 12
13,-2:-4, -6, -8, -10, -20, -10, 4, -4, 14, 0
13,-2:-4, -6, -8, -10, -20, -10, 4, -4, 14, 4
13,-2:-4, -6, -8, -10, -20, -10, 4, 6, 0, 4
13,-2:-4, -6, -8, -10, -20, -10, 4, 6, 0, 14
5,1:-4, -6, -8, -10, -20, -2, 2, 2, 14, 8
5,1:-4, -6, -8, -10, -20, -2, 2, 2, 14, 10
5,1:-4, -6, -8, -10, -20, -2, 2, 2, 14, 12
5,1:-4, -6, -8, -10, -20, -2, 2, 10, 0, 2
5,1:-4, -6, -8, -10, -20, -2, 2, 10, 0, 4
5,1:-4, -6, -8, -10, -20, -2, 2, 10, 0, 6
5,1:-4, -6, -8, -10, -20, -2, 2, 14, 2, -4
5,1:-4, -6, -8, -10, -20, -2, 2, 14, 2, -2
5,1:-4, -6, -8, -10, -20, -2, 2, 14, 2, 0
14,-36:-4, -6, -8, -4, -14, -2, -36, -28, -22, -30
16,-8:-4, -6, -8, -2, -12, -16, -18, -34, -34, -30
19,-6:-4, -6, -8, -2, -2, -16, -6, -22, -12, -8
19,-6:-4, -6, -8, -2, -2, -16, -6, -22, -12, 2
19,-6:-4, -6, -8, -2, -2, -16, -6, -22, -8, -12
13,-9:-4, -6, 0, -8, -18, -14, -10, -10, -8, -10
15,-6:-4, -6, 0, -8, -12, -14, -16, -26, -16, -8
15,-6:-4, -6, 0, -8, -12, -14, -16, -26, -16, -6
15,-6:-4, -6, 0, -8, -12, -14, -16, -26, -16, -4
15,-6:-4, -6, 0, -8, -12, -14, -16, -16, -8, -26
9,-2:-4, -6, 0, -8, -4, 0, -20, -24, -24, -2
9,-2:-4, -6, 0, -8, -4, 0, -20, -24, -2, -24
9,-2:-4, -6, 0, -8, -4, 0, -20, -24, -2, -22
9,-2:-4, -6, 0, -8, -4, 0, -20, -24, -2, -20
7,7:-4, -6, 6, -8, -18, -20, 0, 10, 2, 4
7,7:-4, -6, 6, -8, -18, 0, 10, 2, 4, -20
7,7:-4, -6, 6, -8, -18, 0, 10, 2, 4, -10
7,5:-4, -6, 6, -8, -12, -16, 4, -2, -16, 8
9,-3:-4, -6, 6, -8, -10, 0, -18, -20, -28, 2
9,-3:-4, -6, 6, -8, -10, 4, -18, -32, -28, -24
9,-3:-4, -6, 6, -8, -10, 4, -18, -32, -28, -14
9,-3:-4, -6, 6, -8, -10, 4, -18, -20, -26, -22
9,0:-4, -6, 6, -8, 0, -12, -20, 0, 4, 0
9,0:-4, -6, 6, -8, 0, -12, -20, 0, 4, 4
9,0:-4, -6, 6, -8, 0, -12, -20, 6, 10, 4
9,0:-4, -6, 6, -8, 0, -12, -20, 6, 10, 6
9,0:-4, -6, 6, -8, 0, -12, -20, 6, 10, 8
9,0:-4, -6, 6, -8, 0, -12, -20, 10, 2, 4
9,0:-4, -6, 6, -8, 0, -12, -20, 10, 2, 6
9,0:-4, -6, 6, -8, 0, -12, -20, 10, 2, 8
6,1:-4, -6, 6, 0, -8, -18, -20, 14, -10, -18
6,1:-4, -6, 6, 0, -8, -18, -20, 14, -10, -16
6,1:-4, -6, 6, 0, -8, -18, -20, 14, -10, -14
-1,6:-4, -6, 6, 0, -8, -2, -16, -8, -22, -14
-1,6:-4, -6, 6, 0, -8, -2, -16, -8, -22, -12
-1,6:-4, -6, 6, 0, -8, -2, -16, -8, -22, -10
-1,6:-4, -6, 6, 0, -8, -2, -16, -8, -14, -22
-1,6:-4, -6, 6, 0, -8, -2, -16, -8, -14, -20
-1,6:-4, -6, 6, 0, -8, -2, -16, -8, -14, -18
2,5:-4, -6, 6, 0, -8, -2, 0, 0, 0, -10
-2,12:-4, -6, 6, 0, 8, 4, -4, 0, 12, 0
-4,-9:-4, -6, 6, 4, -8, -16, -22, -18, -2, -10
-4,-9:-4, -6, 6, 4, -8, -16, -22, -8, -2, -16
-4,-9:-4, -6, 6, 4, -8, -16, -18, -12, -18, -8
-4,-9:-4, -6, 6, 4, -8, -16, -18, -12, -18, -6
-4,-9:-4, -6, 6, 4, -8, -16, -18, -12, -18, -4
-4,-9:-4, -6, 6, 4, -8, -16, -18, -2, -2, -8
-4,-9:-4, -6, 6, 4, -8, -16, -18, -2, -2, -6
-4,-9:-4, -6, 6, 4, -8, -16, -18, -2, -2, -4
-4,-9:-4, -6, 6, 4, -8, -16, -14, -20, -20, -12
-4,-9:-4, -6, 6, 4, -8, -16, -14, -20, -18, -20
-4,-9:-4, -6, 6, 4, -8, -16, -14, -20, -18, -18
-4,-9:-4, -6, 6, 4, -8, -16, -14, -20, -18, -16
-4,-9:-4, -6, 6, 4, -8, -16, -14, -20, -14, -26
-4,-9:-4, -6, 6, 4, -8, -16, -14, -20, -14, -16
-4,-9:-4, -6, 6, 4, -8, -16, -14, -12, -12, -18
-4,-9:-4, -6, 6, 4, -8, -16, -14, -12, -12, -16
-4,-9:-4, -6, 6, 4, -8, -16, -14, -12, -12, -14
-4,-9:-4, -6, 6, 4, -8, -16, -10, -22, -2, -20
-4,-9:-4, -6, 6, 4, -8, -16, -10, -22, -2, -18
-4,-9:-4, -6, 6, 4, -8, -16, -10, -22, -2, -16
-4,-9:-4, -6, 6, 4, -8, -16, -2, -14, -14, -6
-4,-9:-4, -6, 6, 4, -8, -16, -2, -14, -14, -4
-4,-9:-4, -6, 6, 4, -8, -16, -2, -14, -14, -2
-4,-9:-4, -6, 6, 4, -8, -16, -2, -14, -12, -14
-4,-9:-4, -6, 6, 4, -8, -16, -2, -12, -16, 0
-4,-9:-4, -6, 6, 4, -8, -16, -2, -12, -16, 8
-4,-9:-4, -6, 6, 4, -8, -16, -2, -12, 0, -16
-4,-9:-4, -6, 6, 4, -8, -16, -2, -12, 0, -8
-4,-9:-4, -6, 6, 4, -8, -16, 2, 14, 8, 2
-4,-9:-4, -6, 6, 4, -8, -16, 2, 14, 8, 4
-4,-9:-4, -6, 6, 4, -8, -16, 2, 14, 8, 6
9,3:-4, -6, 6, 10, -6, -16, -4, -4, -2, -14
4,-8:-4, -6, 6, 10, -4, 2, 2, -4, 2, -4
4,-8:-4, -6, 6, 10, -4, 2, 2, -4, 2, 0
4,-8:-4, -6, 6, 10, -4, 2, 2, -2, -8, 0
4,-8:-4, -6, 6, 10, -4, 2, 2, -2, 0, -8
4,-8:-4, -6, 6, 10, -4, 2, 2, -2, 0, -6
4,-8:-4, -6, 6, 10, -4, 2, 2, -2, 0, -4
4,-8:-4, -6, 6, 10, -4, 2, 2, 0, 4, 8
4,-8:-4, -6, 6, 10, -4, 2, 2, 0, 4, 10
4,-8:-4, -6, 6, 10, -4, 2, 2, 0, 4, 12
4,-8:-4, -6, 6, 10, -4, 2, 2, 4, 2, -4
4,-8:-4, -6, 6, 10, -4, 2, 2, 4, 2, -2
4,-8:-4, -6, 6, 10, -4, 2, 2, 4, 2, 0
4,-8:-4, -6, 6, 10, -4, 2, 2, 8, -4, 2
4,-8:-4, -6, 6, 10, -4, 2, 2, 8, 6, -6
4,-8:-4, -6, 6, 10, -4, 2, 2, 8, 6, 4
-3,11:-4, -6, 6, 10, 12, -6, -10, 14, 2, 2
-3,11:-4, -6, 6, 10, 12, -6, 14, 2, 2, -4
11,11:-4, 2, 0, -8, -16, -16, -10, -2, -24, -26
11,11:-4, 2, 0, -8, -16, -16, -10, -2, -24, -20
11,11:-4, 2, 0, -8, -16, -16, -10, -2, -24, -18
2,-20:-4, 2, 0, -8, 4, -36, -26, -30, -30, -40
2,-20:-4, 2, 0, -8, 4, -36, -26, -30, -30, -34
12,4:-4, 2, 2, -8, -16, -16, 4, -14, 4, 4
12,4:-4, 2, 2, -8, -16, -16, 4, -14, 4, 6
12,4:-4, 2, 2, -8, -16, -16, 4, -14, 4, 8
12,4:-4, 2, 2, -8, -16, -16, 4, 4, 4, -14
8,10:-4, 2, 2, -8, -4, -2, 0, 0, -12, 10
8,10:-4, 2, 2, -8, -4, -2, 0, 0, 10, -12
8,10:-4, 2, 2, -8, -4, -2, 0, 0, 10, -10
8,10:-4, 2, 2, -8, -4, -2, 0, 0, 10, -8
5,8:-4, 2, 2, -8, 2, -2, -8, -6, -6, -6
7,2:-4, 2, 6, -14, -18, -22, -12, -22, 4, -20
7,2:-4, 2, 6, -14, -18, -22, -12, -22, 4, -18
7,2:-4, 2, 6, -14, -18, -22, -12, -22, 4, -16
11,1:-4, 2, 6, -14, -18, -22, -8, 4, -14, -24
11,1:-4, 2, 6, -14, -18, -22, -8, 4, -14, -22
11,1:-4, 2, 6, -14, -18, -22, -8, 4, -14, -20
7,2:-4, 2, 6, -14, -18, -22, 4, -22, -24, -16
7,2:-4, 2, 6, -14, -18, -18, 10, 12, 14, 6
3,1:-4, 2, 6, -14, 2, -12, 6, 10, -8, 6
3,1:-4, 2, 6, -14, 2, -12, 10, 2, -8, 6
3,1:-4, 2, 6, -14, 2, -12, 10, 2, -8, 8
6,-1:-4, 2, 6, -8, -14, -16, -14, -16, 0, 0
6,-1:-4, 2, 6, -8, -14, -16, -14, -16, 0, 4
6,-1:-4, 2, 6, -8, -14, -16, -14, -16, 0, 10
0,5:-4, 2, 6, -8, -14, 4, -4, 0, 10, -6
0,5:-4, 2, 6, -8, -14, 4, -4, 0, 10, 4
0,-6:-4, 2, 6, -8, -14, 4, 4, -2, 0, -4
-2,4:-4, 2, 6, -8, -4, -10, 6, -4, -14, -4
-2,4:-4, 2, 6, -8, -4, -10, 6, -4, -14, -2
-2,4:-4, 2, 6, -8, -4, -10, 6, -4, -4, -14
-2,4:-4, 2, 6, -8, -4, -10, 6, -4, -4, -4
0,-9:-4, 2, 6, -8, -4, 10, -20, -22, -4, -14
0,-9:-4, 2, 6, -8, -4, 10, -18, -8, 2, -4
0,-9:-4, 2, 6, -8, -4, 10, -18, -8, 2, -2
0,-9:-4, 2, 6, -8, -4, 10, -18, -8, 2, 0
0,-9:-4, 2, 6, -8, -4, 10, -10, -20, -4, -18
0,-9:-4, 2, 6, -8, -4, 10, -10, -20, -4, -16
0,-9:-4, 2, 6, -8, -4, 10, -10, -20, -4, -14
0,-9:-4, 2, 6, -8, -4, 10, -10, -10, -8, -16
-1,6:-4, 2, 6, 0, -8, -4, -16, -14, -10, -20
-1,6:-4, 2, 6, 0, -8, -4, -16, -14, -10, -16
16,-1:-4, 2, 6, 6, 2, 2, 2, -4, -8, 2
16,-1:-4, 2, 6, 6, 2, 2, 2, -4, -8, 6
16,-1:-4, 2, 6, 6, 2, 2, 2, -4, 2, -8
15,-2:-4, 2, 6, 6, 12, -14, 0, 10, 10, 18
15,-2:-4, 2, 6, 6, 12, -14, 0, 10, 12, 10
15,-2:-4, 2, 6, 6, 12, -14, 0, 10, 12, 12
15,-2:-4, 2, 6, 6, 12, -14, 0, 10, 12, 14
15,-2:-4, 2, 6, 6, 12, -14, 0, 10, 16, 4
15,-2:-4, 2, 6, 6, 12, -14, 0, 10, 16, 14
15,-2:-4, 2, 6, 6, 12, -14, 0, 18, 18, 12
15,-2:-4, 2, 6, 6, 12, -14, 0, 18, 18, 14
15,-2:-4, 2, 6, 6, 12, -14, 0, 18, 18, 16
-12,5:-4, 4, -10, -12, 6, -4, -14, -2, 10, 10
9,6:-4, 4, -10, -12, 6, 4, 10, 0, -4, -14
8,9:-4, 4, -10, -8, 0, -4, -10, -8, -8, -8
2,-2:-4, 4, -10, 2, -16, -18, -26, -2, -8, -16
19,-3:-4, 4, -10, 2, -16, -10, -6, -8, -12, -2
6,-2:-4, 4, -2, 6, 0, 8, -6, -8, 6, -12
5,10:-4, 4, 4, -6, -14, 4, 6, 4, 22, 8
-14,6:-4, 4, 4, -6, -14, 4, 6, 6, 16, 20
-14,6:-4, 4, 4, -6, -14, 4, 6, 6, 16, 24
5,10:-4, 4, 4, -6, 4, 6, 4, 22, 8, -14
5,10:-4, 4, 4, -6, 4, 6, 4, 22, 8, -4
5,0:-4, 4, 4, 4, -14, 6, -2, 8, 16, 10
15,-2:-4, 4, 6, 6, 12, 10, 2, -14, 0, 12
15,-2:-4, 4, 6, 6, 12, 10, 2, -14, 0, 14
15,-2:-4, 4, 6, 6, 12, 10, 2, -14, 0, 16
12,-8:6, -4, -4, -6, -8, -16, -28, -28, -8, -26
12,-8:6, -4, -4, -6, -8, -16, -26, -28, -26, -8
16,1:6, -4, -4, -6, -8, -10, -20, -10, -6, -4
16,1:6, -4, -4, -6, -8, -10, -20, -10, -6, -2
16,1:6, -4, -4, -6, -8, -10, -20, -10, -6, 0
12,3:6, -4, -4, -6, 6, -8, 0, -12, -20, 4
12,3:6, -4, -4, -6, 6, -8, 0, -12, 4, -20
2,9:6, -4, -4, -6, 6, 0, -2, -30, -4, 0
-1,-6:6, -4, -4, -6, 6, 4, -8, -16, -14, -14
-1,-6:6, -4, -4, -6, 6, 4, -8, -16, -14, -10
-2,15:6, -4, -4, -6, 6, 10, 12, 4, 10, 4
10,5:6, -4, -4, 2, 6, -14, -18, -22, 4, -20
10,5:6, -4, -4, 2, 6, -14, -18, -22, 4, -18
10,5:6, -4, -4, 2, 6, -14, -18, -22, 4, -16
10,5:6, -4, -4, 2, 6, -14, -18, -18, 6, 6
10,5:6, -4, -4, 2, 6, -14, -18, -18, 6, 8
10,5:6, -4, -4, 2, 6, -14, -18, -18, 10, 6
10,5:6, -4, -4, 2, 6, -14, -18, -18, 10, 8
10,5:6, -4, -4, 2, 6, -14, -18, -18, 10, 10
6,4:6, -4, -4, 2, 6, -14, 2, -12, 4, -8
3,-6:6, -4, -4, 2, 6, -8, -4, 10, -18, -4
3,-6:6, -4, -4, 2, 6, -8, -4, 10, -18, -2
3,-6:6, -4, -4, 2, 6, -8, -4, 10, -18, 0
3,-6:6, -4, -4, 2, 6, -8, -4, 10, -4, -18
3,-6:6, -4, -4, 2, 6, -8, -4, 10, -4, -16
3,-6:6, -4, -4, 2, 6, -8, -4, 10, -4, -14
18,1:6, -4, -4, 2, 6, 6, 12, -14, 0, 16
18,1:6, -4, -4, 2, 6, 6, 12, -14, 0, 20
18,1:6, -4, -4, 2, 6, 6, 12, -14, 16, 0
12,0:6, -4, -4, 4, -2, -12, -2, -10, -18, -2
7,11:6, -4, 6, 6, -4, -4, 16, -2, 16, 16
7,11:6, -4, 6, 6, -4, -4, 16, -2, 16, 18
7,11:6, -4, 6, 6, -4, -4, 16, -2, 16, 20
7,11:6, -4, 6, 6, -4, -4, 16, 16, 16, -2
3,17:6, -4, 6, 6, 8, 10, 12, 12, 0, 22
3,17:6, -4, 6, 6, 8, 10, 12, 12, 22, 0
3,17:6, -4, 6, 6, 8, 10, 12, 12, 22, 2
3,17:6, -4, 6, 6, 8, 10, 12, 12, 22, 4
0,15:6, -4, 6, 6, 14, 10, 4, 6, 6, 6
0,16:6, 6, -4, -4, -4, -10, -16, 16, 2, -12
0,16:6, 6, -4, -4, -4, -10, -16, 16, 2, -10
0,16:6, 6, -4, -4, -4, -10, -16, 16, 2, -8
4,8:6, 6, -4, -4, -4, 16, -8, 16, 16, -6
4,8:6, 6, -4, -4, -4, 16, -8, 16, 16, -4
4,8:6, 6, -4, -4, -4, 16, -8, 16, 16, -2
3,4:6, 6, -4, -4, -4, 16, 0, 14, 10, -4
12,10:6, 6, -4, -4, -2, -8, -8, 8, -4, -14
-7,1:6, 6, -4, -4, 10, 6, -8, 2, 12, 14
-7,1:6, 6, -4, -4, 10, 6, -8, 2, 12, 16
-7,1:6, 6, -4, -4, 10, 6, -8, 2, 12, 18
-7,1:6, 6, -4, -4, 10, 6, -8, 10, 16, 4
-7,1:6, 6, -4, -4, 10, 6, -8, 10, 16, 6
-7,1:6, 6, -4, -4, 10, 6, -8, 10, 16, 8
3,4:6, 6, -4, -4, 16, -8, 0, 14, 10, -8
3,4:6, 6, -4, -4, 16, -8, 0, 14, 10, -6
3,4:6, 6, -4, -4, 16, -8, 0, 14, 10, -4
4,8:6, 6, -4, -4, 16, -2, 16, 24, 14, 16
4,8:6, 6, -4, -4, 16, -2, 16, 24, 14, 18
4,8:6, 6, -4, -4, 16, -2, 16, 24, 14, 20
-30,13:6, 6, -4, 2, 10, -2, 14, 18, 32, 26
12,-1:6, 6, -2, -2, 14, -2, -8, -4, 2, 10
12,-1:6, 6, -2, -2, 14, -2, -8, -4, 2, 14
12,-1:6, 6, -2, -2, 14, -2, -8, -4, 10, 2
12,-1:6, 6, -2, -2, 14, -2, -8, -4, 10, 4
12,-1:6, 6, -2, -2, 14, -2, -8, -4, 10, 6
12,-1:6, 6, -2, -2, 14, -2, -8, 2, 10, -4
-3,8:6, 6, -2, 4, 8, 4, -6, -8, -16, 2
-3,8:6, 6, -2, 4, 8, 4, -6, -8, 2, -16
-3,8:6, 6, -2, 4, 8, 4, -6, -8, 2, -6
1,3:6, 6, -2, 14, 8, -2, 18, -2, 12, 6
15,4:6, 6, -2, 14, 8, 0, 0, 16, 0, -6
14,-4:6, 6, 8, -4, -8, -10, -2, -8, -18, -2
14,-4:6, 6, 8, -4, -8, -10, -2, -8, -14, -2
-6,5:6, 6, 8, -4, -8, 0, 6, 0, -2, 4
-6,5:6, 6, 8, -4, -8, 0, 6, 0, -2, 6
-6,5:6, 6, 8, -4, -8, 0, 6, 0, -2, 8
-6,5:6, 6, 8, -4, -8, 0, 6, 0, 2, -4
-6,5:6, 6, 8, -4, -8, 0, 6, 0, 2, 0
9,14:6, 6, 8, -4, -8, 2, 10, -2, 12, 8
2,10:6, 6, 8, -4, -4, 10, 2, 14, 22, -6
2,10:6, 6, 8, -4, -4, 10, 2, 14, 22, -4
2,10:6, 6, 8, -4, -4, 10, 2, 14, 22, 2
-7,-3:6, 6, 8, -4, -2, 10, 18, -6, 8, 18
-7,-3:6, 6, 8, -4, -2, 10, 18, -6, 8, 20
-7,-3:6, 6, 8, -4, -2, 10, 18, -6, 12, 16
-7,-3:6, 6, 8, -4, -2, 10, 18, -6, 12, 18
-7,-3:6, 6, 8, -4, -2, 10, 18, -6, 12, 20
-7,-3:6, 6, 8, -4, -2, 10, 18, -6, 18, 8
-7,-3:6, 6, 8, -4, -2, 10, 18, -6, 18, 10
-7,-3:6, 6, 8, -4, -2, 10, 18, -6, 18, 12
-7,-3:6, 6, 8, -4, -2, 10, 18, -6, 24, 12
-7,-3:6, 6, 8, -4, -2, 10, 18, 0, -12, -2
-7,-3:6, 6, 8, -4, -2, 10, 18, 0, -12, 0
-7,-3:6, 6, 8, -4, -2, 10, 18, 0, -12, 2
-7,-3:6, 6, 8, -4, -2, 10, 18, 8, 18, -6
-7,-3:6, 6, 8, -4, -2, 10, 18, 8, 18, 4
-7,-3:6, 6, 8, -4, -2, 10, 18, 16, 14, 18
-7,-3:6, 6, 8, -4, -2, 10, 18, 16, 14, 20
-7,-3:6, 6, 8, -4, -2, 10, 18, 16, 14, 22
2,10:6, 6, 8, -4, 10, -8, 2, 14, 22, -8
2,10:6, 6, 8, -4, 10, -8, 2, 14, 22, -6
2,10:6, 6, 8, -4, 10, -8, 2, 14, 22, -4
-1,10:6, 6, 8, -4, 10, -2, 12, 20, 22, 30
2,10:6, 6, 8, -4, 10, 2, 14, 2, 22, 0
-6,17:6, 6, 8, 10, 4, 14, 18, 20, 32, 32
3,6:6, 6, 8, 10, 12, 4, 0, -8, -6, 12
3,6:6, 6, 8, 10, 12, 4, 0, -8, -6, 22
3,6:6, 6, 8, 10, 12, 4, 0, -8, 12, -6
3,6:6, 6, 8, 10, 12, 4, 0, -8, 12, -4
3,6:6, 6, 8, 10, 12, 4, 0, -8, 12, -2
3,6:6, 6, 8, 10, 12, 4, 0, -4, 12, -8
3,6:6, 6, 8, 10, 12, 4, 0, -4, 12, -6
3,6:6, 6, 8, 10, 12, 4, 0, -4, 12, -4
0,14:6, 6, 8, 10, 12, 12, 8, -2, 22, 0
0,14:6, 6, 8, 10, 12, 12, 8, -2, 22, 2
0,14:6, 6, 8, 10, 12, 12, 8, -2, 22, 4
0,14:6, 6, 8, 10, 12, 12, 22, -2, -4, 4
-9,10:6, 6, 8, 10, 18, 26, 30, 10, 30, 30
-9,10:6, 6, 8, 10, 18, 26, 30, 10, 30, 32
-9,10:6, 6, 8, 10, 18, 26, 30, 10, 34, 30
-9,10:6, 6, 8, 10, 18, 26, 30, 10, 34, 32
-9,10:6, 6, 8, 10, 18, 26, 30, 10, 34, 34
3,6:6, 6, 14, 6, 6, 12, 16, 16, 8, -8
3,6:6, 6, 14, 6, 6, 12, 16, 16, 8, -6
3,6:6, 6, 14, 6, 6, 12, 16, 16, 8, -4
3,6:6, 6, 14, 6, 6, 16, 12, 8, -8, 16
3,6:6, 6, 14, 6, 6, 16, 12, 8, -8, 20
0,6:6, 6, 14, 10, 6, 10, 12, -6, -12, -6
1,10:-4, -14, -12, 10, 10, 16, 20, 0, 0, -8, 18
1,10:-4, -14, -12, 10, 10, 16, 20, 0, 0, 18, -8
1,10:-4, -14, -12, 10, 10, 16, 20, 0, 0, 18, -4
25,1:-4, -14, -12, 14, -12, -20, -16, -12, -12, -10, -12
27,4:-4, -14, -12, 14, -12, -14, -16, -18, -28, -18, -10
27,4:-4, -14, -12, 14, -12, -14, -16, -18, -28, -18, -8
27,4:-4, -14, -12, 14, -12, -14, -16, -18, -28, -18, -6
27,4:-4, -14, -12, 14, -12, -14, -16, -18, -18, -10, -28
21,8:-4, -14, -12, 14, -12, -6, -2, -22, -26, -26, -4
21,8:-4, -14, -12, 14, -12, -6, -2, -22, -26, -4, -26
21,8:-4, -14, -12, 14, -12, -6, -2, -22, -26, -4, -24
21,8:-4, -14, -12, 14, -12, -6, -2, -22, -26, -4, -22
5,3:-4, -14, -8, 10, 10, 2, 6, 10, 10, 12, 10
7,6:-4, -14, -8, 10, 10, 8, 6, 4, -6, 4, 12
7,6:-4, -14, -8, 10, 10, 8, 6, 4, -6, 4, 14
7,6:-4, -14, -8, 10, 10, 8, 6, 4, -6, 4, 16
7,6:-4, -14, -8, 10, 10, 8, 6, 4, 4, 12, -6
1,10:-4, -14, -8, 10, 10, 16, 20, 0, -4, 18, -4
1,10:-4, -14, -8, 10, 10, 16, 20, 0, -4, 18, -2
1,10:-4, -14, -8, 10, 10, 16, 20, 0, -4, 18, 0
-9,21:-4, -14, -8, 20, 10, 10, 10, 4, -4, 30, 16
-9,21:-4, -14, -8, 20, 10, 10, 10, 4, 30, 16, -4
-9,21:-4, -14, -8, 20, 10, 10, 10, 4, 30, 16, 0
-5,13:-4, -14, -8, 20, 10, 10, 10, 30, 30, 30, 8
-5,13:-4, -14, -8, 20, 10, 10, 10, 30, 30, 30, 10
-16,6:-4, -14, -8, 20, 10, 10, 24, 20, 6, 16, 30
-16,6:-4, -14, -8, 20, 10, 10, 24, 20, 6, 16, 32
-16,6:-4, -14, -8, 20, 10, 10, 24, 20, 6, 16, 34
-16,6:-4, -14, -8, 20, 10, 10, 24, 20, 6, 30, 16
-16,6:-4, -14, -8, 20, 10, 10, 24, 20, 6, 30, 18
-16,6:-4, -14, -8, 20, 10, 10, 24, 20, 6, 30, 20
-5,13:-4, -14, -8, 20, 10, 10, 30, 6, 30, 30, 6
-5,13:-4, -14, -8, 20, 10, 10, 30, 6, 30, 30, 8
-5,13:-4, -14, -8, 20, 10, 10, 30, 6, 30, 30, 10
-6,9:-4, -14, -8, 20, 10, 10, 30, 12, 14, 28, 24
-5,13:-4, -14, -8, 20, 10, 10, 30, 12, 30, 38, 32
-5,13:-4, -14, -8, 20, 10, 10, 30, 12, 30, 38, 34
-5,13:-4, -14, -8, 20, 10, 10, 30, 12, 30, 38, 36
-10,15:-4, -14, -8, 20, 12, 18, 22, 18, 26, 30, 18
5,1:-4, -14, -8, 20, 22, 10, 6, 4, 12, 6, 12
-16,2:-4, -14, -8, 20, 22, 10, 12, 24, 32, 30, 26
-16,2:-4, -14, -8, 20, 22, 10, 12, 24, 32, 30, 30
-1,5:-4, -14, -8, 20, 22, 10, 16, 18, 38, 20, 16
-7,15:-4, -14, -8, 20, 22, 10, 24, 12, 16, 28, 36
-7,15:-4, -14, -8, 20, 22, 10, 24, 16, 28, 36, 12
-9,19:-4, -14, -8, 20, 22, 24, 26, 26, 22, 36, 16
-9,19:-4, -14, -8, 20, 22, 24, 26, 26, 22, 36, 18
-9,19:-4, -14, -8, 20, 22, 24, 26, 26, 22, 36, 20
-18,15:-4, -14, -8, 20, 22, 24, 32, 40, 44, 24, 42
-18,15:-4, -14, -8, 20, 22, 24, 32, 42, 44, 42, 24
12,13:-4, -14, 10, -2, -12, -12, -10, -6, 20, 10, 12
12,13:-4, -14, 10, -2, -12, -12, -10, 20, 10, 12, -6
15,11:-4, -14, 10, -2, -12, -12, 8, -10, 8, 8, 12
15,11:-4, -14, 10, -2, -12, -12, 8, -10, 8, 8, 14
15,11:-4, -14, 10, -2, -12, -12, 8, -10, 8, 8, 16
7,-13:-4, -14, 10, -2, -10, 8, 10, 2, 10, 6, 0
3,3:-4, -14, 10, -2, 0, -6, 20, -4, 10, 18, 20
3,3:-4, -14, 10, -2, 0, -6, 20, -4, 10, 18, 22
3,3:-4, -14, 10, -2, 0, -6, 20, -4, 10, 18, 24
5,3:-4, -14, 10, 10, 2, 6, 10, 10, 12, 10, -8
5,3:-4, -14, 10, 10, 2, 6, 10, 10, 12, 10, -6
5,3:-4, -14, 10, 10, 2, 6, 10, 10, 12, 10, -4
8,11:-4, -14, 10, 10, 2, 18, 8, -4, 16, 14, 16
4,5:-4, -14, 10, 10, 8, 20, 6, 14, 16, 2, 10
-5,18:-4, -14, 10, 10, 18, 12, 10, 20, 14, 22, 8
4,13:-4, -14, 10, 20, 10, 10, 16, 20, 0, 20, 20
4,13:-4, -14, 10, 20, 10, 10, 16, 20, 0, 20, 22
4,13:-4, -14, 10, 20, 10, 10, 16, 20, 0, 24, 20
4,13:-4, -14, 10, 20, 10, 10, 16, 20, 0, 24, 22
4,13:-4, -14, 10, 20, 10, 10, 16, 20, 0, 24, 24
11,19:-4, -14, 14, -2, -12, -12, -12, -18, -26, 8, -6
11,19:-4, -14, 14, -2, -12, -12, -12, -18, 8, -6, -26
11,19:-4, -14, 14, -2, -12, -12, -12, -18, 8, -6, -22
15,11:-4, -14, 14, -2, -12, -12, -12, 8, 8, 8, -14
15,11:-4, -14, 14, -2, -12, -12, -12, 8, 8, 8, -12
4,4:-4, -14, 14, -2, -12, -12, 2, -2, -16, -6, 8
4,4:-4, -14, 14, -2, -12, -12, 2, -2, -16, -6, 10
4,4:-4, -14, 14, -2, -12, -12, 2, -2, -16, -6, 12
4,4:-4, -14, 14, -2, -12, -12, 2, -2, -16, 8, -6
4,4:-4, -14, 14, -2, -12, -12, 2, -2, -16, 8, -4
4,4:-4, -14, 14, -2, -12, -12, 2, -2, -16, 8, -2
15,11:-4, -14, 14, -2, -12, -12, 8, -16, 8, 8, -16
15,11:-4, -14, 14, -2, -12, -12, 8, -16, 8, 8, -14
15,11:-4, -14, 14, -2, -12, -12, 8, -16, 8, 8, -12
14,7:-4, -14, 14, -2, -12, -12, 8, -10, -8, 6, 2
15,11:-4, -14, 14, -2, -12, -12, 8, -10, 8, 16, 10
15,11:-4, -14, 14, -2, -12, -12, 8, -10, 8, 16, 12
15,11:-4, -14, 14, -2, -12, -12, 8, -10, 8, 16, 14
10,13:-4, -14, 14, -2, -10, -4, 0, -4, 4, 8, -4
25,-1:-4, -14, 14, -2, 0, -12, -16, -18, -10, -16, -10
4,0:-4, -14, 14, -2, 0, -12, -10, 2, 10, 8, 4
4,0:-4, -14, 14, -2, 0, -12, -10, 2, 10, 8, 8
19,3:-4, -14, 14, -2, 0, -12, -6, -4, 16, -2, -6
13,13:-4, -14, 14, -2, 0, -12, 2, -10, -6, 6, 14
13,13:-4, -14, 14, -2, 0, -12, 2, -6, 6, 14, -10
11,17:-4, -14, 14, -2, 0, 2, 4, 4, 0, 14, -6
11,17:-4, -14, 14, -2, 0, 2, 4, 4, 0, 14, -4
11,17:-4, -14, 14, -2, 0, 2, 4, 4, 0, 14, -2
2,13:-4, -14, 14, -2, 0, 2, 10, 18, 22, 2, 20
2,13:-4, -14, 14, -2, 0, 2, 10, 20, 22, 20, 2
5,1:-4, -12, -14, -4, -4, -10, -18, -6, 12, 14, 6
5,1:-4, -12, -14, -4, -4, -10, -6, -16, -16, 6, -14
5,1:-4, -12, -14, -4, -4, -10, -6, -16, -16, 6, -12
5,1:-4, -12, -14, -4, -4, -10, -6, -16, -16, 6, -10
5,1:-4, -12, -14, -4, -4, -10, -6, -8, -14, 6, -12
5,1:-4, -12, -14, -4, -4, -10, -6, -8, -14, 6, -2
5,1:-4, -12, -14, -4, -4, -10, -6, -8, -10, 6, -12
5,1:-4, -12, -14, -4, -4, -10, -6, -8, -10, 6, -10
5,1:-4, -12, -14, -4, -4, -10, -6, -8, -10, 6, -8
5,1:-4, -12, -14, -4, -4, -10, -6, -8, -8, 6, -16
8,3:-4, -12, -14, -4, -2, 6, 4, 10, 2, 4, 6
8,3:-4, -12, -14, -4, -2, 6, 4, 10, 2, 4, 8
8,3:-4, -12, -14, -4, -2, 6, 4, 10, 2, 4, 10
1,8:-4, -12, -14, -4, -2, 6, 6, 6, 4, 16, 16
10,14:-4, -12, -14, 4, -6, -14, -10, -6, 0, -4, 4
9,4:-4, -12, -14, 4, -6, -8, -4, -20, -14, -4, -6
9,4:-4, -12, -14, 4, -6, -8, -4, -14, -4, -6, -20
0,-1:-4, -12, -14, 4, -6, 2, -4, -14, 4, -14, 12
12,-2:-4, -12, -14, 4, -6, 2, -4, 6, 6, 10, 4
19,1:-4, -12, -8, -18, -14, -10, -4, -6, -16, -30, -26
5,5:-4, -12, -8, -14, -22, -22, -16, -30, -4, -2, -14
9,-5:-4, -12, -8, -14, -22, 2, 4, -16, -8, -6, -2
9,-5:-4, -12, -8, -14, -22, 2, 4, -16, -8, -6, 0
9,-5:-4, -12, -8, -14, -22, 2, 4, -16, -8, -6, 2
9,-5:-4, -12, -8, -14, -22, 2, 4, -16, -8, -2, -6
9,-5:-4, -12, -8, -14, -22, 2, 4, -16, -8, -2, -4
2,-9:-4, -12, -8, -14, -20, -20, -2, -24, -12, -2, 0
2,-9:-4, -12, -8, -14, -20, -20, -2, -24, -12, -2, 2
2,-9:-4, -12, -8, -14, -20, -20, -2, -24, -12, -2, 4
8,2:-4, -12, -8, -14, -20, -14, -16, -6, 18, -14, -6
-2,-2:-4, -12, -8, -14, -4, -12, -8, -20, -10, -12, -12
0,7:-4, -12, -8, -14, -4, -2, 8, -8, -6, 10, 4
0,7:-4, -12, -8, -14, -4, -2, 8, -8, 10, 4, -6
0,7:-4, -12, -8, -14, -4, -2, 8, -8, 10, 4, -4
0,7:-4, -12, -8, -14, -4, -2, 8, -8, 10, 4, -2
27,-2:-4, -12, -8, -14, 0, -14, -22, -24, -8, -22, -18
11,13:-4, -12, -8, -14, 0, -14, -22, -8, -14, -10, -12
5,-8:-4, -12, -8, -4, -4, -14, -22, -6, 4, 2, -8
5,-8:-4, -12, -8, -4, -4, -14, -22, -6, 4, 2, -4
5,-8:-4, -12, -8, -4, -4, -14, -22, -6, 4, 2, 2
5,-8:-4, -12, -8, -4, -4, -14, -22, -6, 12, -2, 0
5,-8:-4, -12, -8, -4, -4, -14, -22, -6, 12, -2, 2
5,-8:-4, -12, -8, -4, -4, -14, -22, -6, 12, -2, 4
5,-8:-4, -12, -8, -4, -4, -14, -22, -6, 12, 0, 6
5,-8:-4, -12, -8, -4, -4, -14, -22, -6, 12, 0, 8
5,-8:-4, -12, -8, -4, -4, -14, -22, -6, 12, 0, 10
15,-8:-4, -12, -8, -4, -4, -14, -10, -22, -22, -14, -12
8,7:-4, -12, -8, -4, -4, -2, -14, 8, -2, -4, -8
8,7:-4, -12, -8, -4, -4, -2, -14, 8, -2, -4, -6
8,7:-4, -12, -8, -4, -4, -2, -14, 8, -2, -4, -4
14,8:-4, -12, -8, -4, -4, -2, 8, -2, -12, 6, -2
18,-5:-4, -12, -8, -4, -4, 2, -4, -4, -10, -14, -4
18,-5:-4, -12, -8, -4, -4, 2, -4, -4, -10, -14, 0
18,-5:-4, -12, -8, -4, -4, 2, -4, -4, -10, -4, -14
6,-24:-4, -12, -8, -2, 8, -2, -10, -12, -24, 8, -10
6,-24:-4, -12, -8, -2, 8, -2, -10, -12, 8, -10, -24
6,-24:-4, -12, -8, -2, 8, -2, -10, -12, 8, -10, -14
8,0:-4, -12, -4, -8, -6, -16, -16, 4, -14, 4, 4
8,0:-4, -12, -4, -8, -6, -16, -16, 4, -14, 4, 6
8,0:-4, -12, -4, -8, -6, -16, -16, 4, -14, 4, 8
8,0:-4, -12, -4, -8, -6, -16, -16, 4, 4, 4, -14
4,6:-4, -12, -4, -8, -6, -4, -2, 0, 0, -12, 10
4,6:-4, -12, -4, -8, -6, -4, -2, 0, 0, 10, -12
4,6:-4, -12, -4, -8, -6, -4, -2, 0, 0, 10, -10
4,6:-4, -12, -4, -8, -6, -4, -2, 0, 0, 10, -8
1,4:-4, -12, -4, -8, -6, 2, -2, -8, -6, -6, -6
6,-12:-4, -12, -4, -4, -10, -18, -8, -14, 8, -14, -18
6,-12:-4, -12, -4, -4, -10, -18, -8, -14, 8, -14, -16
6,-12:-4, -12, -4, -4, -10, -18, -8, -14, 8, -14, -14
0,-2:-4, -12, -4, -4, -10, -18, -8, 10, -12, 6, 14
-5,-1:-4, -12, -4, -4, -10, -18, -8, 10, -6, 14, -2
-5,-1:-4, -12, -4, -4, -10, -18, -8, 10, -6, 14, 0
0,-2:-4, -12, -4, -4, -10, -18, -8, 10, -4, -12, 14
0,-2:-4, -12, -4, -4, -10, -18, -8, 10, -4, 14, -12
14,-4:-4, -12, -4, -4, 0, -10, -12, -28, -28, -4, -24
14,-4:-4, -12, -4, -4, 0, -10, -12, -28, -24, -2, 2
14,-4:-4, -12, -4, -4, 0, -10, -12, -28, -24, -2, 4
14,-4:-4, -12, -4, -4, 0, -10, -12, -28, -24, -2, 6
-1,-10:-4, -12, -4, -4, 0, -10, -12, -18, -12, -2, 4
-1,-10:-4, -12, -4, -4, 0, -10, -12, -18, -12, -2, 6
-1,-10:-4, -12, -4, -4, 0, -10, -12, -18, -12, -2, 8
14,-5:-4, -12, -4, -4, 0, -10, -12, -18, -8, -4, -2
14,-5:-4, -12, -4, -4, 0, -10, -12, -18, -8, -4, 0
14,-5:-4, -12, -4, -4, 0, -10, -12, -18, -8, -4, 2
14,-5:-4, -12, -4, -4, 0, -10, -12, -18, -2, -2, 4
14,-5:-4, -12, -4, -4, 0, -10, -12, -18, -2, -2, 6
14,-5:-4, -12, -4, -4, 0, -10, -12, -18, -2, -2, 8
-1,-10:-4, -12, -4, -4, 0, -10, -12, -18, -2, 4, -12
14,-5:-4, -12, -4, -4, 0, -10, -12, -18, -2, 4, -2
1,8:-4, -12, -4, -2, 6, 6, 6, 4, 16, 16, -14
1,8:-4, -12, -4, -2, 6, 6, 6, 4, 16, 16, -4
1,8:-4, -12, -4, -2, 6, 10, 6, 4, 16, 16, -14
16,12:-4, -12, -4, 2, 6, 6, -6, 10, -6, -2, 4
16,12:-4, -12, -4, 2, 6, 6, -6, 10, -6, -2, 6
16,12:-4, -12, -4, 2, 6, 6, -6, 10, -6, -2, 8
1,-6:-4, -12, 4, -6, -14, -6, -10, 6, 4, -6, -20
1,-6:-4, -12, 4, -6, -14, -6, -10, 6, 4, -6, -18
1,-6:-4, -12, 4, -6, -14, -6, -10, 6, 4, -6, -16
4,2:-4, -12, 4, -6, 0, -16, -4, -6, -2, -2, 2
18,-8:-4, -12, 4, -6, 0, -2, -10, 2, -30, -16, -10
18,-8:-4, -12, 4, -6, 0, -2, -10, 2, -30, -16, -8
18,-8:-4, -12, 4, -6, 0, -2, -10, 2, -30, -16, -6
18,-8:-4, -12, 4, -6, 0, -2, -10, 2, -30, -10, -16
12,5:-4, -12, 4, -6, 0, 4, -16, -20, -20, 2, 8
12,5:-4, -12, 4, -6, 0, 4, -16, -20, -20, 2, 18
12,5:-4, -12, 4, -6, 0, 4, -16, -20, 2, 8, -20
12,5:-4, -12, 4, -6, 0, 4, -16, -20, 2, 8, -18
12,5:-4, -12, 4, -6, 0, 4, -16, -20, 2, 8, -16
15,-17:-4, -12, 4, -6, 0, 6, 10, -22, -16, -12, -10
15,-17:-4, -12, 4, -6, 0, 6, 10, -16, -10, -22, -8
15,-17:-4, -12, 4, -6, 0, 6, 10, -16, -10, -8, -22
15,-17:-4, -12, 4, -6, 0, 6, 10, -16, -8, -22, -10
12,-2:-4, -12, 4, -6, 2, -4, 6, 6, 10, 2, 0
12,-2:-4, -12, 4, -6, 2, -4, 6, 6, 10, 4, -4
12,-2:-4, -12, 4, -6, 2, -4, 6, 6, 10, 6, -4
12,-2:-4, -12, 4, -6, 2, -4, 6, 6, 10, 8, -4
18,0:-4, -12, 4, -6, 2, 2, 6, 10, -14, 0, -6
18,0:-4, -12, 4, -6, 2, 2, 6, 10, -14, 0, -4
18,0:-4, -12, 4, -6, 2, 2, 6, 10, -14, 0, -2
12,5:-4, -12, 4, -6, 2, 4, 2, -16, -20, -20, 2
7,-1:-4, -12, 4, 4, -8, -2, -2, -2, -8, 0, 0
7,-1:-4, -12, 4, 4, -8, -2, -2, -2, -8, 0, 2
7,-1:-4, -12, 4, 4, -8, -2, -2, -2, -8, 0, 4
-2,10:-4, -12, 4, 4, 4, 10, -14, -14, -4, 6, -12
-2,10:-4, -12, 4, 4, 4, 10, -14, -14, -4, 6, -10
-2,10:-4, -12, 4, 4, 4, 10, -14, -14, -4, 6, -8
-2,10:-4, -12, 4, 4, 4, 10, -12, -6, -8, 6, 0
-2,10:-4, -12, 4, 4, 4, 10, -12, 4, -6, 6, -4
-2,10:-4, -12, 4, 4, 4, 10, -12, 4, -6, 6, -2
-2,10:-4, -12, 4, 4, 4, 10, -12, 4, -6, 6, 0
-2,10:-4, -12, 4, 4, 4, 10, 4, -6, 6, -10, 2
-2,10:-4, -12, 4, 4, 4, 10, 4, -6, 6, -10, 4
-2,10:-4, -12, 4, 4, 4, 10, 4, -6, 6, -10, 6
5,-7:-4, -12, 4, 6, 4, -2, 6, 6, 8, -2, 10
5,-7:-4, -12, 4, 6, 4, -2, 6, 6, 8, -2, 14
-1,-8:-4, -12, 4, 6, 4, 6, -8, -18, 4, -10, -12
-1,-8:-4, -12, 4, 6, 6, 12, 16, -12, -28, -22, -4
-1,-8:-4, -12, 4, 6, 6, 12, 16, -12, -28, -4, -22
-1,-8:-4, -12, 4, 6, 6, 12, 16, -12, -28, -4, -12
-1,-8:-4, -12, 4, 6, 6, 12, 16, -12, -12, -4, -28
-1,-8:-4, -12, 4, 6, 6, 12, 16, -12, -12, -4, -26
-1,-8:-4, -12, 4, 6, 6, 12, 16, -12, -12, -4, -24
1,7:-4, -6, -14, -2, 8, -2, -2, 18, 0, 18, 18
1,7:-4, -6, -14, -2, 8, -2, -2, 18, 0, 18, 20
1,7:-4, -6, -14, -2, 8, -2, -2, 18, 0, 18, 22
1,7:-4, -6, -14, -2, 8, -2, -2, 18, 18, 18, 0
-3,13:-4, -6, -14, -2, 8, 10, 12, 14, 14, 2, 24
-3,13:-4, -6, -14, -2, 8, 10, 12, 14, 14, 24, 2
-3,13:-4, -6, -14, -2, 8, 10, 12, 14, 14, 24, 4
-3,13:-4, -6, -14, -2, 8, 10, 12, 14, 14, 24, 6
-6,11:-4, -6, -14, -2, 8, 16, 12, 6, 8, 8, 8
5,7:-4, -6, -14, 6, 6, 12, 2, 0, 0, 10, 0
19,-11:-4, -6, -8, -20, -20, -26, -22, -18, -18, -16, -18
21,-8:-4, -6, -8, -20, -20, -20, -22, -24, -34, -24, -16
21,-8:-4, -6, -8, -20, -20, -20, -22, -24, -34, -24, -14
21,-8:-4, -6, -8, -20, -20, -20, -22, -24, -34, -24, -12
21,-8:-4, -6, -8, -20, -20, -20, -22, -24, -24, -16, -34
15,-4:-4, -6, -8, -20, -20, -12, -8, -28, -32, -32, -10
15,-4:-4, -6, -8, -20, -20, -12, -8, -28, -32, -10, -32
15,-4:-4, -6, -8, -20, -20, -12, -8, -28, -32, -10, -30
15,-4:-4, -6, -8, -20, -20, -12, -8, -28, -32, -10, -28
9,-11:-4, -6, -8, -16, -28, -28, -8, -32, -34, -36, -28
9,-11:-4, -6, -8, -16, -28, -28, -6, -8, -26, -8, -8
9,-11:-4, -6, -8, -16, -28, -28, -6, -8, -26, -8, -6
9,-11:-4, -6, -8, -16, -28, -28, -6, -8, -26, -8, -4
9,9:-4, -6, -8, -16, -28, -24, -8, 2, -6, -4, -18
8,2:-4, -6, -8, -16, -28, -22, -14, -4, -16, -26, -14
8,2:-4, -6, -8, -16, -28, -22, -14, -4, -16, -14, -26
8,2:-4, -6, -8, -16, -28, -22, -14, -4, -16, -14, -22
4,-7:-4, -6, -8, -16, -26, -12, -24, -16, -20, -4, -2
13,-12:-4, -6, -8, -16, -16, -28, -32, -8, -20, -20, 2
2,1:-4, -6, -8, -16, -16, -28, -14, -26, -12, -8, -12
2,1:-4, -6, -8, -16, -16, -28, -14, -12, -8, -12, -26
1,-13:-4, -6, -8, -16, -16, -22, 0, -4, -6, -6, -22
1,-13:-4, -6, -8, -16, -16, -22, 0, -4, -6, -6, -20
1,-13:-4, -6, -8, -16, -16, -22, 0, -4, -6, -6, -18
-17,-4:-4, -6, -8, -16, -16, -14, -20, -10, 0, -4, -4
5,-5:-4, -6, -8, -16, -16, -14, -12, -12, -24, 4, -2
5,-5:-4, -6, -8, -16, -16, -14, -12, -12, 4, -2, -24
5,-5:-4, -6, -8, -16, -16, -14, -12, -12, 4, -2, -22
5,-5:-4, -6, -8, -16, -16, -14, -12, -12, 4, -2, -20
2,-7:-4, -6, -8, -16, -10, -14, -20, -18, -18, -18, -6
2,-7:-4, -6, -8, -16, -10, -14, -20, -18, -18, -18, 4
2,-7:-4, -6, -8, -16, -10, -14, -20, -18, -18, -6, -18
19,8:-4, -6, -8, -10, -20, -10, -10, -18, -10, -8, -12
21,11:-4, -6, -8, -10, -20, -10, -10, -12, -8, -6, -18
21,11:-4, -6, -8, -10, -20, -10, -10, -12, -8, -6, -16
13,-2:-4, -6, -8, -10, -20, -10, -6, -6, -16, -10, 12
13,-2:-4, -6, -8, -10, -20, -10, -6, -6, -16, -10, 14
13,-2:-4, -6, -8, -10, -20, -10, -6, -6, -16, -10, 16
13,-2:-4, -6, -8, -10, -20, -10, -6, -6, -16, 12, -10
13,-2:-4, -6, -8, -10, -20, -10, -6, -6, -16, 12, -8
13,-2:-4, -6, -8, -10, -20, -10, -6, -6, -16, 12, -6
13,-2:-4, -6, -8, -10, -20, -10, -6, -6, -8, -16, -6
13,-2:-4, -6, -8, -10, -20, -10, -6, -6, -8, -16, -2
13,-2:-4, -6, -8, -10, -20, -10, -6, -6, -8, -2, -16
13,-2:-4, -6, -8, -10, -20, -10, -6, -6, -8, -2, -6
13,-2:-4, -6, -8, -10, -20, -10, -6, -6, 0, 0, -14
13,-2:-4, -6, -8, -10, -20, -10, -6, -6, 0, 0, -4
13,-2:-4, -6, -8, -10, -20, -10, -6, 4, -6, 4, -2
13,-2:-4, -6, -8, -10, -20, -10, -6, 4, -6, 4, 0
13,-2:-4, -6, -8, -10, -20, -10, -6, 4, -6, 4, 2
13,-2:-4, -6, -8, -10, -20, -10, -6, 4, 4, 6, -2
13,-2:-4, -6, -8, -10, -20, -10, 4, -4, 2, 6, 4
13,-2:-4, -6, -8, -10, -20, -10, 4, -4, 2, 6, 12
13,-2:-4, -6, -8, -10, -20, -10, 4, -4, 2, 6, 16
13,-2:-4, -6, -8, -10, -20, -10, 4, -4, 14, 2, -6
13,-2:-4, -6, -8, -10, -20, -10, 4, -4, 14, 2, -4
13,-2:-4, -6, -8, -10, -20, -10, 4, -4, 14, 2, -2
13,-2:-4, -6, -8, -10, -20, -10, 4, 6, -6, -6, -10
13,-2:-4, -6, -8, -10, -20, -10, 4, 6, -6, -6, 2
13,-2:-4, -6, -8, -10, -20, -10, 4, 6, 8, 2, 16
13,-2:-4, -6, -8, -10, -20, -10, 4, 6, 8, 20, 14
13,-2:-4, -6, -8, -10, -20, -10, 4, 6, 8, 20, 16
5,1:-4, -6, -8, -10, -20, -2, 2, 2, 14, 4, 6
5,1:-4, -6, -8, -10, -20, -2, 2, 2, 14, 4, 8
5,1:-4, -6, -8, -10, -20, -2, 2, 2, 14, 4, 10
5,1:-4, -6, -8, -10, -20, -2, 2, 10, 0, 10, 4
5,1:-4, -6, -8, -10, -20, -2, 2, 10, 0, 10, 6
5,1:-4, -6, -8, -10, -20, -2, 2, 10, 0, 10, 8
5,1:-4, -6, -8, -10, -20, -2, 2, 10, 10, 12, 4
5,1:-4, -6, -8, -10, -20, -2, 2, 14, 0, 6, 4
5,1:-4, -6, -8, -10, -20, -2, 2, 14, 0, 6, 6
5,1:-4, -6, -8, -10, -20, -2, 2, 14, 0, 6, 8
5,1:-4, -6, -8, -10, -20, -2, 2, 14, 2, -8, -6
5,1:-4, -6, -8, -10, -20, -2, 2, 14, 2, -8, -4
5,1:-4, -6, -8, -10, -20, -2, 2, 14, 2, -8, -2
5,1:-4, -6, -8, -10, -20, -2, 2, 14, 14, 16, 8
29,-4:-4, -6, -8, -10, -10, -18, -2, -8, -12, -26, -40
19,8:-4, -6, -8, -10, -10, -10, -18, -10, -8, -12, -20
21,11:-4, -6, -8, -10, -10, -10, -12, -8, -6, -18, -20
5,1:-4, -6, -8, -10, -2, 2, 2, 6, -14, -18, -10
13,7:-4, -6, -8, -4, -14, -22, -22, -16, -8, -30, -32
13,7:-4, -6, -8, -4, -14, -22, -22, -16, -8, -30, -26
13,7:-4, -6, -8, -4, -14, -22, -22, -16, -8, -30, -24
4,-24:-4, -6, -8, -4, -14, -2, -42, -32, -36, -36, -46
4,-24:-4, -6, -8, -4, -14, -2, -42, -32, -36, -36, -40
26,4:-4, -6, -8, -2, -2, -16, -16, -28, -14, -14, -4
26,4:-4, -6, -8, -2, -2, -16, -16, -28, -14, -14, -2
26,4:-4, -6, -8, -2, -2, -16, -16, -28, -14, -14, 0
26,4:-4, -6, -8, -2, -2, -16, -16, -28, -14, -4, -14
26,4:-4, -6, -8, -2, -2, -16, -16, -28, -6, 0, -6
26,4:-4, -6, -8, -2, -2, -16, -16, -28, -6, 0, -2
26,4:-4, -6, -8, -2, -2, -16, -16, -14, -14, -4, -28
19,-6:-4, -6, -8, -2, -2, -16, -6, -22, -10, -8, -6
19,-6:-4, -6, -8, -2, -2, -16, -6, -22, -10, -8, 4
19,-6:-4, -6, -8, -2, -2, -16, -6, -22, -8, 4, -10
19,-6:-4, -6, -8, -2, -2, -16, -6, -22, -8, 4, -6
11,-15:-4, -6, 0, -8, -12, -14, -22, -34, -34, -14, -32
11,-15:-4, -6, 0, -8, -12, -14, -22, -32, -34, -32, -14
15,-6:-4, -6, 0, -8, -12, -14, -16, -26, -16, -12, -10
15,-6:-4, -6, 0, -8, -12, -14, -16, -26, -16, -12, -8
15,-6:-4, -6, 0, -8, -12, -14, -16, -26, -16, -12, -6
11,-4:-4, -6, 0, -8, -12, 0, -14, -6, -18, -26, -2
11,-4:-4, -6, 0, -8, -12, 0, -14, -6, -18, -2, -26
1,2:-4, -6, 0, -8, -12, 0, -6, -8, -36, -10, -6
-2,-13:-4, -6, 0, -8, -12, 0, -2, -14, -22, -20, -20
-2,-13:-4, -6, 0, -8, -12, 0, -2, -14, -22, -20, -16
-3,8:-4, -6, 0, -8, -12, 0, 4, 6, -2, 4, -2
9,-2:-4, -6, 0, -8, -4, 0, -20, -24, -28, -2, -26
9,-2:-4, -6, 0, -8, -4, 0, -20, -24, -28, -2, -24
9,-2:-4, -6, 0, -8, -4, 0, -20, -24, -28, -2, -22
9,-2:-4, -6, 0, -8, -4, 0, -20, -24, -24, 0, 0
9,-2:-4, -6, 0, -8, -4, 0, -20, -24, -24, 0, 2
9,-2:-4, -6, 0, -8, -4, 0, -20, -24, -24, 4, 0
9,-2:-4, -6, 0, -8, -4, 0, -20, -24, -24, 4, 2
9,-2:-4, -6, 0, -8, -4, 0, -20, -24, -24, 4, 4
5,-3:-4, -6, 0, -8, -4, 0, -20, -4, -18, -2, -14
2,-13:-4, -6, 0, -8, -4, 0, -14, -10, 4, -24, -10
2,-13:-4, -6, 0, -8, -4, 0, -14, -10, 4, -24, -8
2,-13:-4, -6, 0, -8, -4, 0, -14, -10, 4, -24, -6
2,-13:-4, -6, 0, -8, -4, 0, -14, -10, 4, -10, -24
2,-13:-4, -6, 0, -8, -4, 0, -14, -10, 4, -10, -22
2,-13:-4, -6, 0, -8, -4, 0, -14, -10, 4, -10, -20
17,-6:-4, -6, 0, -8, -4, 0, 0, 6, -20, -6, 10
17,-6:-4, -6, 0, -8, -4, 0, 0, 6, -20, -6, 14
17,-6:-4, -6, 0, -8, -4, 0, 0, 6, -20, 10, -6
11,-7:-4, -6, 0, -8, -2, -8, -18, -8, -16, -24, -8
4,-6:-4, -6, 0, -2, -30, -4, -12, -12, -12, -14, 2
4,-6:-4, -6, 0, -2, -30, -4, -12, -12, -12, 2, -14
24,-2:-4, -6, 0, -2, -14, -20, -28, -28, -28, -30, -14
24,-2:-4, -6, 0, -2, -14, -20, -28, -28, -28, -14, -30
-4,0:-4, -6, 6, -8, -12, -28, -16, -8, 0, 4, -10
-5,3:-4, -6, 6, -8, -12, -18, -28, -8, -14, 6, 2
7,-12:-4, -6, 6, -8, -12, 4, -2, -20, -22, 6, -12
-1,-1:-4, -6, 6, -8, -12, 10, 4, -12, 4, -16, 4
-1,-1:-4, -6, 6, -8, -12, 10, 4, -12, 4, -16, 8
10,-1:-4, -6, 6, -8, -10, -20, -14, -16, -24, 2, 8
10,-1:-4, -6, 6, -8, -10, -20, -14, -16, -24, 2, 12
10,-1:-4, -6, 6, -8, -10, -20, -14, -16, 2, 8, -24
10,-1:-4, -6, 6, -8, -10, -20, -14, -6, 2, 8, -24
10,-1:-4, -6, 6, -8, -10, -14, -16, -24, 2, 8, -20
9,-3:-4, -6, 6, -8, -10, 0, -18, -20, -28, -2, -2
9,-3:-4, -6, 6, -8, -10, 0, -18, -20, -28, 4, 0
9,-3:-4, -6, 6, -8, -10, 0, -18, -20, -28, 4, 4
9,-3:-4, -6, 6, -8, -10, 4, -18, -20, -32, -32, -36
9,-3:-4, -6, 6, -8, -10, 6, 10, -18, -20, -28, 4
9,-3:-4, -6, 6, -8, -10, 6, 10, -18, -20, -28, 6
9,-3:-4, -6, 6, -8, -10, 6, 10, -18, -20, -28, 8
9,-3:-4, -6, 6, -8, -10, 10, 2, -18, -20, -28, 4
9,-3:-4, -6, 6, -8, -10, 10, 2, -18, -20, -28, 6
9,-3:-4, -6, 6, -8, -10, 10, 2, -18, -20, -28, 8
8,-7:-4, -6, 6, -8, -8, -22, -16, 0, -2, -14, -10
9,0:-4, -6, 6, -8, 0, -12, -20, 6, 10, 0, 4
9,0:-4, -6, 6, -8, 0, -12, -20, 6, 10, 0, 6
9,0:-4, -6, 6, -8, 0, -12, -20, 10, 2, 12, 6
9,0:-4, -6, 6, -8, 0, -12, -20, 10, 2, 12, 8
9,0:-4, -6, 6, -8, 0, -12, -20, 10, 2, 12, 10
9,0:-4, -6, 6, -8, 0, -12, -20, 10, 12, 14, 6
7,7:-4, -6, 6, -8, 0, 10, 2, 4, -14, -10, -14
5,3:-4, -6, 6, -2, -10, -4, 12, 18, 18, -2, 8
5,3:-4, -6, 6, -2, -10, -4, 12, 18, 18, -2, 10
5,3:-4, -6, 6, -2, -10, -4, 12, 18, 18, -2, 12
-1,-6:-4, -6, 6, -2, 12, 4, 12, 8, -8, -2, 8
8,-7:-4, -6, 6, -2, 12, 4, 12, 8, -8, 2, -12
6,1:-4, -6, 6, 0, -8, -18, -20, 14, -10, -22, -20
6,1:-4, -6, 6, 0, -8, -18, -20, 14, -10, -22, -18
6,1:-4, -6, 6, 0, -8, -18, -20, 14, -10, -22, -16
0,5:-4, -6, 6, 0, -8, -12, -14, -24, 10, -6, -26
0,5:-4, -6, 6, 0, -8, -12, -14, -24, 10, -6, -16
-2,9:-4, -6, 6, 0, -8, -12, -14, -16, -26, -6, -6
-2,9:-4, -6, 6, 0, -8, -12, -14, -16, -26, -6, -2
9,-2:-4, -6, 6, 0, -8, -4, 0, -20, -24, -24, 8
-1,6:-4, -6, 6, 0, -8, -2, -16, -8, -26, -14, -24
-1,6:-4, -6, 6, 0, -8, -2, -16, -8, -26, -14, -22
-1,6:-4, -6, 6, 0, -8, -2, -16, -8, -26, -14, -20
-1,6:-4, -6, 6, 0, -8, -2, -16, -8, -22, -18, -16
-1,6:-4, -6, 6, 0, -8, -2, -16, -8, -22, -18, -14
-1,6:-4, -6, 6, 0, -8, -2, -16, -8, -22, -18, -12
-2,6:-4, -6, 6, 0, -8, 8, 12, 10, -10, -20, -10
-2,6:-4, -6, 6, 0, -8, 8, 12, 10, -10, -20, -8
-2,6:-4, -6, 6, 0, -8, 8, 12, 10, -10, -20, -6
-2,6:-4, -6, 6, 0, -8, 8, 12, 10, -10, -10, -20
-2,6:-4, -6, 6, 0, -8, 8, 12, 10, -10, -10, -10
9,-5:-4, -6, 6, 0, -8, 10, 6, 0, 8, -16, -4
9,-5:-4, -6, 6, 0, -8, 10, 6, 0, 8, -16, 0
14,-7:-4, -6, 6, 0, -8, 14, 6, -14, -20, -12, 16
-1,6:-4, -6, 6, 0, -2, -30, -4, -14, 0, -10, -10
-1,6:-4, -6, 6, 0, -2, -30, -4, -14, 0, -10, -8
-2,12:-4, -6, 6, 0, 8, 4, -4, 0, -8, 12, -6
8,6:-4, -6, 6, 4, -8, -18, -20, -2, -2, 2, -10
-4,-9:-4, -6, 6, 4, -8, -16, -22, -18, -8, -2, -14
-4,-9:-4, -6, 6, 4, -8, -16, -22, -18, -8, -2, -12
-4,-9:-4, -6, 6, 4, -8, -16, -22, -18, -8, -2, -10
-4,-9:-4, -6, 6, 4, -8, -16, -22, -10, 2, 6, -2
-4,-9:-4, -6, 6, 4, -8, -16, -22, -8, -12, -2, -20
-4,-9:-4, -6, 6, 4, -8, -16, -22, -8, -12, -2, -14
-4,-9:-4, -6, 6, 4, -8, -16, -22, -8, -6, -2, -20
-4,-9:-4, -6, 6, 4, -8, -16, -22, -8, -6, -2, -16
-4,-9:-4, -6, 6, 4, -8, -16, -18, -12, -18, 0, -6
-4,-9:-4, -6, 6, 4, -8, -16, -18, -12, -18, 0, -4
-4,-9:-4, -6, 6, 4, -8, -16, -18, -12, -18, 0, -2
-4,-9:-4, -6, 6, 4, -8, -16, -18, -12, -14, -22, 0
-4,-9:-4, -6, 6, 4, -8, -16, -18, -12, -14, -2, -6
-4,-9:-4, -6, 6, 4, -8, -16, -18, -12, -14, 0, -22
-4,-9:-4, -6, 6, 4, -8, -16, -18, -12, -14, 0, -12
-4,-9:-4, -6, 6, 4, -8, -16, -18, -12, -4, 0, -22
-4,-9:-4, -6, 6, 4, -8, -16, -18, -2, -2, -12, -10
-4,-9:-4, -6, 6, 4, -8, -16, -18, -2, -2, -12, -8
-4,-9:-4, -6, 6, 4, -8, -16, -18, -2, -2, -12, -6
-4,-9:-4, -6, 6, 4, -8, -16, -14, -20, -20, -22, -16
-4,-9:-4, -6, 6, 4, -8, -16, -14, -20, -20, -22, -14
-4,-9:-4, -6, 6, 4, -8, -16, -14, -20, -20, -22, -12
-4,-9:-4, -6, 6, 4, -8, -16, -14, -20, -20, -16, -22
-4,-9:-4, -6, 6, 4, -8, -16, -14, -20, -20, -16, -20
-4,-9:-4, -6, 6, 4, -8, -16, -14, -20, -20, -16, -18
-4,-9:-4, -6, 6, 4, -8, -16, -14, -20, -18, -24, -22
-4,-9:-4, -6, 6, 4, -8, -16, -14, -20, -18, -24, -20
-4,-9:-4, -6, 6, 4, -8, -16, -14, -20, -18, -24, -18
-4,-9:-4, -6, 6, 4, -8, -16, -14, -12, -12, -22, -20
-4,-9:-4, -6, 6, 4, -8, -16, -14, -12, -12, -22, -18
-4,-9:-4, -6, 6, 4, -8, -16, -14, -12, -12, -22, -16
-4,-9:-4, -6, 6, 4, -8, -16, -10, -22, -12, -2, -18
-4,-9:-4, -6, 6, 4, -8, -16, -10, -22, -12, -2, -16
-4,-9:-4, -6, 6, 4, -8, -16, -10, -22, -12, -2, -14
-4,-9:-4, -6, 6, 4, -8, -16, -10, -12, -10, -2, -18
-4,-9:-4, -6, 6, 4, -8, -16, -8, -6, -18, -2, -12
-4,-9:-4, -6, 6, 4, -8, -16, -8, -6, -18, -2, -10
-4,-9:-4, -6, 6, 4, -8, -16, -8, -6, -18, -2, -8
-4,-9:-4, -6, 6, 4, -8, -16, -8, -2, -14, -4, -12
-4,-9:-4, -6, 6, 4, -8, -16, -2, -14, -14, 2, -4
-4,-9:-4, -6, 6, 4, -8, -16, -2, -14, -14, 2, -2
-4,-9:-4, -6, 6, 4, -8, -16, -2, -14, -14, 2, 0
-4,-9:-4, -6, 6, 4, -8, -16, -2, -12, -16, 2, 4
-4,-9:-4, -6, 6, 4, -8, -16, -2, -12, -16, 2, 6
-4,-9:-4, -6, 6, 4, -8, -16, -2, -12, -16, 2, 8
-4,-9:-4, -6, 6, 4, -8, -16, -2, -12, -14, 0, -12
-4,-9:-4, -6, 6, 4, -8, -16, -2, -12, -14, 0, -10
-4,-9:-4, -6, 6, 4, -8, -16, -2, -2, -12, -14, -8
-4,-9:-4, -6, 6, 4, -8, -16, -2, -2, -12, -14, -6
-4,-9:-4, -6, 6, 4, -8, -16, -2, -2, -12, -14, -4
-4,-9:-4, -6, 6, 4, -8, -16, 2, -18, -4, 14, 0
-4,-9:-4, -6, 6, 4, -8, -16, 2, -18, 6, 0, 4
-4,-9:-4, -6, 6, 4, -8, -16, 2, -18, 6, 0, 14
-4,-9:-4, -6, 6, 4, -8, -16, 2, -18, 10, 8, 0
-4,-9:-4, -6, 6, 4, -8, -16, 2, -18, 10, 8, 6
-4,-9:-4, -6, 6, 4, -8, -16, 2, 8, -8, -6, 12
-4,-9:-4, -6, 6, 4, -8, -16, 2, 8, -8, 12, -6
-4,-9:-4, -6, 6, 4, -8, -16, 2, 14, -2, -4, 4
-4,-9:-4, -6, 6, 4, -8, -16, 2, 14, 8, -2, 0
-4,-9:-4, -6, 6, 4, -8, -16, 2, 14, 8, -2, 2
-4,-9:-4, -6, 6, 4, -8, -16, 2, 14, 8, -2, 4
11,-5:-4, -6, 6, 4, -8, -4, -4, 0, -2, 4, -4
5,7:-4, -6, 6, 6, 12, 2, 0, 0, 10, 0, -14
5,7:-4, -6, 6, 6, 12, 2, 0, 0, 10, 0, -4
-1,-5:-4, -6, 6, 10, -14, -4, -2, 14, 6, 6, 0
7,-10:-4, -6, 6, 10, -14, 2, 2, 0, 6, -2, -8
-1,14:-4, -6, 6, 10, -14, 12, 2, 2, 4, 8, 4
-4,2:-4, -6, 6, 10, -10, -14, -14, -22, -6, -4, -2
10,2:-4, -6, 6, 10, -10, -14, -4, -4, -14, 2, 0
10,2:-4, -6, 6, 10, -10, -14, -4, -4, -14, 2, 2
10,2:-4, -6, 6, 10, -10, -14, -4, 0, -4, -14, 2
-2,4:-4, -6, 6, 10, -10, 0, -4, 0, -8, 2, -8
-2,4:-4, -6, 6, 10, -10, 0, -4, 0, -8, 2, -6
-2,4:-4, -6, 6, 10, -10, 0, -4, 0, -8, 2, -4
-2,4:-4, -6, 6, 10, -10, 0, -4, 0, 2, -8, -10
-2,4:-4, -6, 6, 10, -10, 0, -4, 0, 2, -8, -8
-2,4:-4, -6, 6, 10, -10, 0, -4, 0, 2, -8, -6
10,3:-4, -6, 6, 10, -10, 0, 4, 4, -4, -4, -12
9,3:-4, -6, 6, 10, -6, -16, -16, -18, -4, -4, -2
9,3:-4, -6, 6, 10, -6, -16, -16, -4, -4, -2, -18
9,3:-4, -6, 6, 10, -6, -16, -16, -4, -4, -2, -16
9,3:-4, -6, 6, 10, -6, -16, -4, -4, -2, -20, -20
9,3:-4, -6, 6, 10, -6, -16, -4, -4, -2, -20, -18
9,3:-4, -6, 6, 10, -6, -16, -4, -4, -2, -20, -16
-1,0:-4, -6, 6, 10, -6, -8, -18, -26, -18, -22, -26
-1,0:-4, -6, 6, 10, -6, -8, -18, -26, -18, -22, -24
-1,0:-4, -6, 6, 10, -6, -8, -18, -26, -18, -22, -22
4,-8:-4, -6, 6, 10, -4, 2, 2, -4, -2, 2, -10
4,-8:-4, -6, 6, 10, -4, 2, 2, -4, -2, 2, -8
4,-8:-4, -6, 6, 10, -4, 2, 2, -4, -2, 2, -6
4,-8:-4, -6, 6, 10, -4, 2, 2, -2, -12, 0, -10
4,-8:-4, -6, 6, 10, -4, 2, 2, -2, -12, 0, -8
4,-8:-4, -6, 6, 10, -4, 2, 2, -2, -12, 0, -6
4,-8:-4, -6, 6, 10, -4, 2, 2, -2, -8, -4, -8
4,-8:-4, -6, 6, 10, -4, 2, 2, -2, -8, -4, 2
4,-8:-4, -6, 6, 10, -4, 2, 2, -2, -8, 6, -6
4,-8:-4, -6, 6, 10, -4, 2, 2, -2, -8, 6, 4
4,-8:-4, -6, 6, 10, -4, 2, 2, 0, 4, 4, 6
4,-8:-4, -6, 6, 10, -4, 2, 2, 0, 4, 4, 8
4,-8:-4, -6, 6, 10, -4, 2, 2, 0, 4, 4, 10
4,-8:-4, -6, 6, 10, -4, 2, 2, 0, 12, 6, 8
4,-8:-4, -6, 6, 10, -4, 2, 2, 0, 12, 6, 18
4,-8:-4, -6, 6, 10, -4, 2, 2, 0, 12, 10, 8
4,-8:-4, -6, 6, 10, -4, 2, 2, 0, 12, 10, 10
4,-8:-4, -6, 6, 10, -4, 2, 2, 0, 12, 10, 12
4,-8:-4, -6, 6, 10, -4, 2, 2, 0, 12, 12, 4
4,-8:-4, -6, 6, 10, -4, 2, 2, 4, -8, -10, -2
4,-8:-4, -6, 6, 10, -4, 2, 2, 4, 2, -8, -6
4,-8:-4, -6, 6, 10, -4, 2, 2, 4, 2, -8, -4
4,-8:-4, -6, 6, 10, -4, 2, 2, 4, 2, -8, -2
4,-8:-4, -6, 6, 10, -4, 2, 2, 8, -4, -4, -4
4,-8:-4, -6, 6, 10, -4, 2, 2, 8, -4, -4, -2
4,-8:-4, -6, 6, 10, -4, 2, 2, 8, -4, -4, 0
4,-8:-4, -6, 6, 10, -4, 2, 2, 8, -4, 0, -2
4,-8:-4, -6, 6, 10, -4, 2, 2, 8, -4, 0, 0
4,-8:-4, -6, 6, 10, -4, 2, 2, 8, -4, 6, 4
4,-8:-4, -6, 6, 10, -4, 2, 2, 8, -4, 6, 12
4,-8:-4, -6, 6, 10, -4, 2, 2, 10, -4, -6, 8
4,-8:-4, -6, 6, 10, -4, 2, 2, 10, -4, 6, 2
4,-8:-4, -6, 6, 10, -4, 2, 2, 10, -4, 8, -8
4,-8:-4, -6, 6, 10, -4, 2, 2, 10, -4, 8, -6
4,-8:-4, -6, 6, 10, -4, 2, 2, 10, -4, 8, -4
10,-5:-4, -6, 6, 10, -4, 12, 4, 22, 0, 10, 20
10,-5:-4, -6, 6, 10, -4, 12, 4, 22, 0, 14, 14
10,-5:-4, -6, 6, 10, -4, 12, 4, 22, 0, 14, 16
10,-5:-4, -6, 6, 10, -4, 12, 4, 22, 0, 14, 18
10,-5:-4, -6, 6, 10, -4, 12, 4, 22, 0, 20, 10
10,-5:-4, -6, 6, 10, -4, 12, 4, 22, 0, 24, 14
10,-5:-4, -6, 6, 10, -4, 12, 4, 22, 0, 24, 16
10,-5:-4, -6, 6, 10, -4, 12, 4, 22, 0, 24, 22
-5,12:-4, -6, 6, 10, 0, 12, 4, 10, 4, -8, -2
-5,12:-4, -6, 6, 10, 0, 12, 4, 10, 4, -8, 0
-5,12:-4, -6, 6, 10, 0, 12, 4, 10, 4, -8, 2
-5,12:-4, -6, 6, 10, 0, 12, 4, 10, 4, -4, -6
-5,12:-4, -6, 6, 10, 0, 12, 4, 10, 4, 0, -8
-5,12:-4, -6, 6, 10, 0, 12, 4, 10, 4, 0, -6
-5,12:-4, -6, 6, 10, 0, 12, 4, 10, 4, 0, -4
13,-10:-4, -6, 6, 10, 6, 6, 6, -4, -6, -8, 2
13,-10:-4, -6, 6, 10, 6, 6, 6, -4, -6, -8, 6
13,-10:-4, -6, 6, 10, 6, 6, 6, 8, -6, -6, -2
13,-10:-4, -6, 6, 10, 6, 6, 6, 8, -6, -6, 8
13,-10:-4, -6, 6, 10, 6, 6, 6, 8, -6, 8, -6
13,-10:-4, -6, 6, 10, 6, 6, 6, 8, -6, 8, 4
-3,11:-4, -6, 6, 10, 12, -6, -8, 14, 2, 2, -16
-3,11:-4, -6, 6, 10, 12, -6, -8, 14, 2, 2, -14
-3,11:-4, -6, 6, 10, 12, -6, -8, 14, 2, 2, -12
-3,11:-4, -6, 6, 10, 12, -6, 14, 2, 2, -10, 0
-3,11:-4, -6, 6, 10, 12, -6, 14, 2, 2, -10, 2
-3,11:-4, -6, 6, 10, 12, -6, 14, 2, 2, -10, 4
-3,11:-4, -6, 6, 10, 12, -6, 14, 2, 2, -2, -8
-3,11:-4, -6, 6, 10, 12, -6, 14, 2, 2, -2, -4
-3,11:-4, -6, 6, 10, 12, -6, 14, 2, 2, -2, 2
-3,11:-4, -6, 6, 10, 12, -6, 14, 2, 2, 0, -10
-3,11:-4, -6, 6, 10, 12, -6, 14, 2, 2, 0, -8
-3,11:-4, -6, 6, 10, 12, -6, 14, 2, 2, 0, -6
-2,0:-4, -6, 6, 10, 12, 4, 2, 18, -2, 4, 12
-5,12:-4, -6, 6, 10, 12, 4, 10, 16, 8, 4, 10
-5,12:-4, -6, 6, 10, 12, 4, 10, 16, 8, 4, 12
-5,12:-4, -6, 6, 10, 12, 4, 10, 16, 8, 4, 14
11,11:-4, 2, 0, -8, -16, -16, -10, -2, -24, -16, -22
11,11:-4, 2, 0, -8, -16, -16, -10, -2, -24, -16, -20
11,11:-4, 2, 0, -8, -16, -16, -10, -2, -24, -16, -18
12,4:-4, 2, 0, -8, -16, -16, 4, -14, 4, 4, -14
11,0:-4, 2, 0, -8, -16, -16, 4, -12, -2, 2, -2
8,10:-4, 2, 0, -8, -4, -2, -14, 0, 0, -12, -8
8,10:-4, 2, 0, -8, -4, -2, -14, 0, 0, -12, -6
2,-20:-4, 2, 0, -8, 4, -36, -26, -30, -40, -42, -30
2,-20:-4, 2, 0, -8, 4, -36, -26, -30, -40, -42, -28
2,-20:-4, 2, 0, -8, 4, -36, -26, -30, -40, -42, -26
2,-20:-4, 2, 0, -8, 4, -36, -26, -30, -40, -30, -42
2,-20:-4, 2, 0, -8, 4, -36, -26, -30, -40, -30, -32
2,-20:-4, 2, 0, -8, 4, -36, -26, -30, -32, -42, -34
2,-20:-4, 2, 0, -8, 4, -36, -26, -30, -32, -42, -32
2,-20:-4, 2, 0, -8, 4, -36, -26, -30, -32, -42, -30
2,-20:-4, 2, 0, -8, 4, -36, -26, -30, -30, -38, -42
2,-20:-4, 2, 0, -8, 4, -36, -26, -30, -30, -38, -40
2,-20:-4, 2, 0, -8, 4, -36, -26, -30, -30, -38, -38
2,-20:-4, 2, 0, -8, 4, -32, -38, -32, -26, -30, -42
19,-9:-4, 2, 0, -8, 4, -30, -28, -28, -18, -12, -24
5,-10:-4, 2, 0, -8, 4, -24, -12, -20, -18, -6, -6
12,19:-4, 2, 2, -14, -10, 4, 12, 12, 12, -2, 14
12,19:-4, 2, 2, -14, -10, 4, 12, 12, 12, 14, -2
8,-1:-4, 2, 2, -14, 6, -12, -4, -4, -4, -18, -2
8,-1:-4, 2, 2, -14, 6, -12, -4, -4, -4, -2, -18
8,12:-4, 2, 2, -8, -16, -16, -16, -22, -30, 4, -10
8,12:-4, 2, 2, -8, -16, -16, -16, -22, 4, -10, -30
8,12:-4, 2, 2, -8, -16, -16, -16, -22, 4, -10, -26
12,4:-4, 2, 2, -8, -16, -16, -16, 4, 4, 4, -18
12,4:-4, 2, 2, -8, -16, -16, -16, 4, 4, 4, -16
1,-3:-4, 2, 2, -8, -16, -16, -2, -6, -20, -10, 4
1,-3:-4, 2, 2, -8, -16, -16, -2, -6, -20, -10, 6
1,-3:-4, 2, 2, -8, -16, -16, -2, -6, -20, -10, 8
1,-3:-4, 2, 2, -8, -16, -16, -2, -6, -20, 4, -10
1,-3:-4, 2, 2, -8, -16, -16, -2, -6, -20, 4, -8
1,-3:-4, 2, 2, -8, -16, -16, -2, -6, -20, 4, -6
12,4:-4, 2, 2, -8, -16, -16, 4, -20, 4, 4, -20
12,4:-4, 2, 2, -8, -16, -16, 4, -20, 4, 4, -18
12,4:-4, 2, 2, -8, -16, -16, 4, -20, 4, 4, -16
12,4:-4, 2, 2, -8, -16, -16, 4, -14, 4, 12, 6
12,4:-4, 2, 2, -8, -16, -16, 4, -14, 4, 12, 8
12,4:-4, 2, 2, -8, -16, -16, 4, -14, 4, 12, 10
7,6:-4, 2, 2, -8, -14, -8, -4, -8, 0, 4, -8
22,-8:-4, 2, 2, -8, -4, -16, -20, -22, -14, -20, -14
1,-7:-4, 2, 2, -8, -4, -16, -14, -2, 6, 4, 0
1,-7:-4, 2, 2, -8, -4, -16, -14, -2, 6, 4, 4
16,-4:-4, 2, 2, -8, -4, -16, -10, -8, 12, -6, -10
10,6:-4, 2, 2, -8, -4, -16, -2, -14, -10, 2, 10
10,6:-4, 2, 2, -8, -4, -16, -2, -10, 2, 10, -14
8,10:-4, 2, 2, -8, -4, -2, 0, 0, -4, 10, -10
8,10:-4, 2, 2, -8, -4, -2, 0, 0, -4, 10, -8
8,10:-4, 2, 2, -8, -4, -2, 0, 0, -4, 10, -6
-1,6:-4, 2, 2, -8, -4, -2, 6, 14, 18, -2, 16
-1,6:-4, 2, 2, -8, -4, -2, 6, 16, 18, 16, -2
16,2:-4, 2, 6, -14, -22, -14, -22, 2, -22, -20, 4
16,2:-4, 2, 6, -14, -22, -14, -22, 2, -22, 4, -20
8,5:-4, 2, 6, -14, -22, -8, -12, -22, 2, -2, -16
8,5:-4, 2, 6, -14, -22, -8, -12, 2, -2, -12, -14
8,5:-4, 2, 6, -14, -22, -8, -12, 2, -2, -12, -12
-1,-4:-4, 2, 6, -14, -22, -6, 0, -4, -18, -6, -16
-1,-4:-4, 2, 6, -14, -22, -6, 0, -4, -18, -6, -14
-1,-4:-4, 2, 6, -14, -22, -6, 0, -4, -18, -6, -12
-1,-4:-4, 2, 6, -14, -22, -6, 0, -4, -6, -12, -18
-1,-4:-4, 2, 6, -14, -22, -6, 0, -4, -6, -12, -14
7,2:-4, 2, 6, -14, -22, 4, -22, -24, -18, -18, -32
7,2:-4, 2, 6, -14, -22, 4, -22, -24, -18, -18, -22
7,2:-4, 2, 6, -14, -22, 4, -22, -16, -16, -18, -30
7,2:-4, 2, 6, -14, -22, 4, -22, -16, -16, -18, -20
7,2:-4, 2, 6, -14, -22, 4, -22, -14, -20, -30, -34
7,2:-4, 2, 6, -14, -18, -22, -12, -22, -12, 4, -18
7,2:-4, 2, 6, -14, -18, -22, -12, -22, -12, 4, -16
7,2:-4, 2, 6, -14, -18, -22, -12, -22, -12, 4, -14
11,1:-4, 2, 6, -14, -18, -22, -8, 0, -14, -24, 2
11,1:-4, 2, 6, -14, -18, -22, -8, 4, -14, -16, -22
11,1:-4, 2, 6, -14, -18, -22, -8, 4, -14, -16, -20
11,1:-4, 2, 6, -14, -18, -22, -8, 4, -14, -16, -18
7,2:-4, 2, 6, -14, -18, -22, 4, -22, -24, -32, -22
7,2:-4, 2, 6, -14, -18, -22, 4, -22, -24, -32, -18
7,2:-4, 2, 6, -14, -18, -22, 4, -22, -24, -18, -32
7,2:-4, 2, 6, -14, -18, -22, 4, -22, -24, -18, -22
7,2:-4, 2, 6, -14, -18, -22, 4, -22, -16, -16, -30
7,2:-4, 2, 6, -14, -18, -22, 4, -22, -16, -16, -20
7,2:-4, 2, 6, -14, -18, -18, 10, 12, 4, 22, 8
7,2:-4, 2, 6, -14, -18, -18, 10, 12, 4, 22, 12
7,2:-4, 2, 6, -14, -18, -18, 10, 12, 6, 6, 10
7,2:-4, 2, 6, -14, -18, -18, 10, 12, 6, 6, 20
7,2:-4, 2, 6, -14, -18, -18, 10, 12, 14, 8, 12
7,2:-4, 2, 6, -14, -18, -18, 10, 12, 14, 8, 22
-1,-4:-4, 2, 6, -14, -18, -6, 0, -4, -24, -6, -16
5,2:-4, 2, 6, -14, -18, 10, 4, -12, -10, 6, -6
3,1:-4, 2, 6, -14, 2, -12, 6, 10, 0, -8, 4
3,1:-4, 2, 6, -14, 2, -12, 6, 10, 0, -8, 6
3,1:-4, 2, 6, -14, 2, -12, 10, 2, -8, 12, 6
3,1:-4, 2, 6, -14, 2, -12, 10, 2, -8, 12, 8
3,1:-4, 2, 6, -14, 2, -12, 10, 2, -8, 12, 10
-2,0:-4, 2, 6, -14, 10, 4, -4, 4, -14, -22, -10
-2,0:-4, 2, 6, -14, 10, 4, -4, 4, -14, -18, -14
-2,0:-4, 2, 6, -14, 10, 4, -4, 4, -14, -18, -8
-2,0:-4, 2, 6, -14, 10, 4, -4, 4, -14, -18, -4
-2,0:-4, 2, 6, -14, 10, 4, -4, 4, -14, -10, -16
-2,0:-4, 2, 6, -14, 10, 4, -4, 4, -14, -10, -14
-2,0:-4, 2, 6, -14, 10, 4, -4, 4, -14, -10, -12
-2,0:-4, 2, 6, -14, 10, 4, -4, 4, -14, -8, -18
-2,0:-4, 2, 6, -14, 10, 4, -4, 4, -14, -8, -16
-2,0:-4, 2, 6, -14, 10, 4, -4, 4, -14, -8, -14
9,6:-4, 2, 6, -8, -16, -16, -14, -10, -14, 6, -8
11,11:-4, 2, 6, -8, -16, -16, 6, -2, -12, -20, -12
5,-11:-4, 2, 6, -8, -14, -16, -16, 6, -6, -14, -6
5,-11:-4, 2, 6, -8, -14, -16, -16, 6, -6, -14, -2
5,-11:-4, 2, 6, -8, -14, -16, -16, 6, -6, -6, -14
0,-7:-4, 2, 6, -8, -14, -16, -14, 10, -20, -14, -10
-2,4:-4, 2, 6, -8, -4, -16, -16, 6, -4, -6, -4
-2,4:-4, 2, 6, -8, -4, -16, -10, 6, -4, -10, -12
-2,4:-4, 2, 6, -8, -4, -16, -10, 6, -4, -10, -6
12,10:-4, 2, 6, -8, -4, -10, 0, 6, 14, 12, 10
-2,4:-4, 2, 6, -8, -4, -10, 6, -4, -16, -2, -10
-2,4:-4, 2, 6, -8, -4, -10, 6, -4, -14, -8, -6
-2,4:-4, 2, 6, -8, -4, -10, 6, -4, -14, -8, -4
-2,4:-4, 2, 6, -8, -4, -10, 6, -4, -14, -8, -2
0,-9:-4, 2, 6, -8, -4, 10, -20, -22, -30, -4, -20
0,-9:-4, 2, 6, -8, -4, 10, -20, -22, -30, -4, -16
0,-9:-4, 2, 6, -8, -4, 10, -20, -22, -16, -4, -30
0,-9:-4, 2, 6, -8, -4, 10, -20, -22, -16, -4, -20
0,-9:-4, 2, 6, -8, -4, 10, -20, -14, -14, -4, -28
0,-9:-4, 2, 6, -8, -4, 10, -20, -14, -14, -4, -18
0,-9:-4, 2, 6, -8, -4, 10, -20, -14, -8, -22, -30
0,-9:-4, 2, 6, -8, -4, 10, -20, -14, -8, -22, -28
0,-9:-4, 2, 6, -8, -4, 10, -20, -14, -8, -22, -26
0,-9:-4, 2, 6, -8, -4, 10, -18, -8, -8, -10, -2
0,-9:-4, 2, 6, -8, -4, 10, -18, -8, 2, -8, -6
0,-9:-4, 2, 6, -8, -4, 10, -18, -8, 2, -8, -4
0,-9:-4, 2, 6, -8, -4, 10, -18, -8, 2, -8, -2
0,-9:-4, 2, 6, -8, -4, 10, -10, -20, -10, -12, -12
0,-9:-4, 2, 6, -8, -4, 10, -10, -20, -10, -12, -8
0,-9:-4, 2, 6, -8, -4, 10, -10, -20, -10, -10, -20
0,-9:-4, 2, 6, -8, -4, 10, -10, -20, -10, -10, -10
0,-9:-4, 2, 6, -8, -4, 10, -10, -20, -10, -4, -16
0,-9:-4, 2, 6, -8, -4, 10, -10, -20, -10, -4, -14
0,-9:-4, 2, 6, -8, -4, 10, -10, -20, -10, -4, -12
0,-9:-4, 2, 6, -8, -4, 10, -10, -10, -20, -16, -12
0,-9:-4, 2, 6, -8, -4, 10, -10, -10, -20, -16, -2
0,-9:-4, 2, 6, -8, -4, 10, -10, -10, -18, 0, -14
0,-9:-4, 2, 6, -8, -4, 10, -10, -10, -18, 0, -10
0,-9:-4, 2, 6, -8, -4, 10, -10, -10, -8, -14, -10
0,-9:-4, 2, 6, -8, -4, 10, -10, -10, -8, -14, 0
0,-9:-4, 2, 6, -8, -4, 10, -10, -10, 0, -32, -10
0,-9:-4, 2, 6, -8, -4, 10, -10, -10, 0, -32, -8
0,-9:-4, 2, 6, -8, -4, 10, -10, -10, 0, -32, -6
0,-9:-4, 2, 6, -8, -4, 10, -10, -10, 0, -10, -32
0,-9:-4, 2, 6, -8, -4, 10, -10, -10, 0, -10, -30
0,-9:-4, 2, 6, -8, -4, 10, -10, -10, 0, -10, -28
0,-9:-4, 2, 6, -8, -4, 10, -8, -8, 0, -8, -22
0,-9:-4, 2, 6, -8, -4, 10, -8, -8, 0, -8, -12
8,-13:-4, 2, 6, -8, 6, 4, -18, -26, -20, -24, -6
15,0:-4, 2, 6, 0, -8, -14, 0, 10, -18, -14, -6
-1,6:-4, 2, 6, 0, -8, -4, -16, -14, -10, -18, -14
-1,6:-4, 2, 6, 0, -8, -4, -16, -14, -10, -18, -12
-1,6:-4, 2, 6, 0, -8, -4, -16, -14, -10, -18, -10
2,-3:-4, 2, 6, 0, -8, -4, 14, 2, 6, 0, -14
2,-3:-4, 2, 6, 0, -8, -4, 14, 2, 6, 0, -12
2,-3:-4, 2, 6, 0, -8, -4, 14, 2, 6, 0, -10
22,1:-4, 2, 6, 0, -4, -6, 2, -14, -6, -22, -12
22,1:-4, 2, 6, 0, -4, -6, 2, -14, -6, -22, -10
22,1:-4, 2, 6, 0, -4, -6, 2, -14, -6, -12, -22
19,5:-4, 2, 6, 0, 8, 14, 0, 10, -4, -4, -6
10,-7:-4, 2, 6, 0, 8, 14, 16, 14, 2, -14, 6
10,-7:-4, 2, 6, 0, 8, 14, 16, 14, 2, 6, -14
-6,-7:-4, 2, 6, 0, 14, -16, -18, -22, -26, -8, 0
-6,-7:-4, 2, 6, 0, 14, -16, -18, -22, -26, 0, -8
4,5:-4, 2, 6, 6, 2, -4, -14, -6, -4, -4, 12
4,5:-4, 2, 6, 6, 2, -4, -14, -6, -4, -4, 20
4,5:-4, 2, 6, 6, 2, -4, -14, -6, -4, 12, -4
4,5:-4, 2, 6, 6, 2, -4, -14, -6, -4, 12, -2
4,5:-4, 2, 6, 6, 2, -4, -14, -6, -4, 12, 0
4,5:-4, 2, 6, 6, 2, -4, -14, -6, 6, 12, -6
4,5:-4, 2, 6, 6, 2, -4, -14, -6, 6, 12, -4
4,5:-4, 2, 6, 6, 2, -4, -14, -6, 6, 12, -2
4,1:-4, 2, 6, 6, 2, -4, 2, 10, -8, -16, 10
16,-1:-4, 2, 6, 6, 2, 2, 2, -4, -8, 4, 8
16,-1:-4, 2, 6, 6, 2, 2, 2, -4, -8, 4, 10
16,-1:-4, 2, 6, 6, 2, 2, 2, -4, -8, 4, 12
9,-1:-4, 2, 6, 6, 2, 2, 8, 4, 14, 24, 14
9,-1:-4, 2, 6, 6, 2, 2, 8, 4, 14, 24, 16
9,-1:-4, 2, 6, 6, 2, 2, 8, 4, 14, 24, 18
15,-2:-4, 2, 6, 6, 12, -14, 0, 10, 10, 8, 14
15,-2:-4, 2, 6, 6, 12, -14, 0, 10, 10, 8, 16
15,-2:-4, 2, 6, 6, 12, -14, 0, 10, 10, 8, 18
15,-2:-4, 2, 6, 6, 12, -14, 0, 10, 10, 14, 8
15,-2:-4, 2, 6, 6, 12, -14, 0, 10, 10, 14, 10
15,-2:-4, 2, 6, 6, 12, -14, 0, 10, 10, 14, 12
15,-2:-4, 2, 6, 6, 12, -14, 0, 10, 12, 6, 8
15,-2:-4, 2, 6, 6, 12, -14, 0, 10, 12, 6, 10
15,-2:-4, 2, 6, 6, 12, -14, 0, 10, 12, 6, 12
15,-2:-4, 2, 6, 6, 12, -14, 0, 18, 8, 6, 14
15,-2:-4, 2, 6, 6, 12, -14, 0, 18, 18, 8, 10
15,-2:-4, 2, 6, 6, 12, -14, 0, 18, 18, 8, 12
15,-2:-4, 2, 6, 6, 12, -14, 0, 18, 18, 8, 14
5,1:-4, 2, 6, 6, 12, -14, 10, 10, 4, -6, 8
5,1:-4, 2, 6, 6, 12, -14, 10, 10, 4, -6, 10
5,1:-4, 2, 6, 6, 12, -14, 10, 10, 4, 8, -6
4,6:-4, 2, 6, 6, 12, 6, -8, 10, 16, 0, -6
4,6:-4, 2, 6, 6, 12, 6, -8, 10, 16, 0, -4
13,23:-4, 4, -10, -12, -12, -14, -12, -14, 6, 0, -2
0,13:-4, 4, -10, -12, -12, -14, -2, 6, 12, -12, 20
0,13:-4, 4, -10, -12, -12, -14, -2, 6, 12, -12, 22
0,13:-4, 4, -10, -12, -12, -14, -2, 6, 12, -12, 24
0,13:-4, 4, -10, -12, -12, -14, -2, 6, 12, 20, -12
1,5:-4, 4, -10, -12, 6, -14, 6, -2, 4, 8, -4
6,0:-4, 4, -10, -12, 6, -14, 6, -2, 14, -6, 4
-12,5:-4, 4, -10, -12, 6, -4, -14, -2, 10, 8, 8
-12,5:-4, 4, -10, -12, 6, -4, -14, -2, 10, 8, 14
9,0:-4, 4, -10, -12, 6, -4, -8, 0, -12, -20, 8
9,0:-4, 4, -10, -12, 6, -4, -8, 0, -12, -20, 12
7,6:-4, 4, -10, -12, 6, 6, 2, -14, 12, 2, -2
15,5:-4, 4, -10, -8, -18, -18, 2, -16, 2, 2, 0
15,5:-4, 4, -10, -8, -18, -18, 2, 2, 2, 0, -16
9,9:-4, 4, -10, -8, -16, -10, -6, 6, -2, -14, -12
1,-1:-4, 4, -10, -8, -6, -18, -18, 6, 4, -10, -8
1,-1:-4, 4, -10, -8, -6, -18, -18, 6, 4, -10, -4
1,-1:-4, 4, -10, -8, -6, -18, -18, 6, 4, -10, 2
6,0:-4, 4, -10, -8, -6, -12, -4, -10, -2, -2, 12
6,0:-4, 4, -10, -8, -6, -12, -4, -10, -2, -2, 14
6,0:-4, 4, -10, -8, -6, -12, -4, -10, -2, -2, 16
6,0:-4, 4, -10, -8, -6, -12, -4, -10, -2, 12, -2
6,0:-4, 4, -10, -8, -6, -12, -4, -10, -2, 12, 0
6,0:-4, 4, -10, -8, -6, -12, -4, -10, -2, 12, 2
11,11:-4, 4, -10, -8, -6, 6, 4, -4, -2, -2, -14
11,11:-4, 4, -10, -8, -6, 6, 4, -4, -2, -2, -12
11,11:-4, 4, -10, -8, -6, 6, 4, -4, -2, -2, -10
15,5:-4, 4, -10, 0, -8, -18, -18, 2, -16, 2, 2
15,5:-4, 4, -10, 0, -8, -18, -18, 2, -16, 2, 4
15,5:-4, 4, -10, 0, -8, -18, -18, 2, -16, 2, 6
11,11:-4, 4, -10, 0, -8, -6, -4, -2, -2, -14, 8
8,9:-4, 4, -10, 0, -8, 0, -4, -10, -8, -8, -8
4,-4:-4, 4, -10, 2, -16, -24, -16, -20, -8, -14, -20
4,-4:-4, 4, -10, 2, -16, -24, -16, -20, -8, -14, -18
2,-2:-4, 4, -10, 2, -16, -18, -26, -2, -8, -26, -14
2,-2:-4, 4, -10, 2, -16, -18, -26, -2, -8, -26, -10
2,-2:-4, 4, -10, 2, -16, -18, -26, -2, -8, -14, -26
2,-2:-4, 4, -10, 2, -16, -18, -26, -2, -8, -14, -24
2,-2:-4, 4, -10, 2, -16, -18, -26, -2, -8, -14, -22
8,-15:-4, 4, -10, 2, -16, -10, -6, -20, -28, -28, -12
16,3:-4, 4, -10, 6, 0, -6, -4, -6, 2, 2, 0
16,3:-4, 4, -10, 6, 0, -6, -4, -6, 2, 2, 2
16,3:-4, 4, -10, 6, 0, -6, -4, -6, 2, 2, 4
6,7:-4, 4, -10, 6, 4, 10, 0, -8, -6, 10, -2
1,5:-4, 4, -10, 6, 4, 10, 10, -14, -20, 12, 20
1,5:-4, 4, -10, 6, 4, 10, 10, -14, 12, 20, -20
1,5:-4, 4, -10, 6, 4, 10, 10, 2, -14, -20, 20
17,2:-4, 4, -10, 6, 6, 2, -8, 4, -4, 0, 12
17,2:-4, 4, -10, 6, 6, 2, -8, 4, -4, 0, 14
17,2:-4, 4, -10, 6, 6, 2, -8, 4, -4, 0, 16
17,2:-4, 4, -10, 6, 6, 2, -8, 4, -4, 14, 0
17,2:-4, 4, -10, 6, 6, 2, -8, 4, -4, 14, 10
6,-2:-4, 4, -10, 6, 6, 2, -8, 4, -2, 8, 6
17,2:-4, 4, -10, 6, 6, 2, -8, 4, 0, 12, -4
7,2:-4, 4, -2, -12, -2, -10, -18, -18, -16, -12, -10
-2,7:-4, 4, -2, -12, -2, 8, -10, 2, -8, 14, -2
-2,7:-4, 4, -2, -12, -2, 8, -10, 2, -8, 14, 2
-2,9:-4, 4, -2, -12, -2, 8, -2, -10, -16, -10, 4
7,-5:-4, 4, -2, -12, -2, 8, -2, 0, 12, 8, 12
7,-5:-4, 4, -2, -12, -2, 8, 0, 6, 0, 10, 8
7,-5:-4, 4, -2, -12, -2, 8, 0, 6, 0, 10, 18
7,-5:-4, 4, -2, -12, -2, 8, 0, 6, 0, 18, 10
7,-5:-4, 4, -2, -12, -2, 8, 0, 6, 0, 18, 16
7,-5:-4, 4, -2, -12, -2, 8, 0, 6, 0, 20, 4
7,-5:-4, 4, -2, -12, -2, 8, 0, 6, 0, 20, 10
7,-5:-4, 4, -2, -12, -2, 8, 0, 6, 0, 20, 18
7,-5:-4, 4, -2, -12, -2, 8, 10, 0, 12, 16, 8
7,-5:-4, 4, -2, -12, 6, 0, 8, 4, 2, -6, 6
7,-5:-4, 4, -2, -12, 6, 0, 8, 4, 2, -6, 10
7,-5:-4, 4, -2, -12, 6, 0, 8, 4, 2, 6, -6
7,-5:-4, 4, -2, -12, 6, 0, 8, 4, 2, 6, -4
7,-5:-4, 4, -2, -12, 6, 0, 8, 4, 2, 6, -2
7,-5:-4, 4, -2, -12, 6, 0, 8, 4, 2, 8, -2
7,-5:-4, 4, -2, -12, 6, 0, 8, 4, 2, 8, 0
14,2:-4, 4, -2, -12, 6, 2, -10, -10, -10, 2, 12
7,18:-4, 4, -2, -12, 6, 2, -10, 0, -4, -2, 0
7,18:-4, 4, -2, -12, 6, 2, -10, 0, -4, -2, 2
15,8:-4, 4, -2, -12, 6, 2, -10, 0, 16, 8, 4
15,8:-4, 4, -2, -12, 6, 2, -10, 0, 18, 4, 14
15,8:-4, 4, -2, -12, 6, 2, -10, 0, 18, 4, 16
15,8:-4, 4, -2, -12, 6, 2, -10, 0, 18, 4, 18
8,-5:-4, 4, -2, -12, 6, 4, 10, 0, -10, -4, 0
8,-5:-4, 4, -2, -12, 6, 4, 10, 0, -10, -4, 2
7,5:-4, 4, -2, -12, 6, 6, 6, 6, -10, -16, -2
7,-5:-4, 4, -2, -12, 6, 6, 6, 6, 6, 16, 2
7,-5:-4, 4, -2, -12, 6, 6, 6, 6, 6, 16, 4
7,-5:-4, 4, -2, -12, 6, 6, 6, 6, 6, 16, 6
17,1:-4, 4, -2, -8, -10, 6, 6, 12, 2, 4, 16
17,1:-4, 4, -2, -8, -10, 6, 6, 12, 2, 4, 20
17,1:-4, 4, -2, -8, -10, 6, 6, 12, 2, 16, 4
-14,6:-4, 4, 4, -6, -14, 4, 6, 6, 16, 22, 14
-14,6:-4, 4, 4, -6, -14, 4, 6, 6, 16, 22, 16
-14,6:-4, 4, 4, -6, -14, 4, 6, 6, 16, 22, 18
9,-6:-4, 4, 4, -6, 0, 4, 16, 12, -8, 18, 12
13,-2:-4, 4, 4, -6, 4, -8, -10, -20, -10, -2, 10
13,-2:-4, 4, 4, -6, 4, -8, -10, -20, -10, -2, 20
9,0:-4, 4, 4, -6, 4, 6, -8, 0, -12, -20, 10
9,0:-4, 4, 4, -6, 4, 6, -8, 0, -12, -20, 14
13,-2:-4, 4, 4, 4, 6, -8, -10, -20, -10, -2, 4
13,-2:-4, 4, 4, 4, 6, -8, -10, -20, -10, -2, 14
15,1:-4, 4, 4, 4, 8, -6, -2, 2, 0, -4, -6
13,-1:-4, 4, 4, 6, 6, 4, -14, 10, 6, -4, -14
9,6:-4, 4, 6, 4, -8, -16, -16, -14, -10, -14, 6
6,0:-4, 4, 6, 4, -8, -14, -16, -14, -8, -4, 2
6,0:-4, 4, 6, 4, -8, -4, -16, -16, -4, 2, -20
6,0:-4, 4, 6, 4, -8, -4, -16, -16, -4, 2, -18
6,0:-4, 4, 6, 4, -8, -4, -16, -16, -4, 2, -16
0,9:-4, 4, 6, 4, 6, 6, -2, -10, -2, -12, -18
0,9:-4, 4, 6, 4, 6, 6, -2, -10, -2, -10, -10
0,9:-4, 4, 6, 4, 6, 6, -2, -10, -2, -10, 0
0,9:-4, 4, 6, 4, 6, 6, -2, -10, -2, 0, -10
0,9:-4, 4, 6, 4, 6, 6, -2, -10, -2, 0, -8
0,9:-4, 4, 6, 4, 6, 6, -2, -10, -2, 0, -6
2,-7:-4, 4, 6, 6, -4, -2, 2, -18, -18, -22, 0
2,-7:-4, 4, 6, 6, -4, -2, 2, -18, -18, 0, -22
2,-7:-4, 4, 6, 6, -4, -2, 2, -18, -18, 0, -20
2,-7:-4, 4, 6, 6, -4, -2, 2, -18, -18, 0, -18
15,-2:-4, 4, 6, 6, 12, 18, 8, -14, 8, 0, 8
15,-2:-4, 4, 6, 6, 12, 18, 8, -14, 8, 0, 12
8,4:6, -4, -4, -12, -14, -4, -4, -10, -18, -6, 6
8,4:6, -4, -4, -12, -14, -4, -4, -10, -18, -6, 8
8,4:6, -4, -4, -12, -14, -4, -4, -10, -18, -6, 10
8,4:6, -4, -4, -12, -14, -4, -4, -10, -6, 6, -18
8,4:6, -4, -4, -12, -14, -4, -4, -10, -6, 6, -14
8,1:6, -4, -4, -12, -8, -18, -20, -4, 8, 14, 8
6,16:6, -4, -4, -12, 4, -6, -14, 2, 2, 2, 8
5,2:6, -4, -4, -12, 4, -6, 0, -16, -10, -4, -4
1,13:6, -4, -4, -12, 4, 4, 4, 10, -12, -4, 6
1,13:6, -4, -4, -12, 4, 4, 4, 10, -12, 6, -4
1,13:6, -4, -4, -12, 4, 4, 4, 10, -12, 6, -2
1,13:6, -4, -4, -12, 4, 4, 4, 10, -12, 6, 0
1,13:6, -4, -4, -12, 4, 4, 4, 10, -4, 6, -12
1,13:6, -4, -4, -12, 4, 4, 4, 10, -4, 6, -8
12,-8:6, -4, -4, -6, -8, -16, -28, -28, -28, -8, -30
12,-8:6, -4, -4, -6, -8, -16, -28, -28, -28, -8, -28
12,-8:6, -4, -4, -6, -8, -16, -28, -28, -8, -32, -32
12,-8:6, -4, -4, -6, -8, -16, -28, -28, -8, -32, -30
12,-8:6, -4, -4, -6, -8, -16, -28, -28, -8, -32, -28
16,1:6, -4, -4, -6, -8, -10, -20, -10, -6, 4, -2
16,1:6, -4, -4, -6, -8, -10, -20, -10, -6, 4, 0
16,1:6, -4, -4, -6, -8, -10, -20, -10, -6, 4, 2
16,1:6, -4, -4, -6, -8, -10, -20, -10, 4, 6, -2
8,4:6, -4, -4, -6, -8, -10, -20, -2, 2, 2, 6
8,4:6, -4, -4, -6, -8, -10, -20, -2, 2, 2, 8
8,4:6, -4, -4, -6, -8, -10, -20, -2, 2, 2, 10
8,4:6, -4, -4, -6, -8, -10, -20, -2, 2, 10, 4
8,4:6, -4, -4, -6, -8, -10, -20, -2, 2, 10, 6
8,4:6, -4, -4, -6, -8, -10, -20, -2, 2, 10, 8
8,4:6, -4, -4, -6, -8, -10, -2, 2, 2, 6, -20
8,4:6, -4, -4, -6, -8, -10, -2, 2, 2, 6, -10
19,-5:6, -4, -4, -6, -8, -2, -12, -16, -18, -34, -30
12,0:6, -4, -4, -6, 6, -8, -10, 4, -18, -20, -28
12,3:6, -4, -4, -6, 6, -8, 0, -12, -20, 0, 2
12,3:6, -4, -4, -6, 6, -8, 0, -12, -20, 6, 0
12,3:6, -4, -4, -6, 6, -8, 0, -12, -20, 6, 6
12,3:6, -4, -4, -6, 6, -8, 0, -12, -20, 6, 8
12,3:6, -4, -4, -6, 6, -8, 0, -12, -20, 10, 6
12,3:6, -4, -4, -6, 6, -8, 0, -12, -20, 10, 8
12,3:6, -4, -4, -6, 6, -8, 0, -12, -20, 10, 10
-1,-6:6, -4, -4, -6, 6, 4, -8, -16, -22, -10, -2
-1,-6:6, -4, -4, -6, 6, 4, -8, -16, -22, -10, 8
-1,-6:6, -4, -4, -6, 6, 4, -8, -16, -22, -2, -10
-1,-6:6, -4, -4, -6, 6, 4, -8, -16, -18, -2, -10
-1,-6:6, -4, -4, -6, 6, 4, -8, -16, -18, -2, -8
-1,-6:6, -4, -4, -6, 6, 4, -8, -16, -18, -2, -6
-1,-6:6, -4, -4, -6, 6, 4, -8, -16, -14, -12, -20
-1,-6:6, -4, -4, -6, 6, 4, -8, -16, -14, -12, -18
-1,-6:6, -4, -4, -6, 6, 4, -8, -16, -14, -12, -16
-1,-6:6, -4, -4, -6, 6, 4, -8, -16, -10, -2, -18
-1,-6:6, -4, -4, -6, 6, 4, -8, -16, -10, -2, -16
-1,-6:6, -4, -4, -6, 6, 4, -8, -16, -10, -2, -14
-1,-6:6, -4, -4, -6, 6, 4, -8, -16, -8, -2, -18
-1,-6:6, -4, -4, -6, 6, 4, -8, -16, -8, -2, -16
-1,-6:6, -4, -4, -6, 6, 4, -8, -16, 2, 14, 0
-1,-6:6, -4, -4, -6, 6, 4, -8, -16, 2, 14, 2
-1,-6:6, -4, -4, -6, 6, 4, -8, -16, 2, 14, 4
16,10:6, -4, -4, -6, 6, 10, -10, 0, 4, -14, -6
7,-5:6, -4, -4, -6, 6, 10, -4, 2, 2, 0, 2
7,-5:6, -4, -4, -6, 6, 10, -4, 2, 2, 0, 6
7,-5:6, -4, -4, -6, 6, 10, -4, 2, 2, 4, -6
7,-5:6, -4, -4, -6, 6, 10, -4, 2, 2, 4, -4
7,-5:6, -4, -4, -6, 6, 10, -4, 2, 2, 4, -2
-2,15:6, -4, -4, -6, 6, 10, 12, 4, 10, 14, 4
-2,15:6, -4, -4, -6, 6, 10, 12, 4, 10, 16, 4
15,-29:6, -4, -4, 2, 0, -8, 4, -30, -22, -16, -24
10,5:6, -4, -4, 2, 6, -14, -18, -22, -12, 4, -18
10,5:6, -4, -4, 2, 6, -14, -18, -22, -12, 4, -16
10,5:6, -4, -4, 2, 6, -14, -18, -22, -12, 4, -14
10,5:6, -4, -4, 2, 6, -14, -18, -18, 6, 10, 4
10,5:6, -4, -4, 2, 6, -14, -18, -18, 6, 10, 6
10,5:6, -4, -4, 2, 6, -14, -18, -18, 6, 10, 8
6,4:6, -4, -4, 2, 6, -14, 2, -12, -8, 6, 6
6,4:6, -4, -4, 2, 6, -14, 2, -12, 10, -8, 6
6,4:6, -4, -4, 2, 6, -14, 2, -12, 10, -8, 8
6,4:6, -4, -4, 2, 6, -14, 2, -12, 10, -8, 10
3,-6:6, -4, -4, 2, 6, -8, -4, 10, -18, -8, -6
3,-6:6, -4, -4, 2, 6, -8, -4, 10, -18, -8, -4
3,-6:6, -4, -4, 2, 6, -8, -4, 10, -18, -8, -2
3,-6:6, -4, -4, 2, 6, -8, -4, 10, -10, -4, -16
3,-6:6, -4, -4, 2, 6, -8, -4, 10, -10, -4, -14
3,-6:6, -4, -4, 2, 6, -8, -4, 10, -10, -4, -12
12,13:6, -4, -4, 2, 6, 4, 10, 10, -6, 4, 16
18,1:6, -4, -4, 2, 6, 6, 12, -14, 0, 18, 10
18,1:6, -4, -4, 2, 6, 6, 12, -14, 0, 18, 12
18,1:6, -4, -4, 2, 6, 6, 12, -14, 0, 18, 14
10,-2:6, -4, -4, 4, -2, -12, -2, 8, 0, 18, 0
10,-2:6, -4, -4, 4, -2, -12, -2, 8, 10, 0, 8
10,-2:6, -4, -4, 4, -2, -12, -2, 8, 10, 0, 18
17,1:6, -4, 6, -4, -4, -12, -8, -4, -4, -2, -4
19,4:6, -4, 6, -4, -4, -6, -8, -10, -20, -10, -2
19,4:6, -4, 6, -4, -4, -6, -8, -10, -20, -10, 0
19,4:6, -4, 6, -4, -4, -6, -8, -10, -20, -10, 2
19,4:6, -4, 6, -4, -4, -6, -8, -10, -10, -2, -20
13,8:6, -4, 6, -4, -4, 2, 6, -14, -18, -18, 4
13,8:6, -4, 6, -4, -4, 2, 6, -14, -18, 4, -18
13,8:6, -4, 6, -4, -4, 2, 6, -14, -18, 4, -16
13,8:6, -4, 6, -4, -4, 2, 6, -14, -18, 4, -14
3,19:6, -4, 6, 6, -4, -4, -4, -10, -18, 16, 2
3,19:6, -4, 6, 6, -4, -4, -4, -10, 16, 2, -18
3,19:6, -4, 6, 6, -4, -4, -4, -10, 16, 2, -14
7,11:6, -4, 6, 6, -4, -4, -4, 16, 16, 16, -6
7,11:6, -4, 6, 6, -4, -4, -4, 16, 16, 16, -4
-4,4:6, -4, 6, 6, -4, -4, 10, 6, -8, 2, 16
-4,4:6, -4, 6, 6, -4, -4, 10, 6, -8, 2, 18
-4,4:6, -4, 6, 6, -4, -4, 10, 6, -8, 2, 20
-4,4:6, -4, 6, 6, -4, -4, 10, 6, -8, 16, 2
-4,4:6, -4, 6, 6, -4, -4, 10, 6, -8, 16, 4
-4,4:6, -4, 6, 6, -4, -4, 10, 6, -8, 16, 6
7,11:6, -4, 6, 6, -4, -4, 16, -8, 16, 16, -8
7,11:6, -4, 6, 6, -4, -4, 16, -8, 16, 16, -6
7,11:6, -4, 6, 6, -4, -4, 16, -8, 16, 16, -4
6,7:6, -4, 6, 6, -4, -4, 16, -2, 0, 14, 10
7,11:6, -4, 6, 6, -4, -4, 16, -2, 16, 24, 18
7,11:6, -4, 6, 6, -4, -4, 16, -2, 16, 24, 20
7,11:6, -4, 6, 6, -4, -4, 16, -2, 16, 24, 22
2,13:6, -4, 6, 6, -2, 4, 8, 4, 12, 16, 4
17,-1:6, -4, 6, 6, 8, -4, -8, -10, -2, -8, -2
-4,0:6, -4, 6, 6, 8, -4, -2, 10, 18, 16, 12
-4,0:6, -4, 6, 6, 8, -4, -2, 10, 18, 16, 16
11,3:6, -4, 6, 6, 8, -4, 2, 4, 24, 6, 2
5,13:6, -4, 6, 6, 8, -4, 10, -2, 2, 14, 22
5,13:6, -4, 6, 6, 8, -4, 10, 2, 14, 22, -2
3,17:6, -4, 6, 6, 8, 10, 12, 12, 8, 22, 2
3,17:6, -4, 6, 6, 8, 10, 12, 12, 8, 22, 4
3,17:6, -4, 6, 6, 8, 10, 12, 12, 8, 22, 6
-6,13:6, -4, 6, 6, 8, 10, 18, 26, 30, 10, 28
-6,13:6, -4, 6, 6, 8, 10, 18, 28, 30, 28, 10
0,16:6, 6, -4, -4, -4, -10, -16, -16, 16, 2, -14
0,16:6, 6, -4, -4, -4, -10, -16, -16, 16, 2, -12
0,16:6, 6, -4, -4, -4, -10, -16, -16, 16, 2, -10
0,16:6, 6, -4, -4, -4, -10, -8, -14, 16, 2, -12
0,16:6, 6, -4, -4, -4, -10, -8, -14, 16, 2, -2
0,16:6, 6, -4, -4, -4, -10, -8, -10, 16, 2, -12
0,16:6, 6, -4, -4, -4, -10, -8, -10, 16, 2, -10
0,16:6, 6, -4, -4, -4, -10, -8, -10, 16, 2, -8
0,16:6, 6, -4, -4, -4, -10, -8, -8, 16, 2, -16
1,17:6, 6, -4, -4, -4, 0, 0, 0, 6, -4, 10
1,17:6, 6, -4, -4, -4, 0, 0, 0, 6, 10, -4
1,17:6, 6, -4, -4, -4, 0, 0, 0, 6, 10, 0
6,-1:6, 6, -4, -4, -4, 10, 6, 12, 6, 4, 6
6,-1:6, 6, -4, -4, -4, 10, 6, 12, 6, 4, 16
6,-1:6, 6, -4, -4, -4, 10, 6, 12, 6, 16, 4
6,-1:6, 6, -4, -4, -4, 10, 6, 12, 6, 16, 6
3,4:6, 6, -4, -4, -4, 16, -8, 0, 14, 10, -4
8,0:6, 6, -4, -4, 2, 10, 6, 18, 16, 12, 18
8,0:6, 6, -4, -4, 2, 10, 6, 18, 16, 12, 22
7,1:6, 6, -4, -4, 2, 10, 16, -2, 6, -8, -2
7,1:6, 6, -4, -4, 2, 10, 16, -2, 6, -8, 8
-7,1:6, 6, -4, -4, 10, 6, -8, 2, 12, 22, 16
-7,1:6, 6, -4, -4, 10, 6, -8, 2, 12, 22, 18
-7,1:6, 6, -4, -4, 10, 6, -8, 2, 12, 22, 20
-7,1:6, 6, -4, -4, 10, 6, -8, 2, 22, 24, 16
-7,1:6, 6, -4, -4, 10, 6, -8, 10, 0, 16, 2
-7,1:6, 6, -4, -4, 10, 6, -8, 10, 0, 16, 4
-7,1:6, 6, -4, -4, 10, 6, -8, 10, 0, 16, 6
-7,1:6, 6, -4, -4, 10, 6, -8, 12, 12, 10, 18
-4,1:6, 6, -4, -4, 10, 16, -2, -2, 4, 2, 6
1,7:6, 6, -4, -4, 10, 16, 18, 16, 18, 2, -8
1,7:6, 6, -4, -4, 10, 16, 18, 16, 18, 2, -2
1,7:6, 6, -4, -4, 10, 16, 18, 16, 18, 2, 2
3,4:6, 6, -4, -4, 16, -8, 0, 0, 14, 10, -6
3,4:6, 6, -4, -4, 16, -8, 0, 0, 14, 10, -4
4,8:6, 6, -4, -4, 16, -8, 16, -10, -12, 16, -4
3,12:6, 6, -4, -4, 16, -2, 10, 18, 24, 16, 22
3,12:6, 6, -4, -4, 16, -2, 10, 18, 24, 16, 24
3,12:6, 6, -4, -4, 16, -2, 10, 18, 24, 16, 26
4,8:6, 6, -4, -4, 16, -2, 16, 24, 14, 24, 18
4,8:6, 6, -4, -4, 16, -2, 16, 24, 14, 24, 20
4,8:6, 6, -4, -4, 16, -2, 16, 24, 14, 24, 22
4,8:6, 6, -4, -4, 16, -2, 16, 24, 24, 26, 18
10,6:6, 6, -4, 0, 10, 0, 4, 8, 8, 10, 8
12,9:6, 6, -4, 0, 10, 6, 4, 2, -8, 2, 10
12,9:6, 6, -4, 0, 10, 6, 4, 2, -8, 2, 12
12,9:6, 6, -4, 0, 10, 6, 4, 2, -8, 2, 14
12,9:6, 6, -4, 0, 10, 6, 4, 2, 2, 10, -8
6,13:6, 6, -4, 0, 10, 14, 18, -2, -6, -6, 16
6,13:6, 6, -4, 0, 10, 14, 18, -2, -6, 16, -6
6,13:6, 6, -4, 0, 10, 14, 18, -2, -6, 16, -4
6,13:6, 6, -4, 0, 10, 14, 18, -2, -6, 16, -2
-18,3:6, 6, -4, 2, 10, -2, 36, 28, 32, 32, 36
-18,3:6, 6, -4, 2, 10, -2, 36, 28, 32, 32, 42
13,12:6, 6, -4, 2, 10, 14, 18, 12, 4, 26, 20
13,12:6, 6, -4, 2, 10, 14, 18, 12, 4, 26, 22
13,12:6, 6, -4, 2, 10, 14, 18, 12, 4, 26, 28
0,16:6, 6, -2, -4, -4, -10, -8, 0, 16, 2, -14
0,16:6, 6, -2, -4, -4, -10, -8, 0, 16, 2, -12
0,16:6, 6, -2, -4, -4, -10, -8, 0, 16, 2, -10
7,0:6, 6, -2, -4, -4, -6, 14, 16, 8, 14, 8
6,4:6, 6, -2, -4, -2, 4, 4, -4, 12, 6, -4
0,7:6, 6, -2, -4, 4, 2, -6, -4, 8, 10, 14
8,10:6, 6, -2, -4, 12, -2, -8, 2, 12, 6, 16
7,-11:6, 6, -2, -4, 12, 12, 6, 6, 4, -8, -8
4,20:6, 6, -2, -4, 16, 4, 24, -4, 2, 12, -8
2,6:6, 6, -2, -2, -2, -4, 16, 4, -6, -14, -8
8,-13:6, 6, -2, -2, 8, -2, -4, -4, 6, -14, -22
8,-13:6, 6, -2, -2, 8, -2, -4, -4, 6, -14, -18
12,6:6, 6, -2, -2, 8, -2, -4, -2, -20, -6, 6
12,6:6, 6, -2, -2, 8, -2, -4, -2, -20, -6, 16
12,6:6, 6, -2, -2, 8, -2, -4, -2, -20, 6, -6
12,-1:6, 6, -2, -2, 14, -2, -8, -4, -2, 10, 0
12,-1:6, 6, -2, -2, 14, -2, -8, -4, -2, 10, 2
12,-1:6, 6, -2, -2, 14, -2, -8, -4, -2, 10, 4
12,-1:6, 6, -2, -2, 14, -2, -8, -4, 2, 16, 8
12,-1:6, 6, -2, -2, 14, -2, -8, -4, 2, 16, 10
12,-1:6, 6, -2, -2, 14, -2, -8, -4, 2, 16, 12
8,12:6, 6, -2, -2, 14, 8, -2, 10, 12, 10, 12
8,12:6, 6, -2, -2, 14, 8, -2, 10, 12, 10, 22
8,12:6, 6, -2, -2, 14, 8, -2, 10, 12, 22, 10
0,3:6, 6, -2, 12, 0, 18, 4, 10, 28, 10, 18
-1,20:6, 6, -2, 12, 0, 18, 8, 8, 10, 14, 4
11,9:6, 6, -2, 12, 10, 2, 6, 10, 10, 12, 10
2,19:6, 6, -2, 14, 8, -4, 0, 0, -8, 16, 6
2,19:6, 6, -2, 14, 8, -4, 0, 0, -8, 16, 8
2,4:6, 6, -2, 14, 8, 16, 10, 4, 4, 10, -6
15,4:6, 6, -2, 14, 16, 8, 0, 0, 16, 0, -6
13,-2:6, 6, 8, -4, -8, -10, -12, 8, 0, 0, 6
13,-2:6, 6, 8, -4, -8, -10, -12, 8, 0, 8, 0
-6,5:6, 6, 8, -4, -8, 0, 6, 0, -10, -4, -2
-6,5:6, 6, 8, -4, -8, 0, 6, 0, -10, -4, 8
-6,5:6, 6, 8, -4, -8, 0, 6, 0, -10, 6, 0
-6,5:6, 6, 8, -4, -8, 0, 6, 0, -2, 0, 2
-6,5:6, 6, 8, -4, -8, 0, 6, 0, -2, 0, 4
-6,5:6, 6, 8, -4, -8, 0, 6, 0, -2, 0, 6
-6,5:6, 6, 8, -4, -8, 0, 6, 0, 2, -2, -10
-6,5:6, 6, 8, -4, -8, 0, 6, 0, 2, -2, -8
-6,5:6, 6, 8, -4, -8, 0, 6, 0, 2, -2, -6
-6,5:6, 6, 8, -4, -8, 0, 6, 0, 4, 2, 6
-6,5:6, 6, 8, -4, -8, 0, 6, 0, 4, 2, 8
-6,5:6, 6, 8, -4, -8, 0, 6, 0, 4, 2, 10
-6,5:6, 6, 8, -4, -8, 0, 6, 0, 4, 6, 2
-6,5:6, 6, 8, -4, -8, 0, 6, 0, 6, -4, 2
-6,5:6, 6, 8, -4, -8, 0, 6, 0, 6, -4, 6
5,10:6, 6, 8, -4, -8, 8, 6, 6, 18, 4, 16
2,10:6, 6, 8, -4, -4, 10, 2, -8, 14, 22, -6
2,10:6, 6, 8, -4, -4, 10, 2, -8, 14, 22, -4
2,10:6, 6, 8, -4, -4, 10, 2, -8, 14, 22, -2
-7,-3:6, 6, 8, -4, -2, 10, 18, -6, 4, 18, 6
-7,-3:6, 6, 8, -4, -2, 10, 18, -6, 4, 18, 8
-7,-3:6, 6, 8, -4, -2, 10, 18, -6, 4, 18, 10
-7,-3:6, 6, 8, -4, -2, 10, 18, -6, 8, 24, 18
-7,-3:6, 6, 8, -4, -2, 10, 18, -6, 12, 24, 18
-7,-3:6, 6, 8, -4, -2, 10, 18, -6, 12, 24, 20
-7,-3:6, 6, 8, -4, -2, 10, 18, -6, 12, 24, 22
-7,-3:6, 6, 8, -4, -2, 10, 18, -6, 14, -6, 10
-7,-3:6, 6, 8, -4, -2, 10, 18, -6, 14, -6, 18
-7,-3:6, 6, 8, -4, -2, 10, 18, -6, 14, 10, -6
-7,-3:6, 6, 8, -4, -2, 10, 18, -6, 14, 10, 2
-7,-3:6, 6, 8, -4, -2, 10, 18, -6, 16, 12, 4
-7,-3:6, 6, 8, -4, -2, 10, 18, -6, 16, 12, 6
-7,-3:6, 6, 8, -4, -2, 10, 18, -6, 16, 12, 8
-7,-3:6, 6, 8, -4, -2, 10, 18, -6, 16, 14, 16
-7,-3:6, 6, 8, -4, -2, 10, 18, -6, 24, 20, 12
-7,-3:6, 6, 8, -4, -2, 10, 18, 0, -12, -6, -4
-7,-3:6, 6, 8, -4, -2, 10, 18, 0, -12, -6, -2
-7,-3:6, 6, 8, -4, -2, 10, 18, 0, -12, -6, 0
-7,-3:6, 6, 8, -4, -2, 10, 18, 16, 14, 14, 16
-7,-3:6, 6, 8, -4, -2, 10, 18, 16, 14, 14, 18
-7,-3:6, 6, 8, -4, -2, 10, 18, 16, 14, 14, 20
-7,-3:6, 6, 8, -4, -2, 10, 18, 16, 22, 16, 18
-7,-3:6, 6, 8, -4, -2, 10, 18, 16, 22, 16, 28
-7,-3:6, 6, 8, -4, -2, 10, 18, 16, 22, 20, 18
-7,-3:6, 6, 8, -4, -2, 10, 18, 16, 22, 20, 20
-7,-3:6, 6, 8, -4, -2, 10, 18, 16, 22, 20, 22
-7,-3:6, 6, 8, -4, -2, 10, 18, 16, 22, 22, 14
-7,-3:6, 6, 8, -4, -2, 10, 18, 18, 14, 20, 6
-7,-3:6, 6, 8, -4, -2, 10, 18, 18, 14, 20, 8
-7,-3:6, 6, 8, -4, -2, 10, 18, 18, 14, 20, 10
14,-1:6, 6, 8, -4, 2, -6, -2, 6, 2, -10, 2
3,7:6, 6, 8, -4, 2, 10, -12, 20, 22, 12, 16
3,7:6, 6, 8, -4, 2, 10, -12, 20, 22, 12, 18
3,7:6, 6, 8, -4, 2, 10, -12, 20, 22, 12, 20
7,3:6, 6, 8, -4, 2, 10, 4, 2, 2, 2, 12
8,0:6, 6, 8, -4, 2, 10, 4, 18, 10, 12, 20
8,0:6, 6, 8, -4, 2, 10, 4, 18, 10, 12, 22
8,0:6, 6, 8, -4, 2, 10, 4, 18, 10, 12, 24
8,0:6, 6, 8, -4, 2, 10, 4, 18, 10, 22, 12
8,0:6, 6, 8, -4, 2, 10, 4, 18, 10, 22, 14
8,0:6, 6, 8, -4, 2, 10, 4, 18, 10, 22, 16
9,8:6, 6, 8, -4, 10, -8, 0, 2, -2, 10, 12
9,8:6, 6, 8, -4, 10, -8, 0, 2, -2, 10, 22
2,10:6, 6, 8, -4, 10, -8, 0, 2, 14, 22, -6
2,10:6, 6, 8, -4, 10, -8, 0, 2, 14, 22, -4
2,10:6, 6, 8, -4, 10, -8, 0, 2, 14, 22, -2
9,8:6, 6, 8, -4, 10, -8, 0, 2, 20, 22, -2
-1,10:6, 6, 8, -4, 10, -2, 12, 20, 22, 28, 24
-1,10:6, 6, 8, -4, 10, -2, 12, 20, 30, 30, 16
-1,10:6, 6, 8, -4, 10, -2, 12, 20, 30, 30, 26
7,8:6, 6, 8, -4, 10, -2, 14, 4, 18, 18, -6
2,10:6, 6, 8, -4, 10, 2, 14, 2, -2, 22, -2
2,10:6, 6, 8, -4, 10, 2, 14, 2, -2, 22, 2
-1,10:6, 6, 8, -4, 10, 12, 2, 20, 22, 30, 0
0,10:6, 6, 8, 2, 10, 2, 2, 22, 4, 22, 22
0,10:6, 6, 8, 2, 10, 2, 2, 22, 4, 22, 24
0,10:6, 6, 8, 2, 10, 2, 2, 22, 4, 22, 26
0,10:6, 6, 8, 2, 10, 2, 2, 22, 22, 22, 4
-4,16:6, 6, 8, 2, 10, 14, 16, 18, 18, 6, 28
-4,16:6, 6, 8, 2, 10, 14, 16, 18, 18, 28, 6
-4,16:6, 6, 8, 2, 10, 14, 16, 18, 18, 28, 8
-4,16:6, 6, 8, 2, 10, 14, 16, 18, 18, 28, 10
-7,14:6, 6, 8, 2, 10, 20, 16, 10, 12, 12, 12
-34,15:6, 6, 8, 10, 2, 16, 4, 20, 24, 38, 32
-4,20:6, 6, 8, 10, 4, 4, 18, 8, 0, 24, 14
-4,20:6, 6, 8, 10, 4, 4, 18, 8, 24, 14, 0
-4,20:6, 6, 8, 10, 4, 4, 18, 8, 24, 14, 10
-6,17:6, 6, 8, 10, 4, 14, 18, 20, 32, 36, 32
3,6:6, 6, 8, 10, 12, 4, 0, -12, -4, 12, -10
3,6:6, 6, 8, 10, 12, 4, 0, -12, -4, 12, -8
3,6:6, 6, 8, 10, 12, 4, 0, -12, -4, 12, -6
3,6:6, 6, 8, 10, 12, 4, 0, -12, 0, 12, 2
3,6:6, 6, 8, 10, 12, 4, 0, -12, 0, 12, 4
3,6:6, 6, 8, 10, 12, 4, 0, -12, 0, 12, 6
3,6:6, 6, 8, 10, 12, 4, 0, -8, 12, 2, -4
3,6:6, 6, 8, 10, 12, 4, 0, -8, 12, 2, -2
3,6:6, 6, 8, 10, 12, 4, 0, -8, 12, 2, 0
0,14:6, 6, 8, 10, 12, 12, 8, -2, 8, 22, 2
0,14:6, 6, 8, 10, 12, 12, 8, -2, 8, 22, 4
0,14:6, 6, 8, 10, 12, 12, 8, -2, 8, 22, 6
0,14:6, 6, 8, 10, 12, 12, 8, 22, 8, 10, 2
0,14:6, 6, 8, 10, 12, 12, 22, -2, -4, -12, -2
0,14:6, 6, 8, 10, 12, 12, 22, -2, -4, -12, 2
0,14:6, 6, 8, 10, 12, 12, 22, -2, -4, 2, -12
0,14:6, 6, 8, 10, 12, 12, 22, -2, -4, 2, -2
0,14:6, 6, 8, 10, 12, 12, 22, -2, 4, 4, -10
0,14:6, 6, 8, 10, 12, 12, 22, -2, 4, 4, 0
-9,10:6, 6, 8, 10, 18, 26, 30, 10, 30, 34, 28
-9,10:6, 6, 8, 10, 18, 26, 30, 10, 30, 34, 30
-9,10:6, 6, 8, 10, 18, 26, 30, 10, 30, 34, 32
-10,3:6, 6, 8, 10, 18, 26, 30, 16, 6, 28, 10
-10,3:6, 6, 8, 10, 18, 26, 30, 16, 6, 28, 20
5,9:6, 6, 14, 6, 4, -4, -2, -8, 0, -10, 16
5,9:6, 6, 14, 6, 4, -4, -2, -8, 0, 16, -10
5,9:6, 6, 14, 6, 4, -4, -2, -8, 0, 16, -8
5,9:6, 6, 14, 6, 4, -4, -2, -8, 0, 16, -6
-2,15:6, 6, 14, 6, 6, 2, 12, 14, 2, 26, 26
-3,15:6, 6, 14, 6, 6, 2, 12, 14, 20, -2, 6
-3,15:6, 6, 14, 6, 6, 2, 12, 14, 20, -2, 8
-3,15:6, 6, 14, 6, 6, 2, 12, 14, 20, -2, 10
-3,15:6, 6, 14, 6, 6, 2, 12, 14, 20, 6, -2
-3,15:6, 6, 14, 6, 6, 2, 12, 14, 20, 6, 0
-3,15:6, 6, 14, 6, 6, 2, 12, 14, 20, 6, 2
-2,15:6, 6, 14, 6, 6, 2, 12, 14, 26, 26, 2
-2,15:6, 6, 14, 6, 6, 2, 12, 14, 26, 26, 6
3,6:6, 6, 14, 6, 6, 16, 12, 8, -8, 18, 10
3,6:6, 6, 14, 6, 6, 16, 12, 8, -8, 18, 12
3,6:6, 6, 14, 6, 6, 16, 12, 8, -8, 18, 14
-7,3:6, 6, 14, 10, -4, 16, 22, 22, 4, 26, 14
9,9:6, 6, 14, 10, 4, -6, 6, 6, 16, 4, -4
-6,6:6, 6, 14, 10, 6, 6, 16, 20, 8, -6, 2
-6,6:6, 6, 14, 10, 6, 6, 16, 20, 8, 2, -10
-6,6:6, 6, 14, 10, 6, 6, 16, 20, 8, 2, 0
-6,6:6, 6, 14, 10, 6, 6, 16, 20, 8, 4, -10
-6,6:6, 6, 14, 10, 6, 6, 16, 20, 8, 4, 0
8,18:6, 6, 14, 10, 16, 2, 16, 22, 26, 24, 20
-7,3:6, 6, 14, 10, 16, 22, 22, 4, 26, 14, -4
-7,3:6, 6, 14, 10, 16, 22, 22, 4, 26, 14, -2
-7,3:6, 6, 14, 10, 16, 22, 22, 4, 26, 14, 0
17,9:6, 6, 16, -16, 4, -4, 0, 4, 4, 6, 4
19,12:6, 6, 16, -16, 4, 2, 0, -2, -12, -2, 6
19,12:6, 6, 16, -16, 4, 2, 0, -2, -12, -2, 8
19,12:6, 6, 16, -16, 4, 2, 0, -2, -12, -2, 10
19,12:6, 6, 16, -16, 4, 2, 0, -2, -2, 6, -12
13,16:6, 6, 16, -16, 4, 10, 14, -6, -10, -10, 12
13,16:6, 6, 16, -16, 4, 10, 14, -6, -10, 12, -10
13,16:6, 6, 16, -16, 4, 10, 14, -6, -10, 12, -8
13,16:6, 6, 16, -16, 4, 10, 14, -6, -10, 12, -6
15,5:6, 6, 16, -8, -18, -8, -8, -16, -18, -16, 2
13,12:6, 6, 16, -8, -18, -8, 4, 2, 0, -12, -2
5,4:6, 6, 16, -8, -18, 4, 2, 8, 6, -22, -8
5,4:6, 6, 16, -8, -18, 4, 2, 8, 6, -8, -22
5,4:6, 6, 16, -8, -18, 4, 2, 8, 6, -8, -14
