3,3:6, -4
-8,7:-4, -14, -8
-8,7:-4, -14, -6
-8,7:-4, -14, -4
12,5:-4, -14, 14
12,5:-4, -14, 16
12,5:-4, -14, 18
4,5:6, -4, 6
-8,7:-4, -14, -12, -10
-8,7:-4, -14, -12, -8
-8,7:-4, -14, -12, -6
14,6:-4, -14, -12, 14
14,6:-4, -14, -12, 16
14,6:-4, -14, -12, 18
-6,8:-4, -14, -8, 10
-6,8:-4, -14, 10, -8
-6,8:-4, -14, 10, -6
-6,8:-4, -14, 10, -4
12,5:-4, -14, 10, 12
12,5:-4, -14, 10, 14
12,5:-4, -14, 10, 16
14,6:-4, -14, 14, -12
5,-6:-4, -12, -4, -8
-2,1:-4, -6, -14, -2
6,6:6, -4, 6, -4
6,14:6, 6, 16, -16
6,14:6, 6, 16, -14
6,14:6, 6, 16, -12
8,-6:6, 6, 16, 6
8,-6:6, 6, 16, 8
8,-6:6, 6, 16, 10
-8,7:-4, -14, -12, -2, -8
-8,7:-4, -14, -12, -2, -6
-8,7:-4, -14, -12, -2, -4
15,8:-4, -14, -12, -2, 14
15,8:-4, -14, -12, -2, 16
15,8:-4, -14, -12, -2, 18
-6,8:-4, -14, -12, 10, -10
-6,8:-4, -14, -12, 10, -8
-6,8:-4, -14, -12, 10, -6
14,6:-4, -14, -12, 10, 12
14,6:-4, -14, -12, 10, 14
14,6:-4, -14, -12, 10, 16
15,8:-4, -14, -12, 14, -2
-5,10:-4, -14, -8, 10, 20
-5,10:-4, -14, 10, 20, -8
-5,10:-4, -14, 10, 20, -6
-5,10:-4, -14, 10, 20, -4
12,5:-4, -14, 10, 20, 14
12,5:-4, -14, 10, 20, 16
12,5:-4, -14, 10, 20, 18
7,-5:-4, -12, -4, -8, -16
0,2:-4, -6, -14, -2, -2
0,4:-4, -6, -14, 6, 4
-14,2:-4, -6, 6, -2, -14
-14,2:-4, -6, 6, -2, -6
0,4:-4, -6, 6, 4, -14
0,4:-4, -6, 6, 4, -4
10,-2:-4, 4, -10, 2, -4
-5,10:6, -4, -4, -14, -8
-5,10:6, -4, -4, -14, -6
-5,10:6, -4, -4, -14, -4
15,8:6, -4, -4, -14, 14
15,8:6, -4, -4, -14, 16
15,8:6, -4, -4, -14, 18
7,8:6, -4, 6, -4, 6
2,0:6, 6, -2, 16, 4
-5,7:6, 6, 14, 6, 10
7,16:6, 6, 16, -16, 14
6,14:6, 6, 16, -8, -14
6,14:6, 6, 16, -8, -12
6,14:6, 6, 16, -8, -10
9,-4:6, 6, 16, -8, 6
9,-4:6, 6, 16, -8, 8
9,-4:6, 6, 16, -8, 10
9,-4:6, 6, 16, 6, -8
7,16:6, 6, 16, 14, -16
7,16:6, 6, 16, 14, -14
7,16:6, 6, 16, 14, -12
8,-6:6, 6, 16, 14, 8
8,-6:6, 6, 16, 14, 10
8,-6:6, 6, 16, 14, 12
-6,8:-4, -14, -12, -2, 10, -8
-6,8:-4, -14, -12, -2, 10, -6
-6,8:-4, -14, -12, -2, 10, -4
15,8:-4, -14, -12, -2, 10, 12
15,8:-4, -14, -12, -2, 10, 14
15,8:-4, -14, -12, -2, 10, 16
17,9:-4, -14, -12, -2, 14, -12
-5,10:-4, -14, -12, 10, 20, -10
-5,10:-4, -14, -12, 10, 20, -8
-5,10:-4, -14, -12, 10, 20, -6
14,6:-4, -14, -12, 10, 20, 14
14,6:-4, -14, -12, 10, 20, 16
14,6:-4, -14, -12, 10, 20, 18
-3,11:-4, -14, -8, 10, 20, 10
-3,19:-4, -14, -8, 20, 30, -2
-3,19:-4, -14, -8, 20, 30, 0
-3,19:-4, -14, -8, 20, 30, 2
-1,-1:-4, -14, -8, 20, 30, 20
-1,-1:-4, -14, -8, 20, 30, 22
-1,-1:-4, -14, -8, 20, 30, 24
-6,8:-4, -14, 10, -2, 0, -8
12,5:-4, -14, 10, 10, 8, 16
-3,11:-4, -14, 10, 20, 10, -8
-3,11:-4, -14, 10, 20, 10, -6
-3,11:-4, -14, 10, 20, 10, -4
12,5:-4, -14, 10, 20, 10, 12
12,5:-4, -14, 10, 20, 10, 14
12,5:-4, -14, 10, 20, 10, 16
17,17:-4, -14, 14, -2, 8, -24
17,17:-4, -14, 14, -2, 8, -22
17,17:-4, -14, 14, -2, 8, -20
19,-3:-4, -14, 14, -2, 8, -2
19,-3:-4, -14, 14, -2, 8, 0
19,-3:-4, -14, 14, -2, 8, 2
8,7:-4, -12, -14, 4, -6, -10
-1,-1:-4, -12, -14, 4, 6, 4
14,-1:-4, -12, -8, -14, -4, -6
8,-3:-4, -12, -4, -8, -16, -6
8,3:-4, -12, -4, -4, 0, 2
0,-4:-4, -12, 4, -6, 2, -6
-1,-1:-4, -12, 4, 6, 4, -14
-1,-1:-4, -12, 4, 6, 4, -4
5,0:-4, -12, 4, 6, 10, -14
1,4:-4, -6, -14, -2, -2, 8
1,6:-4, -6, -14, 6, 4, 10
-2,4:-4, -6, -14, 6, 6, 2
-1,-1:-4, -6, -14, 6, 6, 6
-1,-1:-4, -6, -14, 6, 6, 8
2,24:-4, -6, -14, 6, 12, -2
2,24:-4, -6, -14, 6, 12, 2
8,0:-4, -6, -8, -18, -20, -2
8,0:-4, -6, -8, -18, -2, -20
6,1:-4, -6, -8, -10, -20, -14
6,1:-4, -6, -8, -10, -20, -4
6,1:-4, -6, -8, -10, -14, -20
4,-11:-4, -6, -8, -2, -20, -20
10,-1:-4, -6, -8, -2, -12, -20
-6,3:-4, -6, 0, -8, -20, -14
-6,3:-4, -6, 0, -8, -20, -12
-6,3:-4, -6, 0, -8, -20, -10
14,1:-4, -6, 0, -8, -20, 8
14,1:-4, -6, 0, -8, -20, 10
14,1:-4, -6, 0, -8, -20, 12
0,-12:-4, -6, 0, -2, -30, -10
0,-12:-4, -6, 0, -2, -30, -8
20,-8:-4, -6, 0, -2, -26, -14
20,-8:-4, -6, 0, -2, -26, -6
20,-8:-4, -6, 0, -2, -14, -26
20,-8:-4, -6, 0, -2, -14, -24
0,-12:-4, -6, 0, -2, -10, -30
0,-12:-4, -6, 0, -2, -10, -22
-13,4:-4, -6, 6, -2, -14, 22
-14,2:-4, -6, 6, -2, -10, -14
-14,2:-4, -6, 6, -2, -10, -10
-14,2:-4, -6, 6, -2, -4, -14
-14,2:-4, -6, 6, -2, -4, -8
-14,2:-4, -6, 6, -2, -4, -4
-13,4:-4, -6, 6, -2, 22, -14
-13,4:-4, -6, 6, -2, 22, -6
1,6:-4, -6, 6, 4, 10, -14
1,6:-4, -6, 6, 4, 10, -4
-2,4:-4, -6, 6, 6, 2, -14
-2,4:-4, -6, 6, 6, 2, -4
7,0:-4, -6, 6, 10, -14, -2
-1,6:-4, -6, 6, 10, -14, 0
-1,-1:-4, -6, 6, 10, -14, 6
-1,-1:-4, -6, 6, 10, -14, 8
-1,-1:-4, -6, 6, 10, -14, 10
-1,6:-4, -6, 6, 10, -4, -10
-2,5:-4, -6, 6, 10, -4, 0
-1,6:-4, -6, 6, 10, 0, -14
-1,-1:-4, -6, 6, 10, 6, -14
5,16:-4, 2, 2, -14, -10, 8
5,16:-4, 2, 2, -14, -10, 10
1,-4:-4, 2, 2, -14, -8, 6
1,-4:-4, 2, 2, -14, -8, 14
1,-4:-4, 2, 2, -14, 6, -8
1,-4:-4, 2, 2, -14, 6, -6
5,16:-4, 2, 2, -14, 8, -10
5,16:-4, 2, 2, -14, 8, -2
14,10:-4, 2, 2, -8, 4, -28
14,10:-4, 2, 2, -8, 4, -26
14,10:-4, 2, 2, -8, 4, -24
16,-10:-4, 2, 2, -8, 4, -6
16,-10:-4, 2, 2, -8, 4, -4
16,-10:-4, 2, 2, -8, 4, -2
8,0:-4, 4, -10, -12, -12, 2
4,-1:-4, 4, -10, -12, 0, -14
11,0:-4, 4, -10, 2, -6, -4
11,0:-4, 4, -10, 2, -4, -6
9,-3:-4, 4, -10, 6, 6, 10
-2,1:-4, 4, -2, -12, -2, -14
-2,1:-4, 4, -2, -12, -2, -4
9,4:-4, 4, -2, -8, 0, -16
9,4:-4, 4, -2, -8, 0, -12
8,0:-4, 4, -2, 6, 4, -16
6,14:-4, 4, 4, -6, 2, 8
6,14:-4, 4, 4, -6, 2, 10
6,14:-4, 4, 4, -6, 8, 2
6,12:-4, 4, 6, 4, -8, 0
-1,-1:-4, 4, 6, 6, 6, -14
-5,10:6, -4, -4, -14, -12, -10
-5,10:6, -4, -4, -14, -12, -8
-5,10:6, -4, -4, -14, -12, -6
17,9:6, -4, -4, -14, -12, 14
17,9:6, -4, -4, -14, -12, 16
17,9:6, -4, -4, -14, -12, 18
-3,11:6, -4, -4, -14, 10, -8
-3,11:6, -4, -4, -14, 10, -6
-3,11:6, -4, -4, -14, 10, -4
15,8:6, -4, -4, -14, 10, 12
15,8:6, -4, -4, -14, 10, 14
15,8:6, -4, -4, -14, 10, 16
8,-3:6, -4, -4, -12, -4, -8
1,4:6, -4, -4, -6, -14, -2
9,9:6, -4, 6, -4, 6, -4
9,17:6, -4, 6, 6, 16, -16
9,17:6, -4, 6, 6, 16, -14
9,17:6, -4, 6, 6, 16, -12
11,-3:6, -4, 6, 6, 16, 6
11,-3:6, -4, 6, 6, 16, 8
11,-3:6, -4, 6, 6, 16, 10
5,2:6, 6, -2, -4, 16, -2
-1,12:6, 6, -2, 12, 0, 6
3,2:6, 6, -2, 16, 4, 4
5,2:6, 6, 8, -4, -2, 6
5,2:6, 6, 8, -4, -2, 16
3,-12:6, 6, 8, -4, 4, 8
3,-12:6, 6, 8, -4, 4, 16
-4,9:6, 6, 14, 6, 10, 18
9,17:6, 6, 16, -16, 14, 4
6,14:6, 6, 16, -8, -18, -16
6,14:6, 6, 16, -8, -18, -14
6,14:6, 6, 16, -8, -18, -12
11,-3:6, 6, 16, -8, -18, 6
11,-3:6, 6, 16, -8, -18, 8
11,-3:6, 6, 16, -8, -18, 10
11,-3:6, 6, 16, -8, 6, -18
7,16:6, 6, 16, -8, 14, -14
7,16:6, 6, 16, -8, 14, -12
7,16:6, 6, 16, -8, 14, -10
9,-4:6, 6, 16, -8, 14, 8
9,-4:6, 6, 16, -8, 14, 10
9,-4:6, 6, 16, -8, 14, 12
9,17:6, 6, 16, 14, 4, -16
9,17:6, 6, 16, 14, 4, -14
9,17:6, 6, 16, 14, 4, -12
8,-6:6, 6, 16, 14, 4, 6
8,-6:6, 6, 16, 14, 4, 8
8,-6:6, 6, 16, 14, 4, 10
