4,-6:-4, 2, 0, -12
4,-6:-4, 2, 0, -2
1,9:6, 6, -4, 0
1,0:6, 6, -2, 16
1,0:6, 6, 8, 16
-1,5:-4, -6, -14, 6, 0
7,0:-4, -6, -8, -18, -20
6,-10:-4, -6, -8, -18, -4
6,-10:-4, -6, -8, -18, 0
6,-10:-4, -6, -8, -4, -18
6,-10:-4, -6, -8, -4, -8
6,-10:-4, -6, -8, -2, -14
-1,5:-4, -6, 6, 0, -14
-1,5:-4, -6, 6, 0, -4
4,-6:-4, -6, 6, 0, 2
4,-6:-4, -6, 6, 0, 12
4,-6:-4, -6, 6, 4, 2
4,-6:-4, -6, 6, 4, 4
4,-6:-4, -6, 6, 4, 6
4,-6:-4, 4, -10, -12, 2
4,-6:-4, 4, -10, 2, -14
4,-6:-4, 4, -10, 2, -12
4,-6:-4, 4, -10, 2, -10
6,6:-4, 4, -2, -12, -6
7,-3:6, -4, -4, -6, 0
1,0:6, 6, 14, 16, -4
1,0:6, 6, 14, 16, 0
-8,14:-4, -14, -8, 20, 10, 14
-8,5:-4, -14, -8, 20, 12, 30
-8,5:-4, -14, -8, 20, 22, 30
12,12:-4, -14, 14, -2, -12, -8
12,3:-4, -14, 14, -2, -10, 8
12,3:-4, -14, 14, -2, 0, 8
6,-10:-4, -12, -8, -18, 2, -2
6,-10:-4, -12, -8, -18, 2, 2
4,-6:-4, -12, 4, 6, 4, 0
4,-6:-4, -12, 4, 6, 4, 2
2,-8:-4, -12, 4, 6, 10, -6
2,-8:-4, -12, 4, 6, 10, -4
2,-8:-4, -12, 4, 6, 10, -2
6,-10:-4, -6, -8, -18, -2, -10
6,-10:-4, -6, -8, -18, -2, -8
6,-10:-4, -6, -8, -18, -2, -6
2,0:-4, -6, -8, -16, -16, -24
6,-10:-4, -6, -8, -10, -14, -6
6,-10:-4, -6, -8, -10, -14, -4
6,-10:-4, -6, -8, -10, -14, -2
6,-10:-4, -6, -8, -2, -12, -12
6,-10:-4, -6, -8, -2, -12, -10
6,-10:-4, -6, -8, -2, -12, -8
6,-10:-4, -6, 0, -8, -12, -6
4,-6:-4, -6, 6, 4, 10, 4
4,-6:-4, -6, 6, 4, 10, 6
4,-6:-4, -6, 6, 4, 10, 8
4,-6:-4, -6, 6, 6, 2, 4
4,-6:-4, -6, 6, 6, 2, 6
4,-6:-4, -6, 6, 6, 2, 8
10,-3:-4, -6, 6, 10, -6, 2
4,-6:-4, 2, 0, -8, -4, -12
9,5:-4, 2, 2, -8, -16, -12
9,-4:-4, 2, 2, -8, -14, 4
9,-4:-4, 2, 2, -8, -4, 4
4,-6:-4, 2, 6, 4, 0, -14
4,-6:-4, 4, -10, -12, 0, -8
4,-6:-4, 4, -10, -12, 0, -6
4,-6:-4, 4, -10, -12, 0, -4
4,-6:-4, 4, -10, 2, -6, -12
4,-6:-4, 4, -10, 2, -6, -10
4,-6:-4, 4, -10, 2, -6, -8
-10,-1:-4, 4, -2, -12, 6, -12
17,-10:-4, 4, -2, 6, 4, 0
4,-6:-4, 4, 4, -6, 0, 14
-4,10:-4, 4, 4, -6, 2, 4
-4,10:-4, 4, 4, -6, 4, 2
4,-6:-4, 4, 4, 4, 8, -8
4,-6:-4, 4, 4, 4, 8, -2
4,-6:-4, 4, 4, 4, 8, 2
7,-3:6, -4, -4, 2, 0, -12
7,-3:6, -4, -4, 2, 0, -2
4,12:6, -4, 6, 6, -4, 0
4,3:6, -4, 6, 6, -2, 16
4,3:6, -4, 6, 6, 8, 16
-3,7:6, 6, -2, 4, 8, 2
1,0:6, 6, -2, 4, 8, 16
1,0:6, 6, -2, 4, 16, 8
1,0:6, 6, -2, 4, 16, 14
1,0:6, 6, -2, 14, 16, 2
1,0:6, 6, -2, 14, 16, 4
1,0:6, 6, -2, 14, 16, 6
5,11:6, 6, 14, 6, 0, 0
18,0:-4, -14, -12, 14, -12, -14, -8
-2,2:-4, -14, -8, 10, 10, 8, 14
-8,5:-4, -14, -8, 20, 28, 30, 10
-8,5:-4, -14, -8, 20, 28, 30, 14
12,12:-4, -14, 10, -2, -12, -8, 12
12,12:-4, -14, 10, -2, -12, -8, 14
12,12:-4, -14, 10, -2, -12, -8, 16
12,3:-4, -14, 10, -2, -10, 8, 12
12,3:-4, -14, 10, -2, -10, 8, 14
12,3:-4, -14, 10, -2, -10, 8, 16
-2,2:-4, -14, 10, 10, 8, 14, -8
-2,2:-4, -14, 10, 10, 8, 14, -6
-2,2:-4, -14, 10, 10, 8, 14, -4
12,3:-4, -14, 14, -2, 6, 8, -12
12,3:-4, -14, 14, -2, 6, 8, -8
6,-10:-4, -12, -8, -18, -4, 2, 0
6,-10:-4, -12, -8, -18, -4, 2, 2
6,-10:-4, -12, -8, -18, -4, 2, 4
-5,-1:-4, -12, -8, -14, -20, 0, -14
-5,-1:-4, -12, -8, -14, -20, 0, -8
17,-4:-4, -12, -8, -14, 0, -14, -12
5,1:-4, -12, -4, -8, -6, -16, -12
5,-8:-4, -12, -4, -8, -6, -14, 4
5,-8:-4, -12, -4, -8, -6, -4, 4
9,-3:-4, -12, 4, -6, -8, -2, 2
6,-10:-4, -12, 4, 4, -8, -18, -4
6,-10:-4, -12, 4, 4, -8, -18, 0
6,-10:-4, -12, 4, 6, -8, -18, 4
4,-6:-4, -12, 4, 6, 4, 6, 0
4,-6:-4, -12, 4, 6, 4, 6, 2
4,-6:-4, -12, 4, 6, 4, 6, 4
2,-8:-4, -12, 4, 6, 10, -10, -8
2,-8:-4, -12, 4, 6, 10, -10, -6
2,-8:-4, -12, 4, 6, 10, -10, -4
-2,8:-4, -6, -14, -2, 8, -2, 2
-2,-1:-4, -6, -14, -2, 8, 0, 18
-2,-1:-4, -6, -14, -2, 8, 10, 18
14,2:-4, -6, -14, 6, -2, -22, -4
14,2:-4, -6, -14, 6, -2, -22, 0
14,2:-4, -6, -14, 6, -2, -4, -22
-3,10:-4, -6, -14, 6, 6, 12, 6
-3,10:-4, -6, -14, 6, 6, 12, 8
12,-12:-4, -6, -8, -20, -20, -20, -14
6,-10:-4, -6, -8, -18, -10, -10, -2
6,-10:-4, -6, -8, -18, -10, -8, -10
6,-10:-4, -6, -8, -18, -10, -8, -8
6,-10:-4, -6, -8, -18, -10, -8, -6
6,-10:-4, -6, -8, -18, -10, -4, -16
6,-10:-4, -6, -8, -18, -10, -4, -6
6,-10:-4, -6, -8, -18, -2, -2, -8
6,-10:-4, -6, -8, -18, -2, -2, -6
6,-10:-4, -6, -8, -18, -2, -2, -4
2,0:-4, -6, -8, -16, -28, -24, -20
2,0:-4, -6, -8, -16, -28, -24, -10
6,-10:-4, -6, -8, -16, -28, -24, -6
6,-10:-4, -6, -8, -16, -28, -24, 4
6,-10:-4, -6, -8, -16, -28, -6, -24
2,0:-4, -6, -8, -16, -26, -8, -22
2,0:-4, -6, -8, -16, -26, -8, -18
6,-19:-4, -6, -8, -16, -26, -8, -6
6,-19:-4, -6, -8, -16, -26, -8, 4
6,-19:-4, -6, -8, -16, -26, -6, -8
2,0:-4, -6, -8, -16, -16, -22, -18
2,0:-4, -6, -8, -16, -16, -22, -8
6,-19:-4, -6, -8, -16, -16, -6, -8
6,-10:-4, -6, -8, -10, -14, -10, -8
6,-10:-4, -6, -8, -10, -14, -10, -6
6,-10:-4, -6, -8, -10, -14, -10, -4
6,-10:-4, -6, -8, -10, -10, -8, -2
6,-10:-4, -6, -8, -10, -10, -8, 0
6,-10:-4, -6, -8, -10, -10, -8, 2
6,-10:-4, -6, -8, -10, -10, -2, -8
6,-10:-4, -6, -8, -10, -2, -8, -4
6,-10:-4, -6, -8, -10, -2, -8, 4
6,-10:-4, -6, -8, -10, -2, 4, -8
6,-10:-4, -6, -8, -10, -2, 4, -6
6,-10:-4, -6, -8, -10, -2, 4, -4
6,-10:-4, -6, -8, -4, -14, -10, -18
6,-10:-4, -6, -8, -2, -12, -16, -14
6,-10:-4, -6, -8, -2, -12, -16, -12
6,-10:-4, -6, -8, -2, -12, -16, -10
6,-10:-4, -6, 6, -8, -18, 4, -8
6,-10:-4, -6, 6, -8, -18, 4, -6
6,-10:-4, -6, 6, -8, -18, 4, -4
6,-10:-4, -6, 6, -8, -18, 6, 2
6,-10:-4, -6, 6, -8, -10, 4, -12
6,-10:-4, -6, 6, -8, -10, 4, -10
6,-10:-4, -6, 6, -8, -10, 4, -8
-1,5:-4, -6, 6, 0, -8, -12, -4
-1,5:-4, -6, 6, 0, -2, -30, -14
-1,5:-4, -6, 6, 0, -2, -30, -6
-1,5:-4, -6, 6, 0, -2, -14, -30
-1,5:-4, -6, 6, 0, -2, -14, -22
4,-6:-4, -6, 6, 0, 8, 4, 12
4,-6:-4, -6, 6, 0, 14, -14, 2
4,-6:-4, -6, 6, 0, 14, -14, 10
4,-6:-4, -6, 6, 0, 14, 2, -14
4,-6:-4, -6, 6, 0, 14, 2, -6
4,-6:-4, -6, 6, 4, 10, 0, 2
4,-6:-4, -6, 6, 4, 10, 0, 4
4,-6:-4, -6, 6, 4, 10, 0, 6
9,-4:-4, -6, 6, 4, 10, 2, -8
9,-4:-4, -6, 6, 4, 10, 2, -6
9,-4:-4, -6, 6, 4, 10, 2, -4
4,-6:-4, -6, 6, 6, 2, 12, 6
4,-6:-4, -6, 6, 6, 2, 12, 8
4,-6:-4, -6, 6, 6, 2, 12, 10
4,-6:-4, -6, 6, 6, 12, 2, 6
-3,10:-4, -6, 6, 6, 12, 6, -14
-3,10:-4, -6, 6, 6, 12, 6, -4
4,-6:-4, -6, 6, 6, 12, 6, 16
4,-6:-4, -6, 6, 6, 12, 6, 20
4,-6:-4, -6, 6, 6, 12, 16, 6
4,-6:-4, -6, 6, 6, 12, 16, 8
10,-3:-4, -6, 6, 10, -6, -4, 2
10,-3:-4, -6, 6, 10, -6, -2, 6
10,-3:-4, -6, 6, 10, -6, -2, 8
10,-3:-4, -6, 6, 10, -6, -2, 10
10,-3:-4, -6, 6, 10, -6, 6, -2
10,-3:-4, -6, 6, 10, -6, 6, 2
9,5:-4, 2, 0, -8, -16, -12, -14
4,-6:-4, 2, 0, -8, -16, -12, -8
4,-6:-4, 2, 0, -8, -16, -12, 2
4,-6:-4, 2, 0, -8, -14, 4, -10
4,-6:-4, 2, 0, -8, -14, 4, -6
9,-4:-4, 2, 0, -8, -14, 4, -4
4,-6:-4, 2, 0, -8, -4, -10, -6
4,-6:-4, 2, 0, -8, -4, -10, 4
9,-4:-4, 2, 2, -8, 2, 4, -16
9,-4:-4, 2, 2, -8, 2, 4, -12
10,-4:-4, 2, 6, -14, -18, -6, 4
10,-4:-4, 2, 6, -14, -18, 4, -6
4,-6:-4, 2, 6, 4, 0, -4, -4
4,-6:-4, 2, 6, 4, 0, -4, -2
4,-6:-4, 2, 6, 4, 0, -4, 0
4,-6:-4, 4, -10, -12, -12, 0, -10
4,-6:-4, 4, -10, -12, -12, 0, -8
4,-6:-4, 4, -10, -12, -12, 0, -6
4,-6:-4, 4, -10, -12, 6, 4, -4
4,-6:-4, 4, -10, -12, 6, 4, 2
12,-3:-4, 4, -10, -8, -16, 2, -4
12,-3:-4, 4, -10, -8, -16, 2, 0
12,6:-4, 4, -10, 0, -8, -18, -14
12,-3:-4, 4, -10, 0, -8, -16, 2
12,-3:-4, 4, -10, 0, -8, -6, 2
4,-6:-4, 4, -10, 2, -16, -18, -10
4,-6:-4, 4, -10, 2, -6, -16, -14
4,-6:-4, 4, -10, 2, -6, -16, -12
4,-6:-4, 4, -10, 2, -6, -16, -10
-1,5:-4, 4, -10, 6, 0, -4, -14
-1,5:-4, 4, -10, 6, 0, -4, -12
-1,5:-4, 4, -10, 6, 0, -4, -10
-1,5:-4, 4, -2, -12, 6, 0, -14
-1,5:-4, 4, -2, -12, 6, 0, -4
7,17:-4, 4, -2, -12, 6, 2, 2
17,-10:-4, 4, -2, 6, 0, -2, -4
17,-10:-4, 4, -2, 6, 0, -2, 0
17,-10:-4, 4, -2, 6, 0, 6, 6
17,-10:-4, 4, -2, 6, 0, 6, 8
17,-10:-4, 4, -2, 6, 0, 6, 10
-4,10:-4, 4, 4, -6, -14, 4, -4
-4,10:-4, 4, 4, -6, -14, 4, 0
-4,10:-4, 4, 4, -6, 0, 4, -14
-4,10:-4, 4, 4, -6, 0, 4, -4
4,-6:-4, 4, 4, -6, 0, 4, 10
4,-6:-4, 4, 4, -6, 0, 4, 20
4,-6:-4, 4, 4, -6, 0, 8, 6
4,-6:-4, 4, 4, -6, 0, 8, 8
4,-6:-4, 4, 4, -6, 0, 8, 10
4,-6:-4, 4, 4, -6, 4, 6, 10
4,-6:-4, 4, 4, -6, 4, 6, 14
4,-6:-4, 4, 4, 4, 6, 0, 4
4,-6:-4, 4, 4, 4, 6, 0, 14
16,-9:-4, 4, 6, 4, -8, 6, -8
-3,10:-4, 4, 6, 6, 12, 6, -14
2,8:6, -4, -4, -6, -14, 6, 0
10,3:6, -4, -4, -6, -8, -18, -20
9,-7:6, -4, -4, -6, -8, -18, -4
9,-7:6, -4, -4, -6, -8, -18, 0
9,-7:6, -4, -4, -6, -8, -4, -18
9,-7:6, -4, -4, -6, -8, -4, -8
9,-7:6, -4, -4, -6, -8, -2, -14
2,8:6, -4, -4, -6, 6, 0, -14
2,8:6, -4, -4, -6, 6, 0, -4
7,-3:6, -4, -4, -6, 6, 0, 2
7,-3:6, -4, -4, -6, 6, 0, 12
7,-3:6, -4, -4, -6, 6, 4, 2
7,-3:6, -4, -4, -6, 6, 4, 4
7,-3:6, -4, -4, -6, 6, 4, 6
7,-3:6, -4, -4, 4, -10, -12, 2
7,-3:6, -4, -4, 4, -10, 2, -14
7,-3:6, -4, -4, 4, -10, 2, -12
7,-3:6, -4, -4, 4, -10, 2, -10
9,9:6, -4, -4, 4, -2, -12, -6
10,0:6, -4, 6, -4, -4, -6, 0
4,3:6, -4, 6, 6, 14, 16, -4
4,3:6, -4, 6, 6, 14, 16, 0
3,5:6, 6, -4, 0, 10, 6, 12
13,2:6, 6, -2, -4, 12, -2, 2
1,0:6, 6, -2, -2, 8, 16, -12
1,0:6, 6, -2, -2, 14, 16, 0
1,0:6, 6, -2, -2, 14, 16, 2
1,0:6, 6, -2, -2, 14, 16, 4
-3,7:6, 6, -2, 4, 8, 4, -4
-3,7:6, 6, -2, 4, 8, 4, -2
-3,7:6, 6, -2, 4, 8, 4, 0
1,0:6, 6, -2, 4, 10, 16, 6
1,0:6, 6, -2, 4, 10, 16, 8
1,0:6, 6, -2, 4, 10, 16, 10
1,0:6, 6, -2, 12, 10, 8, 16
-2,7:6, 6, 8, -4, 4, -16, 12
-3,14:6, 6, 8, -4, 4, -16, 14
-2,7:6, 6, 8, -4, 4, 12, -16
-2,7:6, 6, 8, -4, 4, 12, -14
-2,7:6, 6, 8, -4, 4, 12, -12
-3,11:6, 6, 8, 2, 10, 2, 6
-3,2:6, 6, 8, 2, 10, 4, 22
-3,2:6, 6, 8, 2, 10, 14, 22
1,0:6, 6, 14, 6, 0, 16, 2
1,0:6, 6, 14, 6, 0, 16, 12
1,0:6, 6, 14, 6, 4, 16, 2
1,0:6, 6, 14, 6, 4, 16, 4
1,0:6, 6, 14, 6, 4, 16, 6
1,0:6, 6, 14, 6, 6, 16, -2
10,8:6, 6, 16, -16, 4, 2, 8
15,15:-4, -14, -12, -2, 14, -2, -12, -8
15,6:-4, -14, -12, -2, 14, -2, -10, 8
15,6:-4, -14, -12, -2, 14, -2, 0, 8
-2,2:-4, -14, -12, 10, 10, 8, 14, -10
-2,2:-4, -14, -12, 10, 10, 8, 14, -8
-2,2:-4, -14, -12, 10, 10, 8, 14, -6
18,0:-4, -14, -12, 14, -12, -6, -8, -20
18,0:-4, -14, -12, 14, -12, -6, -8, -10
-2,2:-4, -14, -8, 10, 10, 16, 14, 2
-2,2:-4, -14, -8, 10, 10, 16, 14, 12
-5,17:-4, -14, -8, 10, 20, 20, 10, 14
-5,8:-4, -14, -8, 10, 20, 20, 12, 30
-5,8:-4, -14, -8, 10, 20, 20, 22, 30
-12,12:-4, -14, -8, 20, 12, 18, 22, 16
-8,5:-4, -14, -8, 20, 12, 18, 22, 30
-8,5:-4, -14, -8, 20, 12, 18, 30, 22
-8,5:-4, -14, -8, 20, 12, 18, 30, 28
-8,5:-4, -14, -8, 20, 12, 28, 30, 16
-8,5:-4, -14, -8, 20, 12, 28, 30, 18
-8,5:-4, -14, -8, 20, 12, 28, 30, 20
-4,16:-4, -14, -8, 20, 28, 20, 14, 14
12,12:-4, -14, 10, -2, -12, -8, 20, 14
12,12:-4, -14, 10, -2, -12, -8, 20, 16
12,12:-4, -14, 10, -2, -12, -8, 20, 18
12,3:-4, -14, 10, -2, -10, 8, 20, 14
12,3:-4, -14, 10, -2, -10, 8, 20, 16
12,3:-4, -14, 10, -2, -10, 8, 20, 18
12,3:-4, -14, 10, -2, 0, 20, 10, 12
12,3:-4, -14, 10, -2, 20, 10, 12, 0
0,14:-4, -14, 10, 10, 18, 12, 2, 8
-5,17:-4, -14, 10, 20, 20, 10, 14, -8
-5,17:-4, -14, 10, 20, 20, 10, 14, -6
-5,17:-4, -14, 10, 20, 20, 10, 14, -4
-5,8:-4, -14, 10, 20, 20, 12, 30, -8
-5,8:-4, -14, 10, 20, 20, 12, 30, -6
-5,8:-4, -14, 10, 20, 20, 12, 30, -4
8,10:-4, -14, 14, -2, -10, -4, 0, -6
12,3:-4, -14, 14, -2, -10, -4, 0, 8
12,3:-4, -14, 14, -2, -10, -4, 8, 0
12,3:-4, -14, 14, -2, -10, -4, 8, 6
12,3:-4, -14, 14, -2, -10, 6, 8, -6
12,3:-4, -14, 14, -2, -10, 6, 8, -4
12,3:-4, -14, 14, -2, -10, 6, 8, -2
16,14:-4, -14, 14, -2, 6, -2, -8, -8
7,-1:-4, -12, -14, -4, -4, -10, -18, -2
7,-1:-4, -12, -14, -4, -4, -10, -2, -18
7,-1:-4, -12, -14, -4, -4, -10, -2, -14
9,-3:-4, -12, -14, 4, -6, -8, -2, 0
8,-7:-4, -12, -14, 4, -6, -8, 6, 4
9,-9:-4, -12, -14, 4, -6, 6, -12, -20
9,-9:-4, -12, -14, 4, -6, 6, -12, -10
8,-14:-4, -12, -8, -18, -14, -18, -8, 2
8,-14:-4, -12, -8, -18, -14, -18, -8, 4
8,-14:-4, -12, -8, -18, -14, -18, -8, 6
8,-14:-4, -12, -8, -18, -14, -18, 2, -8
6,-10:-4, -12, -8, -18, -4, -4, 2, -2
6,-10:-4, -12, -8, -18, -4, -4, 2, 0
6,-10:-4, -12, -8, -18, -4, -4, 2, 2
-3,14:-4, -12, -8, -18, -4, 2, 6, 10
6,-10:-4, -12, -8, -14, -20, 0, -16, 2
6,-10:-4, -12, -8, -14, -20, 0, 2, -16
6,-10:-4, -12, -8, -14, -20, 0, 2, -12
11,-8:-4, -12, -8, -14, -20, 0, 2, -10
9,-9:-4, -12, -8, -14, -10, -16, -20, -6
6,-10:-4, -12, -8, -14, 0, -20, -16, 4
6,-10:-4, -12, -8, -14, 0, -20, 4, -16
17,5:-4, -12, -8, -14, 0, -14, -24, -18
17,-4:-4, -12, -8, -14, 0, -14, -24, -16
17,-4:-4, -12, -8, -14, 0, -14, -24, -6
17,-4:-4, -12, -8, -14, 0, -14, -22, -12
17,-4:-4, -12, -8, -14, 0, -14, -8, -12
17,-4:-4, -12, -8, -14, 0, -14, -8, -8
17,-4:-4, -12, -8, -14, 0, -14, -6, -24
17,-4:-4, -12, -8, -14, 0, -14, -6, -20
6,-10:-4, -12, -8, -4, -4, -14, -10, -4
19,4:-4, -12, -8, -2, -14, -8, -20, -12
8,-9:-4, -12, -8, -2, -14, -8, -18, -14
19,4:-4, -12, -8, -2, -14, -8, -12, -20
11,-11:-4, -12, -4, -8, -16, -16, -18, -12
5,-8:-4, -12, -4, -8, -6, 2, 4, -16
5,-8:-4, -12, -4, -8, -6, 2, 4, -12
7,-1:-4, -12, -4, -4, -10, -18, -2, -14
4,-6:-4, -12, -4, -4, -10, -18, -2, -12
4,-6:-4, -12, -4, -4, -10, -18, -2, -2
4,-6:-4, -12, -4, -4, -10, -18, 6, 2
4,-6:-4, -12, -4, -4, -10, -18, 6, 4
4,-6:-4, -12, -4, -4, -10, -4, 0, -18
4,-6:-4, -12, -4, -4, -10, -4, 0, -14
11,0:-4, -12, -4, 2, -6, -12, 6, 2
11,9:-4, -12, -4, 2, 2, -6, -14, -10
11,0:-4, -12, -4, 2, 2, -6, -12, 6
11,0:-4, -12, -4, 2, 2, -6, -2, 6
4,-6:-4, -12, -4, 2, 6, 2, -12, 6
4,-6:-4, -12, -4, 2, 6, 2, -10, 6
4,-6:-4, -12, -4, 2, 6, 2, 6, -12
4,-6:-4, -12, -4, 2, 6, 2, 6, -8
4,-6:-4, -12, -4, 2, 6, 4, 4, -10
4,-6:-4, -12, -4, 2, 6, 4, 4, 0
4,-6:-4, -12, -4, 2, 6, 4, 10, 2
9,6:-4, -12, 4, -6, -14, -16, 6, 10
8,-5:-4, -12, 4, -6, -14, -8, -2, -10
4,-6:-4, -12, 4, -6, -8, -2, 0, -16
4,-6:-4, -12, 4, -6, -8, -2, 0, -6
9,-3:-4, -12, 4, -6, 0, -2, 2, -14
9,-3:-4, -12, 4, -6, 0, -2, 2, -4
4,-6:-4, -12, 4, -6, 0, 0, 0, -14
4,-6:-4, -12, 4, -6, 0, 0, 0, -4
6,-10:-4, -12, 4, 4, -8, -18, -2, 2
6,-10:-4, -12, 4, 4, -8, -18, -2, 4
6,-10:-4, -12, 4, 4, -8, -18, -2, 6
6,-10:-4, -12, 4, 4, -8, -10, -20, -2
6,-10:-4, -12, 4, 4, -8, -10, -20, 2
6,-10:-4, -12, 4, 4, -8, -10, -2, -20
6,-10:-4, -12, 4, 4, -8, -10, -2, -16
6,-10:-4, -12, 4, 4, -6, -8, -10, -16
6,-10:-4, -12, 4, 6, -8, -18, 0, -6
6,-10:-4, -12, 4, 6, -8, -18, 0, 2
6,-10:-4, -12, 4, 6, -8, -18, 6, 0
6,-10:-4, -12, 4, 6, -8, -18, 6, 6
6,-10:-4, -12, 4, 6, -8, -18, 6, 8
6,-10:-4, -12, 4, 6, -8, -18, 10, 6
6,-10:-4, -12, 4, 6, -8, -18, 10, 8
6,-10:-4, -12, 4, 6, -8, -18, 10, 10
2,-8:-4, -12, 4, 6, 10, -10, 0, -6
2,-8:-4, -12, 4, 6, 10, -10, 0, -4
2,-8:-4, -12, 4, 6, 10, -10, 0, -2
2,-8:-4, -12, 4, 6, 10, 0, 2, -6
4,-4:-4, -6, -14, -2, -2, -2, -4, 2
-2,-1:-4, -6, -14, -2, 8, 16, 18, -2
-2,-1:-4, -6, -14, -2, 8, 16, 18, 2
14,2:-4, -6, -14, 6, -2, -22, -2, 2
14,2:-4, -6, -14, 6, -2, -22, -2, 4
14,2:-4, -6, -14, 6, -2, -22, -2, 6
14,2:-4, -6, -14, 6, -2, -20, -4, -30
14,2:-4, -6, -14, 6, -2, -20, -4, -26
14,2:-4, -6, -14, 6, -2, -18, -4, -22
14,2:-4, -6, -14, 6, -2, -18, -4, -18
1,1:-4, -6, -14, 6, 0, 8, 4, 10
4,-2:-4, -6, -14, 6, 4, 0, -2, 4
-3,10:-4, -6, -14, 6, 6, 12, -4, -4
-3,10:-4, -6, -14, 6, 6, 12, -4, -2
-3,10:-4, -6, -14, 6, 6, 12, -4, 0
-3,10:-4, -6, -14, 6, 6, 12, 2, -2
-3,10:-4, -6, -14, 6, 6, 12, 2, 2
12,-12:-4, -6, -8, -20, -20, -12, -14, -26
12,-12:-4, -6, -8, -20, -20, -12, -14, -16
6,-10:-4, -6, -8, -18, -10, -10, -6, -12
6,-10:-4, -6, -8, -18, -10, -10, -6, -10
6,-10:-4, -6, -8, -18, -10, -10, -6, -8
6,-10:-4, -6, -8, -18, -10, -8, -14, -12
6,-10:-4, -6, -8, -18, -10, -8, -14, -10
6,-10:-4, -6, -8, -18, -10, -8, -14, -8
8,-14:-4, -6, -8, -18, -4, -14, -18, -12
6,-10:-4, -6, -8, -18, -2, -12, -14, -6
6,-10:-4, -6, -8, -18, -2, -2, -12, -10
6,-10:-4, -6, -8, -18, -2, -2, -12, -8
6,-10:-4, -6, -8, -18, -2, -2, -12, -6
2,1:-4, -6, -8, -16, -26, -20, -22, -24
2,1:-4, -6, -8, -16, -26, -20, -22, -20
2,0:-4, -6, -8, -16, -26, -20, -16, -18
2,0:-4, -6, -8, -16, -26, -20, -16, -10
2,0:-4, -6, -8, -16, -26, -8, -20, -28
2,0:-4, -6, -8, -16, -26, -8, -20, -26
2,0:-4, -6, -8, -16, -26, -8, -20, -24
2,0:-4, -6, -8, -16, -16, -28, -28, -32
2,0:-4, -6, -8, -16, -16, -28, -28, -20
2,0:-4, -6, -8, -16, -10, -18, -14, -14
2,0:-4, -6, -8, -16, -10, -18, -14, -12
2,0:-4, -6, -8, -16, -10, -18, -14, -10
6,-19:-4, -6, -8, -16, -10, -8, -6, -28
6,-19:-4, -6, -8, -16, -10, -8, -6, -24
6,3:-4, -6, -8, -10, -20, -2, -8, 0
5,10:-4, -6, -8, -10, -20, -2, -8, 2
6,-10:-4, -6, -8, -10, -14, -10, 0, -6
6,-10:-4, -6, -8, -10, -14, -10, 0, -4
6,-10:-4, -6, -8, -10, -14, -10, 0, -2
6,-10:-4, -6, -8, -10, -14, 0, 2, -6
6,-10:-4, -6, -8, -10, -10, -18, -2, -22
6,-10:-4, -6, -8, -10, -10, -18, -2, -20
6,-10:-4, -6, -8, -10, -10, -18, -2, -18
6,-10:-4, -6, -8, -10, -10, -8, -6, -4
6,-10:-4, -6, -8, -10, -10, -8, -6, -2
6,-10:-4, -6, -8, -10, -10, -8, -6, 0
6,-10:-4, -6, -8, -10, -2, -8, -6, -6
6,-10:-4, -6, -8, -10, -2, -8, -6, -2
6,-10:-4, -6, -8, -10, -2, -8, -6, 4
3,-7:-4, -6, -8, -10, -2, -8, -2, -4
3,-7:-4, -6, -8, -10, -2, -8, -2, -2
6,3:-4, -6, -8, -10, -2, -8, 0, -20
6,3:-4, -6, -8, -10, -2, -8, 0, -10
6,-10:-4, -6, -8, -10, -2, -8, 0, 0
6,-10:-4, -6, -8, -10, -2, -8, 0, 4
5,10:-4, -6, -8, -10, -2, -8, 2, -20
5,10:-4, -6, -8, -10, -2, -8, 2, -10
6,-10:-4, -6, -8, -10, -2, -8, 2, 8
6,-10:-4, -6, -8, -10, -2, -8, 2, 12
6,-10:-4, -6, -8, -10, -2, 4, 0, -6
6,-10:-4, -6, -8, -10, -2, 4, 0, -4
6,-10:-4, -6, -8, -10, -2, 4, 0, -2
11,1:-4, -6, -8, -4, -14, -22, -18, -20
6,-10:-4, -6, -8, -4, -14, -22, -18, -14
6,-10:-4, -6, -8, -4, -14, -22, -18, -4
6,-10:-4, -6, -8, -4, -14, -10, -16, -12
6,-10:-4, -6, -8, -4, -14, -10, -16, -2
6,-10:-4, -6, -8, -2, -12, -16, -6, -12
6,-10:-4, -6, -8, -2, -12, -16, -6, -10
6,-10:-4, -6, -8, -2, -12, -16, -6, -8
6,-10:-4, -6, -8, -2, -12, -6, -4, -12
1,1:-4, -6, 0, -8, -12, -20, 0, -6
9,-4:-4, -6, 0, -8, -12, -14, -24, -26
8,-14:-4, -6, 0, -8, -12, -14, -24, -10
8,-14:-4, -6, 0, -8, -12, -14, -24, -6
8,-14:-4, -6, 0, -8, -12, -14, -10, -24
8,-14:-4, -6, 0, -8, -12, -14, -10, -14
8,-14:-4, -6, 0, -8, -12, -14, -8, -20
1,1:-4, -6, 0, -8, -12, 0, -6, -20
1,1:-4, -6, 0, -8, -12, 0, -6, -10
6,-10:-4, -6, 0, -8, -12, 0, -6, -4
6,-10:-4, -6, 0, -8, -12, 0, -6, 6
6,-10:-4, -6, 0, -8, -12, 0, -2, -4
6,-10:-4, -6, 0, -8, -12, 0, -2, -2
6,-10:-4, -6, 0, -8, -12, 0, -2, 0
6,-10:-4, -6, 0, -8, -2, -16, -18, -4
6,-10:-4, -6, 0, -8, -2, -16, -4, -20
6,-10:-4, -6, 0, -8, -2, -16, -4, -18
6,-10:-4, -6, 0, -8, -2, -16, -4, -16
8,2:-4, -6, 0, -8, -2, -8, -18, -12
-3,-5:-4, -6, 0, -2, -30, -4, -14, -6
-3,-5:-4, -6, 0, -2, -30, -4, -14, 4
-6,-13:-4, -6, 0, -2, -30, -4, -14, 6
-3,-5:-4, -6, 0, -2, -30, -4, -12, -2
-3,-5:-4, -6, 0, -2, -30, -4, 4, -14
-3,-5:-4, -6, 0, -2, -30, -4, 4, -10
17,-1:-4, -6, 0, -2, -14, -20, -30, -22
17,-1:-4, -6, 0, -2, -14, -20, -30, -12
14,-9:-4, -6, 0, -2, -14, -20, -30, -10
17,-1:-4, -6, 0, -2, -14, -20, -28, -18
17,-1:-4, -6, 0, -2, -14, -20, -12, -30
17,-1:-4, -6, 0, -2, -14, -20, -12, -26
6,-10:-4, -6, 6, -8, -18, 0, 2, 0
6,-10:-4, -6, 6, -8, -18, 0, 2, 2
6,-10:-4, -6, 6, -8, -18, 0, 2, 4
6,-10:-4, -6, 6, -8, -18, 0, 4, -6
6,-10:-4, -6, 6, -8, -18, 0, 4, -4
6,-10:-4, -6, 6, -8, -18, 0, 4, -2
6,-10:-4, -6, 6, -8, -18, 10, 2, 4
6,-10:-4, -6, 6, -8, -18, 10, 12, 0
6,-10:-4, -6, 6, -8, -18, 10, 12, 18
6,-10:-4, -6, 6, -8, -10, 6, 10, 2
6,-10:-4, -6, 6, -8, 0, -12, 4, -2
6,-10:-4, -6, 6, -8, 0, -12, 10, 4
6,-10:-4, -6, 6, -8, 0, 2, -10, -22
6,-10:-4, -6, 6, -8, 0, 2, -10, -14
-10,-4:-4, -6, 6, -2, -14, 12, 10, 16
6,2:-4, -6, 6, -2, -10, -4, -10, 14
6,2:-4, -6, 6, -2, -10, -4, -10, 16
6,2:-4, -6, 6, -2, -10, -4, -10, 18
6,2:-4, -6, 6, -2, -10, -4, 14, -10
-10,-4:-4, -6, 6, -2, 12, 10, 16, -14
-10,-4:-4, -6, 6, -2, 12, 10, 16, -6
13,1:-4, -6, 6, -2, 14, -12, -12, -18
-1,5:-4, -6, 6, 0, -8, -12, -20, -10
-1,5:-4, -6, 6, 0, -8, -12, -20, -6
-1,5:-4, -6, 6, 0, -8, -12, -6, -20
-1,5:-4, -6, 6, 0, -8, -12, -6, -10
6,-10:-4, -6, 6, 0, -8, -12, -6, 2
6,-10:-4, -6, 6, 0, -8, -12, -6, 12
6,-10:-4, -6, 6, 0, -8, -12, -2, -2
6,-10:-4, -6, 6, 0, -8, -12, -2, 0
6,-10:-4, -6, 6, 0, -8, -12, -2, 2
6,-10:-4, -6, 6, 0, -8, -12, 0, -6
-1,5:-4, -6, 6, 0, -8, -4, -4, -18
-1,5:-4, -6, 6, 0, -8, -4, -4, -8
11,0:-4, -6, 6, 0, -8, -4, 10, 2
11,0:-4, -6, 6, 0, -8, -4, 10, 4
5,-4:-4, -6, 6, 0, -8, 10, -2, -16
6,-10:-4, -6, 6, 0, -8, 14, -10, 4
-1,5:-4, -6, 6, 0, -2, -30, -10, -14
-1,5:-4, -6, 6, 0, -2, -30, -10, -12
-1,5:-4, -6, 6, 0, -2, -30, -10, -10
-1,5:-4, -6, 6, 0, -2, -26, -14, -30
-1,5:-4, -6, 6, 0, -2, -26, -14, -28
-1,5:-4, -6, 6, 0, -2, -26, -14, -26
4,-6:-4, -6, 6, 0, 8, -4, 2, 24
4,-6:-4, -6, 6, 0, 8, -4, 2, 26
4,-6:-4, -6, 6, 0, 8, -4, 2, 28
4,-6:-4, -6, 6, 0, 8, -4, 24, 2
4,-6:-4, -6, 6, 0, 8, -4, 24, 4
4,-6:-4, -6, 6, 0, 8, -4, 24, 6
1,1:-4, -6, 6, 0, 8, 4, 10, -14
4,-6:-4, -6, 6, 0, 8, 4, 10, 6
4,-6:-4, -6, 6, 0, 8, 12, 12, -2
4,-6:-4, -6, 6, 0, 8, 12, 12, 8
4,-6:-4, -6, 6, 0, 8, 14, -4, 6
4,-6:-4, -6, 6, 0, 8, 14, -4, 10
4,-6:-4, -6, 6, 0, 14, -14, 6, 4
4,-6:-4, -6, 6, 0, 14, -14, 6, 6
4,-6:-4, -6, 6, 0, 14, -10, 2, -14
4,-6:-4, -6, 6, 0, 14, -10, 2, -12
4,-6:-4, -6, 6, 0, 14, -10, 2, -10
10,-7:-4, -6, 6, 4, -8, -16, -14, 2
27,-6:-4, -6, 6, 4, -8, -12, -14, -18
6,-10:-4, -6, 6, 4, -8, -12, -6, 2
6,-10:-4, -6, 6, 4, -8, -12, -6, 4
6,-10:-4, -6, 6, 4, -8, -12, -6, 6
3,-7:-4, -6, 6, 4, 10, 0, 0, -6
4,-6:-4, -6, 6, 4, 10, 0, 10, 4
4,-6:-4, -6, 6, 4, 10, 0, 10, 6
4,-6:-4, -6, 6, 4, 10, 0, 10, 8
9,-4:-4, -6, 6, 4, 10, 2, 0, -6
9,-4:-4, -6, 6, 4, 10, 2, 0, -4
9,-4:-4, -6, 6, 4, 10, 2, 0, -2
4,-6:-4, -6, 6, 4, 10, 10, 12, 4
4,-6:-4, -6, 6, 6, 2, 12, 2, 4
4,-6:-4, -6, 6, 6, 2, 12, 2, 6
4,-6:-4, -6, 6, 6, 2, 12, 2, 8
-3,10:-4, -6, 6, 6, 12, 2, -8, -16
4,-6:-4, -6, 6, 6, 12, 2, 0, 8
4,-6:-4, -6, 6, 6, 12, 2, 16, -2
4,-6:-4, -6, 6, 6, 12, 2, 16, 2
4,-6:-4, -6, 6, 6, 12, 2, 18, 4
4,-6:-4, -6, 6, 6, 12, 6, 18, 10
4,-6:-4, -6, 6, 6, 12, 6, 18, 12
4,-6:-4, -6, 6, 6, 12, 6, 18, 14
2,-5:-4, -6, 6, 10, -10, -2, 0, -4
2,-5:-4, -6, 6, 10, -10, -2, 0, -2
2,-5:-4, -6, 6, 10, -10, -2, 0, 0
10,-3:-4, -6, 6, 10, -6, -4, -4, 2
10,-3:-4, -6, 6, 10, -6, -4, 6, 0
10,-3:-4, -6, 6, 10, -6, -4, 6, 2
10,-3:-4, -6, 6, 10, -6, -4, 6, 4
10,-3:-4, -6, 6, 10, -6, -2, 2, 4
10,-3:-4, -6, 6, 10, -6, -2, 2, 6
10,-3:-4, -6, 6, 10, -6, -2, 2, 8
7,-3:-4, -6, 6, 10, -6, 6, 4, 6
7,-3:-4, -6, 6, 10, -6, 6, 4, 8
7,-3:-4, -6, 6, 10, -6, 6, 4, 10
0,7:-4, -6, 6, 10, 12, 14, 4, 22
5,-8:-4, 2, 0, -8, -16, -12, 4, -24
5,-8:-4, 2, 0, -8, -16, -12, 4, -16
5,-9:-4, 2, 0, -8, -14, -14, -14, -20
4,-6:-4, 2, 0, -8, -14, -8, -4, -6
14,-8:-4, 2, 0, -8, -4, -16, -8, 6
14,-8:-4, 2, 0, -8, -4, -16, -8, 16
4,-6:-4, 2, 0, -8, 2, -6, -2, -2
4,-6:-4, 2, 0, -8, 2, -6, -2, 0
4,-6:-4, 2, 0, -8, 2, -6, -2, 2
2,-21:-4, 2, 0, -8, 4, -36, -26, -36
2,-21:-4, 2, 0, -8, 4, -36, -26, -26
7,-25:-4, 2, 0, -8, 4, -36, -26, -20
7,-25:-4, 2, 0, -8, 4, -36, -26, -16
17,-16:-4, 2, 0, -8, 4, -30, -22, -24
17,-16:-4, 2, 0, -8, 4, -30, -22, -22
17,-16:-4, 2, 0, -8, 4, -30, -22, -20
17,-16:-4, 2, 0, -8, 4, -22, -22, -30
13,20:-4, 2, 2, -14, -10, 4, -4, -4
13,20:-4, 2, 2, -14, -10, 4, -2, 4
18,17:-4, 2, 2, -14, -10, 4, 12, 6
9,0:-4, 2, 2, -14, 6, -12, -20, -20
9,0:-4, 2, 2, -14, 6, -12, -18, -12
14,-3:-4, 2, 2, -14, 6, -12, -4, -10
5,3:-4, 2, 2, -8, -14, -8, -4, -10
9,-4:-4, 2, 2, -8, -14, -8, -4, 4
9,-4:-4, 2, 2, -8, -14, -8, 4, -4
9,-4:-4, 2, 2, -8, -14, -8, 4, 2
9,-4:-4, 2, 2, -8, -14, 2, 4, -10
9,-4:-4, 2, 2, -8, -14, 2, 4, -8
9,-4:-4, 2, 2, -8, -14, 2, 4, -6
13,7:-4, 2, 2, -8, 2, -6, -12, -12
10,-4:-4, 2, 6, -14, -22, -6, 4, -20
10,-4:-4, 2, 6, -14, -22, -6, 4, -18
10,-4:-4, 2, 6, -14, -22, -6, 4, -16
10,-4:-4, 2, 6, -14, -18, -6, 0, 2
10,-4:-4, 2, 6, -14, -18, -6, 6, 0
10,-4:-4, 2, 6, -14, -18, -6, 6, 6
10,-4:-4, 2, 6, -14, -18, -6, 6, 8
10,-4:-4, 2, 6, -14, -18, -6, 10, 6
10,-4:-4, 2, 6, -14, -18, -6, 10, 8
10,-4:-4, 2, 6, -14, -18, -6, 10, 10
9,5:-4, 2, 6, -8, -16, -12, 6, 10
4,-6:-4, 2, 6, -8, -4, -10, 6, 0
6,-5:-4, 2, 6, -8, 6, -2, -14, -8
4,-6:-4, 2, 6, 0, -8, -4, -10, 0
16,-9:-4, 2, 6, 0, -8, 6, -8, 2
16,-9:-4, 2, 6, 0, -8, 6, -8, 8
-5,5:-4, 2, 6, 0, 8, 12, 0, 4
-5,5:-4, 2, 6, 0, 8, 12, 0, 6
-5,5:-4, 2, 6, 0, 8, 12, 0, 8
6,-1:-4, 2, 6, 0, 14, -4, -6, -4
5,6:-4, 2, 6, 0, 14, -4, -6, -2
4,-6:-4, 2, 6, 4, 0, -4, -8, -6
4,-6:-4, 2, 6, 4, 0, -4, -8, -4
4,-6:-4, 2, 6, 4, 0, -4, -8, -2
2,1:-4, 2, 6, 4, 10, -8, -4, -8
4,-6:-4, 2, 6, 4, 10, -8, -4, 8
-3,10:-4, 2, 6, 6, 12, -14, -20, -4
-3,10:-4, 2, 6, 6, 12, -14, -4, -20
-3,10:-4, 2, 6, 6, 12, -14, -4, -16
-3,10:-4, 2, 6, 6, 12, -14, 0, -10
-3,5:-4, 4, -10, -12, -14, 4, -4, 0
-3,-4:-4, 4, -10, -12, -14, 4, -2, 16
-3,-4:-4, 4, -10, -12, -14, 4, 8, 16
4,-6:-4, 4, -10, -12, -12, -2, 0, -8
4,-6:-4, 4, -10, -12, -12, -2, 0, -6
4,-6:-4, 4, -10, -12, -12, -2, 0, -4
4,-6:-4, 4, -10, -12, -12, 6, 4, 2
-1,4:-4, 4, -10, -12, 6, -4, -14, 0
-1,4:-4, 4, -10, -12, 6, -4, 0, -14
-1,4:-4, 4, -10, -12, 6, -4, 0, -4
4,-6:-4, 4, -10, -12, 6, -4, 0, 8
4,-6:-4, 4, -10, -12, 6, -4, 0, 12
4,-6:-4, 4, -10, -12, 6, -4, 10, 2
4,-6:-4, 4, -10, -12, 6, 4, 10, -4
12,-3:-4, 4, -10, -8, -16, 2, -2, 2
12,-3:-4, 4, -10, -8, -16, 2, -2, 4
12,-3:-4, 4, -10, -8, -16, 2, -2, 6
12,-3:-4, 4, -10, -8, 0, 2, -4, -18
12,-3:-4, 4, -10, -8, 0, 2, -4, -14
37,0:-4, 4, -10, 2, -16, -26, -40, -8
37,0:-4, 4, -10, 2, -16, -26, -40, -6
37,0:-4, 4, -10, 2, -16, -26, -40, -4
38,-7:-4, 4, -10, 2, -16, -26, -8, -42
37,0:-4, 4, -10, 2, -16, -26, -8, -40
4,-6:-4, 4, -10, 2, -16, -18, -26, -16
4,-6:-4, 4, -10, 2, -16, -18, -26, -12
4,-6:-4, 4, -10, 2, -16, -18, -12, -26
4,-6:-4, 4, -10, 2, -16, -18, -12, -16
14,-8:-4, 4, -10, 2, -16, -18, -12, -4
14,-8:-4, 4, -10, 2, -16, -18, -4, -12
4,-6:-4, 4, -10, 2, -16, -10, -10, -24
4,-6:-4, 4, -10, 2, -16, -10, -10, -14
4,-6:-4, 4, -10, 2, -6, -16, -6, -12
4,-6:-4, 4, -10, 2, -6, -16, -6, -10
4,-6:-4, 4, -10, 2, -6, -16, -6, -8
4,-6:-4, 4, -10, 2, -6, -6, -4, -12
14,-8:-4, 4, -10, 6, 0, -16, -18, 14
-1,5:-4, 4, -10, 6, 0, -6, -4, -12
-1,5:-4, 4, -10, 6, 0, -6, -4, -10
-1,5:-4, 4, -10, 6, 0, -6, -4, -8
-6,13:-4, 4, -10, 6, 0, 8, 0, 12
1,17:-4, 4, -10, 6, 4, 0, 16, 10
4,-6:-4, 4, -10, 6, 4, 10, 0, -2
12,-4:-4, 4, -2, -14, -8, -10, -12, 2
8,-4:-4, 4, -2, -14, 6, 4, -2, -8
8,2:-4, 4, -2, -12, -6, 2, -2, 4
7,1:-4, 4, -2, -12, 0, -10, -18, -14
7,-8:-4, 4, -2, -12, 0, -10, -16, 2
7,-8:-4, 4, -2, -12, 0, -10, -6, 2
7,17:-4, 4, -2, -12, 6, 2, -12, 4
3,4:-4, 4, -2, -12, 6, 2, -12, 6
3,4:-4, 4, -2, -12, 6, 2, -12, 16
7,17:-4, 4, -2, -12, 6, 2, 4, -12
7,17:-4, 4, -2, -12, 6, 2, 4, -8
3,4:-4, 4, -2, -12, 6, 2, 6, -12
3,4:-4, 4, -2, -12, 6, 2, 6, -8
2,-6:-4, 4, -2, -12, 6, 4, 10, -8
5,-3:-4, 4, -2, -8, -10, -18, -20, 2
12,-4:-4, 4, -2, -8, -10, -12, -6, -4
2,7:-4, 4, -2, -8, 0, -10, 6, 2
-10,-1:-4, 4, -2, -8, 0, 6, -12, -6
-10,-1:-4, 4, -2, -8, 0, 6, -12, -4
-10,-1:-4, 4, -2, -8, 0, 6, -12, -2
-3,10:-4, 4, -2, -8, 6, 6, 12, -16
3,-1:-4, 4, -2, 6, 0, -24, 0, -6
3,-1:-4, 4, -2, 6, 0, -24, 0, -4
3,-1:-4, 4, -2, 6, 0, -24, 0, -2
17,-10:-4, 4, -2, 6, 0, -2, -2, 2
17,-10:-4, 4, -2, 6, 0, -2, -2, 4
17,-10:-4, 4, -2, 6, 0, -2, -2, 6
3,-1:-4, 4, -2, 6, 0, 0, -6, -24
3,-1:-4, 4, -2, 6, 0, 0, -6, -20
17,-10:-4, 4, -2, 6, 0, 0, -6, -8
17,-10:-4, 4, -2, 6, 0, 0, -6, 2
17,-10:-4, 4, -2, 6, 0, 0, 2, -6
17,-10:-4, 4, -2, 6, 0, 0, 2, -4
17,-10:-4, 4, -2, 6, 0, 0, 2, -2
17,-10:-4, 4, -2, 6, 0, 6, 14, 8
17,-10:-4, 4, -2, 6, 0, 6, 14, 10
17,-10:-4, 4, -2, 6, 0, 6, 14, 12
9,3:-4, 4, -2, 6, 4, 4, 0, -24
9,3:-4, 4, -2, 6, 4, 4, 0, -20
17,-10:-4, 4, -2, 6, 4, 4, 0, -10
17,-10:-4, 4, -2, 6, 4, 4, 0, 0
-3,10:-4, 4, -2, 6, 6, 12, -16, -16
-3,10:-4, 4, -2, 6, 6, 12, -16, -12
-4,10:-4, 4, 4, -6, -14, -2, 4, 2
-4,10:-4, 4, 4, -6, -14, -2, 4, 4
4,-6:-4, 4, 4, -6, 0, 8, 14, 8
4,-6:-4, 4, 4, -6, 0, 8, 14, 10
4,-6:-4, 4, 4, -6, 0, 8, 14, 12
-4,10:-4, 4, 4, -6, 4, -8, -20, -16
-4,10:-4, 4, 4, -6, 4, -8, -20, -14
-4,10:-4, 4, 4, -6, 4, -8, -2, -16
4,-6:-4, 4, 4, -6, 4, 6, 0, 10
4,-6:-4, 4, 4, -6, 4, 22, -6, 8
4,-6:-4, 4, 4, -6, 4, 22, 8, -6
4,-6:-4, 4, 4, -6, 4, 22, 8, 2
2,10:-4, 4, 4, 4, -4, 2, 6, 2
25,-2:-4, 4, 4, 4, -4, 12, -8, -12
25,-2:-4, 4, 4, 4, 6, -8, -12, 2
25,-2:-4, 4, 4, 4, 6, -8, -12, 4
25,-2:-4, 4, 4, 4, 6, -8, -12, 6
6,-10:-4, 4, 4, 4, 6, -8, -10, -6
4,-6:-4, 4, 4, 4, 8, -6, -10, -2
-1,5:-4, 4, 4, 6, -6, -14, 0, 14
4,-6:-4, 4, 6, 4, -8, -4, -10, 6
0,8:-4, 4, 6, 4, 6, 6, -8, -6
-1,-15:-4, 4, 6, 6, -4, -14, -10, -4
4,-6:-4, 4, 6, 6, 12, 6, 16, -6
9,-7:6, -4, -4, -12, -8, -18, 2, -2
9,-7:6, -4, -4, -12, -8, -18, 2, 2
7,-3:6, -4, -4, -12, 4, 6, 4, 0
7,-3:6, -4, -4, -12, 4, 6, 4, 2
5,-5:6, -4, -4, -12, 4, 6, 10, -6
5,-5:6, -4, -4, -12, 4, 6, 10, -4
5,-5:6, -4, -4, -12, 4, 6, 10, -2
9,-7:6, -4, -4, -6, -8, -18, -2, -10
9,-7:6, -4, -4, -6, -8, -18, -2, -8
9,-7:6, -4, -4, -6, -8, -18, -2, -6
5,3:6, -4, -4, -6, -8, -16, -16, -24
9,-7:6, -4, -4, -6, -8, -10, -14, -6
9,-7:6, -4, -4, -6, -8, -10, -14, -4
9,-7:6, -4, -4, -6, -8, -10, -14, -2
9,-7:6, -4, -4, -6, -8, -2, -12, -12
9,-7:6, -4, -4, -6, -8, -2, -12, -10
9,-7:6, -4, -4, -6, -8, -2, -12, -8
9,-7:6, -4, -4, -6, 0, -8, -12, -6
7,-3:6, -4, -4, -6, 6, 4, 10, 4
7,-3:6, -4, -4, -6, 6, 4, 10, 6
7,-3:6, -4, -4, -6, 6, 4, 10, 8
7,-3:6, -4, -4, -6, 6, 6, 2, 4
7,-3:6, -4, -4, -6, 6, 6, 2, 6
7,-3:6, -4, -4, -6, 6, 6, 2, 8
13,0:6, -4, -4, -6, 6, 10, -6, 2
7,-3:6, -4, -4, 2, 0, -8, -4, -12
12,8:6, -4, -4, 2, 2, -8, -16, -12
12,-1:6, -4, -4, 2, 2, -8, -14, 4
12,-1:6, -4, -4, 2, 2, -8, -4, 4
7,-3:6, -4, -4, 2, 6, 4, 0, -14
7,-3:6, -4, -4, 4, -10, -12, 0, -8
7,-3:6, -4, -4, 4, -10, -12, 0, -6
7,-3:6, -4, -4, 4, -10, -12, 0, -4
7,-3:6, -4, -4, 4, -10, 2, -6, -12
7,-3:6, -4, -4, 4, -10, 2, -6, -10
7,-3:6, -4, -4, 4, -10, 2, -6, -8
-7,2:6, -4, -4, 4, -2, -12, 6, -12
20,-7:6, -4, -4, 4, -2, 6, 4, 0
7,-3:6, -4, -4, 4, 4, -6, 0, 14
-1,13:6, -4, -4, 4, 4, -6, 2, 4
-1,13:6, -4, -4, 4, 4, -6, 4, 2
7,-3:6, -4, -4, 4, 4, 4, 8, -8
7,-3:6, -4, -4, 4, 4, 4, 8, -2
7,-3:6, -4, -4, 4, 4, 4, 8, 2
10,0:6, -4, 6, -4, -4, 2, 0, -12
10,0:6, -4, 6, -4, -4, 2, 0, -2
7,15:6, -4, 6, -4, 6, 6, -4, 0
7,6:6, -4, 6, -4, 6, 6, -2, 16
7,6:6, -4, 6, -4, 6, 6, 8, 16
0,10:6, -4, 6, 6, -2, 4, 8, 2
4,3:6, -4, 6, 6, -2, 4, 8, 16
4,3:6, -4, 6, 6, -2, 4, 16, 8
4,3:6, -4, 6, 6, -2, 4, 16, 14
4,3:6, -4, 6, 6, -2, 14, 16, 2
4,3:6, -4, 6, 6, -2, 14, 16, 4
4,3:6, -4, 6, 6, -2, 14, 16, 6
8,14:6, -4, 6, 6, 14, 6, 0, 0
3,14:6, 6, -4, -4, -4, -10, 10, -4
3,14:6, 6, -4, -4, -4, -10, 10, -2
3,14:6, 6, -4, -4, -4, -10, 10, 0
-3,18:6, 6, -4, -4, 2, -12, 14, 20
8,-3:6, 6, -4, -4, 2, -6, -12, 6
3,5:6, 6, -4, 0, 10, 14, 12, 0
3,5:6, 6, -4, 0, 10, 14, 12, 10
3,5:6, 6, -4, 2, 10, 6, 12, 16
-3,7:6, 6, -2, -4, -4, 4, 8, 4
-3,7:6, 6, -2, -4, 4, -2, -4, 8
-3,7:6, 6, -2, -4, 4, -2, -4, 14
-3,7:6, 6, -2, -4, 4, -2, 8, -4
-3,7:6, 6, -2, -4, 4, -2, 8, -2
-3,7:6, 6, -2, -4, 4, -2, 8, 0
0,-1:6, 6, -2, -4, 4, 2, 4, 22
0,-1:6, 6, -2, -4, 4, 2, 4, 26
0,-1:6, 6, -2, -4, 4, 2, 22, 4
-3,7:6, 6, -2, -4, 4, 8, 2, -10
-3,7:6, 6, -2, -4, 4, 8, 2, 0
10,9:6, 6, -2, -4, 16, 4, 8, 16
10,9:6, 6, -2, -4, 16, 4, 8, 24
10,9:6, 6, -2, -4, 16, 4, 24, 8
10,9:6, 6, -2, -4, 16, 4, 24, 18
10,2:6, 6, -2, -2, -2, -4, 2, 6
10,2:6, 6, -2, -2, -2, -4, 2, 16
1,0:6, 6, -2, -2, -2, -4, 16, -12
1,0:6, 6, -2, -2, -2, -4, 16, -2
10,2:6, 6, -2, -2, -2, -4, 16, 2
10,2:6, 6, -2, -2, -2, -4, 16, 6
1,0:6, 6, -2, -2, -2, 6, 16, -12
1,0:6, 6, -2, -2, 8, -8, 16, -8
1,0:6, 6, -2, -2, 8, -8, 16, -6
1,0:6, 6, -2, -2, 8, -8, 16, -4
1,0:6, 6, -2, -2, 8, -2, 16, -18
1,0:6, 6, -2, -2, 8, -2, 16, -8
1,0:6, 6, -2, -2, 14, 8, 16, 2
1,0:6, 6, -2, -2, 14, 8, 16, 4
1,0:6, 6, -2, -2, 14, 8, 16, 6
7,6:6, 6, -2, -2, 14, 10, 10, 12
7,6:6, 6, -2, -2, 14, 10, 10, 22
-3,7:6, 6, -2, 4, 8, 4, 4, -2
-3,7:6, 6, -2, 4, 8, 4, 4, 0
1,0:6, 6, -2, 4, 10, 2, 16, 4
1,0:6, 6, -2, 4, 10, 2, 16, 6
1,0:6, 6, -2, 4, 10, 2, 16, 8
0,21:6, 6, -2, 4, 10, 12, 0, 20
0,21:6, 6, -2, 4, 10, 12, 0, 24
-2,14:6, 6, -2, 4, 10, 14, 2, 24
-2,14:6, 6, -2, 4, 10, 14, 2, 26
1,0:6, 6, -2, 4, 10, 14, 12, 22
1,0:6, 6, -2, 4, 10, 14, 12, 24
1,0:6, 6, -2, 4, 10, 14, 12, 26
-2,14:6, 6, -2, 4, 10, 14, 24, 2
-2,14:6, 6, -2, 4, 10, 14, 24, 6
1,0:6, 6, -2, 4, 10, 14, 24, 12
1,0:6, 6, -2, 4, 10, 14, 24, 22
4,8:6, 6, -2, 12, 2, 10, 8, 14
1,0:6, 6, -2, 12, 10, 0, 6, 28
1,0:6, 6, -2, 12, 10, 0, 6, 30
1,0:6, 6, -2, 12, 10, 0, 6, 32
1,0:6, 6, -2, 12, 10, 0, 28, 6
1,0:6, 6, -2, 12, 10, 0, 28, 8
1,0:6, 6, -2, 12, 10, 0, 28, 10
1,0:6, 6, -2, 12, 10, 8, 0, 10
1,0:6, 6, -2, 12, 10, 8, 0, 14
1,0:6, 6, -2, 12, 10, 8, 14, 0
1,0:6, 6, -2, 12, 10, 8, 14, 10
1,0:6, 6, -2, 12, 10, 16, 16, 2
1,0:6, 6, -2, 12, 10, 16, 16, 12
1,0:6, 6, -2, 12, 12, 14, 16, 8
1,0:6, 6, -2, 12, 12, 14, 16, 10
1,0:6, 6, -2, 12, 12, 14, 16, 12
4,14:6, 6, -2, 14, 8, -2, 2, 0
1,0:6, 6, -2, 14, 16, 8, 10, 2
6,-6:6, 6, -2, 16, 4, -6, -8, -2
-13,3:6, 6, 8, -4, -8, -8, 0, 6
-13,3:6, 6, 8, -4, -8, 2, 6, -8
-13,3:6, 6, 8, -4, -8, 2, 6, -6
-13,3:6, 6, 8, -4, -8, 2, 6, -4
2,12:6, 6, 8, -4, -2, -8, 10, 18
-3,11:6, 6, 8, -4, 2, 10, -8, 2
-3,11:6, 6, 8, -4, 2, 10, -8, 6
7,6:6, 6, 8, -4, 2, 10, -8, 10
7,6:6, 6, 8, -4, 2, 10, -8, 20
7,6:6, 6, 8, -4, 2, 10, 20, -8
-2,7:6, 6, 8, -4, 4, -20, 12, -18
-2,7:6, 6, 8, -4, 4, -20, 12, -16
-2,7:6, 6, 8, -4, 4, -20, 12, -14
-3,2:6, 6, 8, 2, 10, 20, 22, 2
-3,2:6, 6, 8, 2, 10, 20, 22, 6
-3,17:6, 6, 8, 10, 4, 4, 18, 10
-3,17:6, 6, 8, 10, 4, 4, 18, 12
-3,17:6, 6, 8, 10, 4, 4, 18, 14
-12,2:6, 6, 8, 10, 18, -2, 18, 24
-12,2:6, 6, 8, 10, 18, 18, 24, -2
-12,2:6, 6, 8, 10, 18, 18, 24, 8
2,14:6, 6, 8, 10, 20, 12, 6, 22
2,14:6, 6, 8, 10, 20, 12, 22, 6
5,11:6, 6, 14, 6, 0, -4, -4, -8
1,0:6, 6, 14, 6, 4, 10, 16, 4
1,0:6, 6, 14, 6, 4, 10, 16, 6
1,0:6, 6, 14, 6, 4, 10, 16, 8
1,0:6, 6, 14, 6, 6, 2, 16, 4
1,0:6, 6, 14, 6, 6, 2, 16, 6
1,0:6, 6, 14, 6, 6, 2, 16, 8
1,0:6, 6, 14, 6, 6, 6, 16, -2
1,0:6, 6, 14, 6, 6, 6, 16, 0
1,0:6, 6, 14, 6, 6, 6, 16, 2
3,16:6, 6, 14, 6, 6, 12, 4, 2
3,16:6, 6, 14, 6, 6, 12, 6, 0
-1,1:6, 6, 14, 6, 10, 8, 6, 12
-3,11:6, 6, 14, 10, 16, 2, 18, 10
-2,8:6, 6, 14, 10, 16, 12, 8, 4
-2,8:6, 6, 14, 10, 16, 12, 8, 6
-2,8:6, 6, 14, 10, 16, 12, 8, 8
10,8:6, 6, 16, -16, 4, 10, 8, -4
10,8:6, 6, 16, -16, 4, 10, 8, 6
7,23:6, 6, 16, -16, 14, 14, 4, 8
7,14:6, 6, 16, -16, 14, 14, 6, 24
7,14:6, 6, 16, -16, 14, 14, 16, 24
9,3:6, 6, 16, -8, -8, -18, -14, 6
9,3:6, 6, 16, -8, -8, -18, -14, 8
9,3:6, 6, 16, -8, -8, -18, -14, 10
9,3:6, 6, 16, -8, -8, -18, 6, -14
9,-6:6, 6, 16, -8, -8, -16, 2, 6
9,-6:6, 6, 16, -8, -8, -16, 2, 8
9,-6:6, 6, 16, -8, -8, -16, 2, 10
9,-6:6, 6, 16, -8, -8, -16, 6, 2
9,-6:6, 6, 16, -8, -8, -6, 6, 2
10,8:6, 6, 16, -8, 4, 2, 8, -14
10,8:6, 6, 16, -8, 4, 2, 8, -12
10,8:6, 6, 16, -8, 4, 2, 8, -10
