1,2:6
3,3:6, -4
-8,7:-4, -14, -8
-8,7:-4, -14, -6
-8,7:-4, -14, -4
12,5:-4, -14, 14
12,5:-4, -14, 16
12,5:-4, -14, 18
4,5:6, -4, 6
-8,7:-4, -14, -12, -10
-8,7:-4, -14, -12, -8
-8,7:-4, -14, -12, -6
14,6:-4, -14, -12, 14
14,6:-4, -14, -12, 16
14,6:-4, -14, -12, 18
-6,8:-4, -14, -8, 10
-6,8:-4, -14, 10, -8
-6,8:-4, -14, 10, -6
-6,8:-4, -14, 10, -4
12,5:-4, -14, 10, 12
12,5:-4, -14, 10, 14
12,5:-4, -14, 10, 16
14,6:-4, -14, 14, -12
5,-6:-4, -12, -4, -8
-2,1:-4, -6, -14, -2
6,6:6, -4, 6, -4
6,14:6, 6, 16, -16
6,14:6, 6, 16, -14
6,14:6, 6, 16, -12
8,-6:6, 6, 16, 6
8,-6:6, 6, 16, 8
8,-6:6, 6, 16, 10
-8,7:-4, -14, -12, -2, -8
-8,7:-4, -14, -12, -2, -6
-8,7:-4, -14, -12, -2, -4
15,8:-4, -14, -12, -2, 14
15,8:-4, -14, -12, -2, 16
15,8:-4, -14, -12, -2, 18
-6,8:-4, -14, -12, 10, -10
-6,8:-4, -14, -12, 10, -8
-6,8:-4, -14, -12, 10, -6
14,6:-4, -14, -12, 10, 12
14,6:-4, -14, -12, 10, 14
14,6:-4, -14, -12, 10, 16
15,8:-4, -14, -12, 14, -2
-5,10:-4, -14, -8, 10, 20
-5,10:-4, -14, 10, 20, -8
-5,10:-4, -14, 10, 20, -6
-5,10:-4, -14, 10, 20, -4
12,5:-4, -14, 10, 20, 14
12,5:-4, -14, 10, 20, 16
12,5:-4, -14, 10, 20, 18
7,-5:-4, -12, -4, -8, -16
0,2:-4, -6, -14, -2, -2
0,4:-4, -6, -14, 6, 4
-14,2:-4, -6, 6, -2, -14
-14,2:-4, -6, 6, -2, -6
0,4:-4, -6, 6, 4, -14
0,4:-4, -6, 6, 4, -4
10,-2:-4, 4, -10, 2, -4
-5,10:6, -4, -4, -14, -8
-5,10:6, -4, -4, -14, -6
-5,10:6, -4, -4, -14, -4
15,8:6, -4, -4, -14, 14
15,8:6, -4, -4, -14, 16
15,8:6, -4, -4, -14, 18
7,8:6, -4, 6, -4, 6
2,0:6, 6, -2, 16, 4
-5,7:6, 6, 14, 6, 10
7,16:6, 6, 16, -16, 14
6,14:6, 6, 16, -8, -14
6,14:6, 6, 16, -8, -12
6,14:6, 6, 16, -8, -10
9,-4:6, 6, 16, -8, 6
9,-4:6, 6, 16, -8, 8
9,-4:6, 6, 16, -8, 10
9,-4:6, 6, 16, 6, -8
7,16:6, 6, 16, 14, -16
7,16:6, 6, 16, 14, -14
7,16:6, 6, 16, 14, -12
8,-6:6, 6, 16, 14, 8
8,-6:6, 6, 16, 14, 10
8,-6:6, 6, 16, 14, 12
-6,8:-4, -14, -12, -2, 10, -8
-6,8:-4, -14, -12, -2, 10, -6
-6,8:-4, -14, -12, -2, 10, -4
15,8:-4, -14, -12, -2, 10, 12
15,8:-4, -14, -12, -2, 10, 14
15,8:-4, -14, -12, -2, 10, 16
17,9:-4, -14, -12, -2, 14, -12
-5,10:-4, -14, -12, 10, 20, -10
-5,10:-4, -14, -12, 10, 20, -8
-5,10:-4, -14, -12, 10, 20, -6
14,6:-4, -14, -12, 10, 20, 14
14,6:-4, -14, -12, 10, 20, 16
14,6:-4, -14, -12, 10, 20, 18
-3,11:-4, -14, -8, 10, 20, 10
-3,19:-4, -14, -8, 20, 30, -2
-3,19:-4, -14, -8, 20, 30, 0
-3,19:-4, -14, -8, 20, 30, 2
-1,-1:-4, -14, -8, 20, 30, 20
-1,-1:-4, -14, -8, 20, 30, 22
-1,-1:-4, -14, -8, 20, 30, 24
-6,8:-4, -14, 10, -2, 0, -8
12,5:-4, -14, 10, 10, 8, 16
-3,11:-4, -14, 10, 20, 10, -8
-3,11:-4, -14, 10, 20, 10, -6
-3,11:-4, -14, 10, 20, 10, -4
12,5:-4, -14, 10, 20, 10, 12
12,5:-4, -14, 10, 20, 10, 14
12,5:-4, -14, 10, 20, 10, 16
17,17:-4, -14, 14, -2, 8, -24
17,17:-4, -14, 14, -2, 8, -22
17,17:-4, -14, 14, -2, 8, -20
19,-3:-4, -14, 14, -2, 8, -2
19,-3:-4, -14, 14, -2, 8, 0
19,-3:-4, -14, 14, -2, 8, 2
8,7:-4, -12, -14, 4, -6, -10
-1,-1:-4, -12, -14, 4, 6, 4
14,-1:-4, -12, -8, -14, -4, -6
8,-3:-4, -12, -4, -8, -16, -6
8,3:-4, -12, -4, -4, 0, 2
0,-4:-4, -12, 4, -6, 2, -6
-1,-1:-4, -12, 4, 6, 4, -14
-1,-1:-4, -12, 4, 6, 4, -4
5,0:-4, -12, 4, 6, 10, -14
1,4:-4, -6, -14, -2, -2, 8
1,6:-4, -6, -14, 6, 4, 10
-2,4:-4, -6, -14, 6, 6, 2
-1,-1:-4, -6, -14, 6, 6, 6
-1,-1:-4, -6, -14, 6, 6, 8
2,24:-4, -6, -14, 6, 12, -2
2,24:-4, -6, -14, 6, 12, 2
8,0:-4, -6, -8, -18, -20, -2
8,0:-4, -6, -8, -18, -2, -20
6,1:-4, -6, -8, -10, -20, -14
6,1:-4, -6, -8, -10, -20, -4
6,1:-4, -6, -8, -10, -14, -20
4,-11:-4, -6, -8, -2, -20, -20
10,-1:-4, -6, -8, -2, -12, -20
-6,3:-4, -6, 0, -8, -20, -14
-6,3:-4, -6, 0, -8, -20, -12
-6,3:-4, -6, 0, -8, -20, -10
14,1:-4, -6, 0, -8, -20, 8
14,1:-4, -6, 0, -8, -20, 10
14,1:-4, -6, 0, -8, -20, 12
0,-12:-4, -6, 0, -2, -30, -10
0,-12:-4, -6, 0, -2, -30, -8
20,-8:-4, -6, 0, -2, -26, -14
20,-8:-4, -6, 0, -2, -26, -6
20,-8:-4, -6, 0, -2, -14, -26
20,-8:-4, -6, 0, -2, -14, -24
0,-12:-4, -6, 0, -2, -10, -30
0,-12:-4, -6, 0, -2, -10, -22
-13,4:-4, -6, 6, -2, -14, 22
-14,2:-4, -6, 6, -2, -10, -14
-14,2:-4, -6, 6, -2, -10, -10
-14,2:-4, -6, 6, -2, -4, -14
-14,2:-4, -6, 6, -2, -4, -8
-14,2:-4, -6, 6, -2, -4, -4
-13,4:-4, -6, 6, -2, 22, -14
-13,4:-4, -6, 6, -2, 22, -6
1,6:-4, -6, 6, 4, 10, -14
1,6:-4, -6, 6, 4, 10, -4
-2,4:-4, -6, 6, 6, 2, -14
-2,4:-4, -6, 6, 6, 2, -4
7,0:-4, -6, 6, 10, -14, -2
-1,6:-4, -6, 6, 10, -14, 0
-1,-1:-4, -6, 6, 10, -14, 6
-1,-1:-4, -6, 6, 10, -14, 8
-1,-1:-4, -6, 6, 10, -14, 10
-1,6:-4, -6, 6, 10, -4, -10
-2,5:-4, -6, 6, 10, -4, 0
-1,6:-4, -6, 6, 10, 0, -14
-1,-1:-4, -6, 6, 10, 6, -14
5,16:-4, 2, 2, -14, -10, 8
5,16:-4, 2, 2, -14, -10, 10
1,-4:-4, 2, 2, -14, -8, 6
1,-4:-4, 2, 2, -14, -8, 14
1,-4:-4, 2, 2, -14, 6, -8
1,-4:-4, 2, 2, -14, 6, -6
5,16:-4, 2, 2, -14, 8, -10
5,16:-4, 2, 2, -14, 8, -2
14,10:-4, 2, 2, -8, 4, -28
14,10:-4, 2, 2, -8, 4, -26
14,10:-4, 2, 2, -8, 4, -24
16,-10:-4, 2, 2, -8, 4, -6
16,-10:-4, 2, 2, -8, 4, -4
16,-10:-4, 2, 2, -8, 4, -2
8,0:-4, 4, -10, -12, -12, 2
4,-1:-4, 4, -10, -12, 0, -14
11,0:-4, 4, -10, 2, -6, -4
11,0:-4, 4, -10, 2, -4, -6
9,-3:-4, 4, -10, 6, 6, 10
-2,1:-4, 4, -2, -12, -2, -14
-2,1:-4, 4, -2, -12, -2, -4
9,4:-4, 4, -2, -8, 0, -16
9,4:-4, 4, -2, -8, 0, -12
8,0:-4, 4, -2, 6, 4, -16
6,14:-4, 4, 4, -6, 2, 8
6,14:-4, 4, 4, -6, 2, 10
6,14:-4, 4, 4, -6, 8, 2
6,12:-4, 4, 6, 4, -8, 0
-1,-1:-4, 4, 6, 6, 6, -14
-5,10:6, -4, -4, -14, -12, -10
-5,10:6, -4, -4, -14, -12, -8
-5,10:6, -4, -4, -14, -12, -6
17,9:6, -4, -4, -14, -12, 14
17,9:6, -4, -4, -14, -12, 16
17,9:6, -4, -4, -14, -12, 18
-3,11:6, -4, -4, -14, 10, -8
-3,11:6, -4, -4, -14, 10, -6
-3,11:6, -4, -4, -14, 10, -4
15,8:6, -4, -4, -14, 10, 12
15,8:6, -4, -4, -14, 10, 14
15,8:6, -4, -4, -14, 10, 16
8,-3:6, -4, -4, -12, -4, -8
1,4:6, -4, -4, -6, -14, -2
9,9:6, -4, 6, -4, 6, -4
9,17:6, -4, 6, 6, 16, -16
9,17:6, -4, 6, 6, 16, -14
9,17:6, -4, 6, 6, 16, -12
11,-3:6, -4, 6, 6, 16, 6
11,-3:6, -4, 6, 6, 16, 8
11,-3:6, -4, 6, 6, 16, 10
5,2:6, 6, -2, -4, 16, -2
-1,12:6, 6, -2, 12, 0, 6
3,2:6, 6, -2, 16, 4, 4
5,2:6, 6, 8, -4, -2, 6
5,2:6, 6, 8, -4, -2, 16
3,-12:6, 6, 8, -4, 4, 8
3,-12:6, 6, 8, -4, 4, 16
-4,9:6, 6, 14, 6, 10, 18
9,17:6, 6, 16, -16, 14, 4
6,14:6, 6, 16, -8, -18, -16
6,14:6, 6, 16, -8, -18, -14
6,14:6, 6, 16, -8, -18, -12
11,-3:6, 6, 16, -8, -18, 6
11,-3:6, 6, 16, -8, -18, 8
11,-3:6, 6, 16, -8, -18, 10
11,-3:6, 6, 16, -8, 6, -18
7,16:6, 6, 16, -8, 14, -14
7,16:6, 6, 16, -8, 14, -12
7,16:6, 6, 16, -8, 14, -10
9,-4:6, 6, 16, -8, 14, 8
9,-4:6, 6, 16, -8, 14, 10
9,-4:6, 6, 16, -8, 14, 12
9,17:6, 6, 16, 14, 4, -16
9,17:6, 6, 16, 14, 4, -14
9,17:6, 6, 16, 14, 4, -12
8,-6:6, 6, 16, 14, 4, 6
8,-6:6, 6, 16, 14, 4, 8
8,-6:6, 6, 16, 14, 4, 10
-6,8:-4, -14, -12, -2, 10, -12, -10
-6,8:-4, -14, -12, -2, 10, -12, -8
-6,8:-4, -14, -12, -2, 10, -12, -6
17,9:-4, -14, -12, -2, 10, -12, 12
17,9:-4, -14, -12, -2, 10, -12, 14
17,9:-4, -14, -12, -2, 10, -12, 16
18,11:-4, -14, -12, -2, 14, -12, -2
14,6:-4, -14, -12, 10, 10, 8, 16
-3,11:-4, -14, -12, 10, 20, 10, -10
-3,11:-4, -14, -12, 10, 20, 10, -8
-3,11:-4, -14, -12, 10, 20, 10, -6
14,6:-4, -14, -12, 10, 20, 10, 12
14,6:-4, -14, -12, 10, 20, 10, 14
14,6:-4, -14, -12, 10, 20, 10, 16
6,13:-4, -14, -12, 14, -12, -22, -16
6,13:-4, -14, -12, 14, -12, -22, -14
6,13:-4, -14, -12, 14, -12, -22, -12
26,11:-4, -14, -12, 14, -12, -22, 6
26,11:-4, -14, -12, 14, -12, -22, 8
26,11:-4, -14, -12, 14, -12, -22, 10
-14,15:-4, -14, -8, 10, 10, 0, 6
-14,15:-4, -14, -8, 10, 10, 0, 8
-14,15:-4, -14, -8, 10, 10, 0, 10
6,13:-4, -14, -8, 10, 10, 0, 28
6,13:-4, -14, -8, 10, 10, 0, 30
6,13:-4, -14, -8, 10, 10, 0, 32
-2,13:-4, -14, -8, 10, 20, 10, 20
-7,5:-4, -14, -8, 20, 12, 30, 18
-14,12:-4, -14, -8, 20, 28, 20, 24
-2,21:-4, -14, -8, 20, 30, -2, 28
-3,19:-4, -14, -8, 20, 30, 6, 0
-3,19:-4, -14, -8, 20, 30, 6, 2
-3,19:-4, -14, -8, 20, 30, 6, 4
0,1:-4, -14, -8, 20, 30, 6, 20
0,1:-4, -14, -8, 20, 30, 6, 22
0,1:-4, -14, -8, 20, 30, 6, 24
0,1:-4, -14, -8, 20, 30, 20, 6
-2,21:-4, -14, -8, 20, 30, 28, -2
-2,21:-4, -14, -8, 20, 30, 28, 0
-2,21:-4, -14, -8, 20, 30, 28, 2
-1,-1:-4, -14, -8, 20, 30, 28, 22
-1,-1:-4, -14, -8, 20, 30, 28, 24
-1,-1:-4, -14, -8, 20, 30, 28, 26
-6,8:-4, -14, 10, -2, -12, -8, -4
-6,8:-4, -14, 10, -2, -12, -8, 6
-6,8:-4, -14, 10, -2, -10, 8, -6
-6,8:-4, -14, 10, -2, -10, 8, -2
-6,8:-4, -14, 10, -2, 0, -6, -2
-6,8:-4, -14, 10, -2, 0, -6, 8
-5,10:-4, -14, 10, -2, 0, 20, -8
12,5:-4, -14, 10, 10, 8, 0, 10
12,5:-4, -14, 10, 10, 8, 0, 14
12,5:-4, -14, 10, 10, 8, 14, 0
12,5:-4, -14, 10, 10, 8, 14, 10
12,5:-4, -14, 10, 10, 16, 16, 2
12,5:-4, -14, 10, 10, 16, 16, 12
-2,13:-4, -14, 10, 20, 10, 20, -8
-2,13:-4, -14, 10, 20, 10, 20, -6
-2,13:-4, -14, 10, 20, 10, 20, -4
12,5:-4, -14, 10, 20, 10, 20, 14
12,5:-4, -14, 10, 20, 10, 20, 16
12,5:-4, -14, 10, 20, 10, 20, 18
12,5:-4, -14, 10, 20, 20, 22, 14
13,3:-4, -14, 14, -2, -10, 8, -4
6,10:-4, -14, 14, -2, 6, -2, 2
18,19:-4, -14, 14, -2, 8, -24, 6
17,17:-4, -14, 14, -2, 8, -16, -22
17,17:-4, -14, 14, -2, 8, -16, -20
17,17:-4, -14, 14, -2, 8, -16, -18
20,-1:-4, -14, 14, -2, 8, -16, -2
20,-1:-4, -14, 14, -2, 8, -16, 0
20,-1:-4, -14, 14, -2, 8, -16, 2
20,-1:-4, -14, 14, -2, 8, -2, -16
18,19:-4, -14, 14, -2, 8, 6, -24
18,19:-4, -14, 14, -2, 8, 6, -22
18,19:-4, -14, 14, -2, 8, 6, -20
19,-3:-4, -14, 14, -2, 8, 6, 0
19,-3:-4, -14, 14, -2, 8, 6, 2
19,-3:-4, -14, 14, -2, 8, 6, 4
10,8:-4, -12, -14, 4, -6, -10, -6
-2,-1:-4, -12, -8, -18, -20, -4, 2
-2,-1:-4, -12, -8, -18, -20, -4, 4
-2,-1:-4, -12, -8, -18, -20, -4, 6
-2,-1:-4, -12, -8, -18, -20, 2, -4
-2,-1:-4, -12, -8, -18, -4, 2, -20
-2,-1:-4, -12, -8, -18, -4, 2, -10
9,4:-4, -12, -8, -14, -10, -6, -14
4,6:-4, -12, -8, -14, -10, -2, -14
16,0:-4, -12, -8, -14, -4, -6, -20
12,3:-4, -12, -8, -14, 0, -14, -16
6,1:-4, -12, -8, -4, -2, -2, -20
10,-2:-4, -12, -4, -8, -16, -6, -16
10,6:-4, -12, -4, -8, -6, 4, -28
10,6:-4, -12, -4, -8, -6, 4, -26
10,6:-4, -12, -4, -8, -6, 4, -24
12,-14:-4, -12, -4, -8, -6, 4, -6
12,-14:-4, -12, -4, -8, -6, 4, -4
12,-14:-4, -12, -4, -8, -6, 4, -2
10,4:-4, -12, -4, -4, 0, -10, 2
10,4:-4, -12, -4, -4, 0, 2, -10
4,6:-4, -12, -4, -2, 6, 2, 6
8,5:-4, -12, -4, -2, 6, 6, 10
0,-8:-4, -12, 4, -6, -14, -8, -16
0,-8:-4, -12, 4, -6, -14, -8, -14
4,-11:-4, -12, 4, -6, -14, -8, -8
4,-11:-4, -12, 4, -6, -14, -8, -6
1,-2:-4, -12, 4, -6, 2, -6, 2
7,-3:-4, -12, 4, -6, 2, 6, 10
6,5:-4, -12, 4, 4, 6, 6, 10
-1,-1:-4, -12, 4, 6, 4, -2, -14
-1,-1:-4, -12, 4, 6, 4, -2, -6
0,1:-4, -12, 4, 6, 4, 6, -14
7,1:-4, -12, 4, 6, 10, -14, -10
7,1:-4, -12, 4, 6, 10, -10, -14
3,5:-4, -6, -14, -2, -2, 8, -2
3,13:-4, -6, -14, -2, 8, 18, -14
3,13:-4, -6, -14, -2, 8, 18, -12
3,13:-4, -6, -14, -2, 8, 18, -10
5,-7:-4, -6, -14, -2, 8, 18, 8
5,-7:-4, -6, -14, -2, 8, 18, 10
5,-7:-4, -6, -14, -2, 8, 18, 12
3,7:-4, -6, -14, 6, 4, 10, 0
-1,6:-4, -6, -14, 6, 6, 2, 12
2,24:-4, -6, -14, 6, 12, -4, 0
2,24:-4, -6, -14, 6, 12, -4, 2
2,24:-4, -6, -14, 6, 12, -4, 4
3,4:-4, -6, -14, 6, 12, -4, 20
3,4:-4, -6, -14, 6, 12, -4, 22
3,4:-4, -6, -14, 6, 12, -4, 24
3,26:-4, -6, -14, 6, 12, -2, 28
3,4:-4, -6, -14, 6, 12, 20, -4
3,26:-4, -6, -14, 6, 12, 28, -2
3,26:-4, -6, -14, 6, 12, 28, 2
0,1:-4, -6, -8, -20, -20, -28, -22
0,1:-4, -6, -8, -20, -20, -28, -20
0,1:-4, -6, -8, -20, -20, -28, -18
20,-1:-4, -6, -8, -20, -20, -28, 0
20,-1:-4, -6, -8, -20, -20, -28, 2
20,-1:-4, -6, -8, -20, -20, -28, 4
11,2:-4, -6, -8, -18, -20, -10, -8
9,2:-4, -6, -8, -18, -20, -2, -2
11,2:-4, -6, -8, -18, -10, -8, -20
9,2:-4, -6, -8, -18, -2, -2, -20
11,-5:-4, -6, -8, -16, -6, -8, -40
11,-5:-4, -6, -8, -16, -6, -8, -38
11,-5:-4, -6, -8, -16, -6, -8, -36
13,-25:-4, -6, -8, -16, -6, -8, -18
13,-25:-4, -6, -8, -16, -6, -8, -16
13,-25:-4, -6, -8, -16, -6, -8, -14
8,2:-4, -6, -8, -10, -20, -14, -10
10,9:-4, -6, -8, -10, -20, -10, -8
9,3:-4, -6, -8, -10, -20, -2, 4
8,2:-4, -6, -8, -10, -14, -10, -20
10,9:-4, -6, -8, -10, -10, -8, -20
10,9:-4, -6, -8, -10, -10, -8, -10
9,3:-4, -6, -8, -10, -2, 4, -20
6,-10:-4, -6, -8, -2, -20, -20, -20
12,0:-4, -6, -8, -2, -12, -20, -16
12,0:-4, -6, -8, -2, -12, -16, -20
7,-4:-4, -6, -8, -2, -2, -16, -24
7,-4:-4, -6, -8, -2, -2, -16, -14
-6,3:-4, -6, 0, -8, -20, -18, -16
-6,3:-4, -6, 0, -8, -20, -18, -14
-6,3:-4, -6, 0, -8, -20, -18, -12
16,2:-4, -6, 0, -8, -20, -18, 8
16,2:-4, -6, 0, -8, -20, -18, 10
16,2:-4, -6, 0, -8, -20, -18, 12
-4,4:-4, -6, 0, -8, -20, -14, 4
-4,4:-4, -6, 0, -8, -20, 4, -14
-4,4:-4, -6, 0, -8, -20, 4, -12
-4,4:-4, -6, 0, -8, -20, 4, -10
14,1:-4, -6, 0, -8, -20, 4, 6
14,1:-4, -6, 0, -8, -20, 4, 8
14,1:-4, -6, 0, -8, -20, 4, 10
16,2:-4, -6, 0, -8, -20, 8, -18
7,-10:-4, -6, 0, -8, -18, -10, -14
0,-3:-4, -6, 0, -8, -12, -20, -8
1,-10:-4, -6, 0, -2, -30, -10, -6
6,-3:-4, -6, 0, -2, -30, -4, -6
6,-4:-4, -6, 0, -2, -30, -4, 6
21,-6:-4, -6, 0, -2, -26, -22, -14
21,-6:-4, -6, 0, -2, -26, -22, -6
21,-6:-4, -6, 0, -2, -26, -14, -22
0,-12:-4, -6, 0, -2, -26, -10, -30
0,-12:-4, -6, 0, -2, -26, -10, -28
0,-12:-4, -6, 0, -2, -26, -10, -26
20,-8:-4, -6, 0, -2, -26, -10, -14
20,-8:-4, -6, 0, -2, -26, -10, -12
20,-8:-4, -6, 0, -2, -26, -10, -10
26,1:-4, -6, 0, -2, -14, -20, -22
26,0:-4, -6, 0, -2, -14, -20, -10
1,-10:-4, -6, 0, -2, -10, -6, -30
1,-10:-4, -6, 0, -2, -10, -6, -22
6,0:-4, -6, 6, -8, -18, -20, 4
6,0:-4, -6, 6, -8, -18, 4, -20
-3,4:-4, -6, 6, -8, -12, -14, 10
-3,4:-4, -6, 6, -8, -12, 10, -14
10,0:-4, -6, 6, -8, -10, -20, 4
10,0:-4, -6, 6, -8, -10, 4, -20
10,-9:-4, -6, 6, -8, -8, -16, 4
10,-9:-4, -6, 6, -8, -8, 4, -16
-3,4:-4, -6, 6, -8, -8, 10, -18
-3,4:-4, -6, 6, -8, -8, 10, -12
-11,5:-4, -6, 6, -2, -14, 22, 12
-14,2:-4, -6, 6, -2, -10, -12, -8
-14,2:-4, -6, 6, -2, -10, -12, -6
-14,2:-4, -6, 6, -2, -10, -12, -4
5,-2:-4, -6, 6, -2, -10, -12, 14
5,-2:-4, -6, 6, -2, -10, -12, 16
5,-2:-4, -6, 6, -2, -10, -12, 18
5,-2:-4, -6, 6, -2, -10, 14, -12
-13,4:-4, -6, 6, -2, -10, 22, -14
-13,4:-4, -6, 6, -2, -10, 22, -10
-13,4:-4, -6, 6, -2, -4, 22, -14
-13,4:-4, -6, 6, -2, -4, 22, -8
-13,4:-4, -6, 6, -2, -4, 22, -4
12,-3:-4, -6, 6, -2, 14, -12, -20
-11,5:-4, -6, 6, -2, 22, 12, -14
-11,5:-4, -6, 6, -2, 22, 12, -6
15,3:-4, -6, 6, 0, 14, -10, 0
15,3:-4, -6, 6, 0, 14, 0, -10
15,3:-4, -6, 6, 0, 14, 0, -8
0,4:-4, -6, 6, 4, -8, -12, -4
0,4:-4, -6, 6, 4, -2, -30, -14
0,4:-4, -6, 6, 4, -2, -30, -6
0,4:-4, -6, 6, 4, -2, -14, -30
0,4:-4, -6, 6, 4, -2, -14, -22
3,7:-4, -6, 6, 4, 10, 0, -14
3,7:-4, -6, 6, 4, 10, 0, -4
-1,6:-4, -6, 6, 6, 2, 12, -14
-1,6:-4, -6, 6, 6, 2, 12, -4
9,1:-4, -6, 6, 10, -14, -2, -12
1,7:-4, -6, 6, 10, -14, 0, 2
1,7:-4, -6, 6, 10, -14, 2, -2
1,7:-4, -6, 6, 10, -14, 2, 0
-1,-1:-4, -6, 6, 10, -14, 2, 4
-1,-1:-4, -6, 6, 10, -14, 2, 6
-1,-1:-4, -6, 6, 10, -14, 2, 8
4,18:-4, -6, 6, 10, -14, 12, 22
2,2:-4, -6, 6, 10, -10, -14, -2
-1,6:-4, -6, 6, 10, -10, 0, -10
-1,6:-4, -6, 6, 10, -10, 0, -8
-1,6:-4, -6, 6, 10, -10, 0, -6
5,-4:-4, -6, 6, 10, -10, 0, 6
5,-4:-4, -6, 6, 10, -10, 0, 8
5,-4:-4, -6, 6, 10, -10, 0, 10
1,7:-4, -6, 6, 10, -10, 2, -2
-1,-1:-4, -6, 6, 10, -10, 6, -10
-1,-1:-4, -6, 6, 10, -10, 6, -8
-1,-1:-4, -6, 6, 10, -10, 6, -6
-1,-1:-4, -6, 6, 10, -10, 6, -4
5,-4:-4, -6, 6, 10, -10, 6, 0
5,-4:-4, -6, 6, 10, -10, 6, 2
-1,6:-4, -6, 6, 10, -6, -10, -2
11,-3:-4, -6, 6, 10, -6, -8, 2
-1,6:-4, -6, 6, 10, -6, -2, -10
-1,6:-4, -6, 6, 10, -6, -2, -6
11,-3:-4, -6, 6, 10, -6, 2, -8
-1,6:-4, -6, 6, 10, -4, -6, -12
-1,6:-4, -6, 6, 10, -4, -6, -10
-1,6:-4, -6, 6, 10, -4, -6, -4
5,-5:-4, -6, 6, 10, -4, -2, -14
0,6:-4, -6, 6, 10, -4, 0, 2
1,7:-4, -6, 6, 10, -4, 2, -10
-1,6:-4, -6, 6, 10, 0, -4, -20
-1,6:-4, -6, 6, 10, 0, -4, -10
1,7:-4, -6, 6, 10, 0, 2, -14
5,-4:-4, -6, 6, 10, 0, 6, -10
5,-4:-4, -6, 6, 10, 0, 6, -8
0,1:-4, -6, 6, 10, 6, 6, -14
4,18:-4, -6, 6, 10, 12, 22, -14
3,-19:-4, 2, 0, -8, 4, -36, -22
3,-19:-4, 2, 0, -8, 4, -36, -12
3,-19:-4, 2, 0, -8, 4, -22, -36
3,-19:-4, 2, 0, -8, 4, -22, -34
13,22:-4, 2, 2, -14, -10, 4, -6
14,22:-4, 2, 2, -14, -10, 4, 6
7,17:-4, 2, 2, -14, -10, 8, 6
3,-3:-4, 2, 2, -14, -8, -10, 6
3,-3:-4, 2, 2, -14, -8, -10, 14
3,-3:-4, 2, 2, -14, -8, 6, -10
5,16:-4, 2, 2, -14, -8, 8, -6
5,16:-4, 2, 2, -14, -8, 8, -4
5,16:-4, 2, 2, -14, -8, 8, -2
1,-4:-4, 2, 2, -14, -8, 8, 10
1,-4:-4, 2, 2, -14, -8, 8, 12
1,-4:-4, 2, 2, -14, -8, 8, 14
9,2:-4, 2, 2, -14, 6, -12, -22
10,2:-4, 2, 2, -14, 6, -12, -10
7,17:-4, 2, 2, -14, 8, 6, -10
7,17:-4, 2, 2, -14, 8, 6, -2
10,-4:-4, 2, 2, -8, -14, 4, -8
3,3:-4, 2, 2, -8, 2, -6, -2
15,12:-4, 2, 2, -8, 4, -28, 2
14,10:-4, 2, 2, -8, 4, -20, -26
14,10:-4, 2, 2, -8, 4, -20, -24
14,10:-4, 2, 2, -8, 4, -20, -22
17,-8:-4, 2, 2, -8, 4, -20, -6
17,-8:-4, 2, 2, -8, 4, -20, -4
17,-8:-4, 2, 2, -8, 4, -20, -2
17,-8:-4, 2, 2, -8, 4, -6, -20
15,12:-4, 2, 2, -8, 4, 2, -28
15,12:-4, 2, 2, -8, 4, 2, -26
15,12:-4, 2, 2, -8, 4, 2, -24
16,-10:-4, 2, 2, -8, 4, 2, -4
16,-10:-4, 2, 2, -8, 4, 2, -2
16,-10:-4, 2, 2, -8, 4, 2, 0
9,-6:-4, 2, 6, -14, -18, -8, 2
11,-6:-4, 2, 6, -14, -18, 2, 4
11,-6:-4, 2, 6, -14, -18, 4, 2
11,-6:-4, 2, 6, -14, 2, 4, -18
11,-6:-4, 2, 6, -14, 2, 4, -16
11,-6:-4, 2, 6, -14, 2, 4, -14
10,16:-4, 2, 6, 0, -4, -10, -12
10,16:-4, 2, 6, 0, -4, -10, -10
10,-4:-4, 2, 6, 0, 14, -16, -4
10,-4:-4, 2, 6, 0, 14, -4, -16
8,5:-4, 2, 6, 4, 0, -4, -14
-4,-1:-4, 2, 6, 6, 12, -8, -16
-4,-1:-4, 2, 6, 6, 12, -8, -12
8,0:-4, 4, -10, -12, -12, -14, 0
9,2:-4, 4, -10, -12, -12, -2, 2
8,0:-4, 4, -10, -12, -12, 0, -14
6,0:-4, 4, -10, -12, 0, -14, -10
4,-1:-4, 4, -10, -12, 6, -14, 4
19,-9:-4, 4, -10, -8, 2, -8, -4
19,-9:-4, 4, -10, -8, 2, -8, 0
17,11:-4, 4, -10, 0, -8, 2, -30
17,11:-4, 4, -10, 0, -8, 2, -28
17,11:-4, 4, -10, 0, -8, 2, -26
19,-9:-4, 4, -10, 0, -8, 2, -8
19,-9:-4, 4, -10, 0, -8, 2, -6
19,-9:-4, 4, -10, 0, -8, 2, -4
14,7:-4, 4, -10, 2, -16, -26, -46
14,7:-4, 4, -10, 2, -16, -26, -38
13,1:-4, 4, -10, 2, -6, -16, -4
13,1:-4, 4, -10, 2, -6, -4, -16
10,-2:-4, 4, -10, 6, 0, -4, 2
10,-2:-4, 4, -10, 6, 0, -4, 12
0,13:-4, 4, -10, 6, 4, 0, 8
10,-1:-4, 4, -10, 6, 6, 10, -6
0,4:-4, 4, -2, -14, 6, 4, -12
0,4:-4, 4, -2, -14, 6, 4, -6
1,-3:-4, 4, -2, -12, -2, -2, -16
0,2:-4, 4, -2, -12, -2, -2, -14
0,-8:-4, 4, -2, -12, -2, 8, 18
-9,-1:-4, 4, -2, -12, 6, -12, 14
0,4:-4, 4, -2, -12, 6, 4, -14
0,4:-4, 4, -2, -12, 6, 4, -4
17,-6:-4, 4, -2, -8, -12, -10, -4
17,-6:-4, 4, -2, -8, -12, -10, 0
17,-6:-4, 4, -2, -8, -12, -4, -10
11,5:-4, 4, -2, -8, 0, -16, -10
11,5:-4, 4, -2, -8, 0, -10, -16
11,5:-4, 4, -2, -8, 0, -10, -12
2,10:-4, 4, -2, 6, 0, -24, 6
2,10:-4, 4, -2, 6, 0, 6, -24
2,10:-4, 4, -2, 6, 0, 6, -20
18,-10:-4, 4, -2, 6, 4, 0, -22
-2,1:-4, 4, 4, -6, -14, -2, 14
6,14:-4, 4, 4, -6, -14, 8, -4
6,14:-4, 4, 4, -6, -14, 8, 0
6,14:-4, 4, 4, -6, 0, 8, -14
6,14:-4, 4, 4, -6, 0, 8, -4
7,16:-4, 4, 4, -6, 8, 14, 2
7,14:-4, 4, 6, 4, -8, 0, 12
0,1:-4, 4, 6, 6, 6, 6, -14
-5,10:6, -4, -4, -14, -12, -2, -8
-5,10:6, -4, -4, -14, -12, -2, -6
-5,10:6, -4, -4, -14, -12, -2, -4
18,11:6, -4, -4, -14, -12, -2, 14
18,11:6, -4, -4, -14, -12, -2, 16
18,11:6, -4, -4, -14, -12, -2, 18
-3,11:6, -4, -4, -14, -12, 10, -10
-3,11:6, -4, -4, -14, -12, 10, -8
-3,11:6, -4, -4, -14, -12, 10, -6
17,9:6, -4, -4, -14, -12, 10, 12
17,9:6, -4, -4, -14, -12, 10, 14
17,9:6, -4, -4, -14, -12, 10, 16
-2,13:6, -4, -4, -14, 10, 20, -8
-2,13:6, -4, -4, -14, 10, 20, -6
-2,13:6, -4, -4, -14, 10, 20, -4
15,8:6, -4, -4, -14, 10, 20, 14
15,8:6, -4, -4, -14, 10, 20, 16
15,8:6, -4, -4, -14, 10, 20, 18
3,7:6, -4, -4, -6, -14, 6, 4
-11,5:6, -4, -4, -6, 6, -2, -14
-11,5:6, -4, -4, -6, 6, -2, -6
3,7:6, -4, -4, -6, 6, 4, -14
3,7:6, -4, -4, -6, 6, 4, -4
13,1:6, -4, -4, 4, -10, 2, -4
-2,13:6, -4, 6, -4, -4, -14, -8
-2,13:6, -4, 6, -4, -4, -14, -6
-2,13:6, -4, 6, -4, -4, -14, -4
18,11:6, -4, 6, -4, -4, -14, 14
18,11:6, -4, 6, -4, -4, -14, 16
18,11:6, -4, 6, -4, -4, -14, 18
10,11:6, -4, 6, -4, 6, -4, 6
5,3:6, -4, 6, 6, -2, 16, 4
-2,10:6, -4, 6, 6, 14, 6, 10
10,19:6, -4, 6, 6, 16, -16, 14
9,17:6, -4, 6, 6, 16, -8, -14
9,17:6, -4, 6, 6, 16, -8, -12
9,17:6, -4, 6, 6, 16, -8, -10
12,-1:6, -4, 6, 6, 16, -8, 6
12,-1:6, -4, 6, 6, 16, -8, 8
12,-1:6, -4, 6, 6, 16, -8, 10
12,-1:6, -4, 6, 6, 16, 6, -8
10,19:6, -4, 6, 6, 16, 14, -16
10,19:6, -4, 6, 6, 16, 14, -14
10,19:6, -4, 6, 6, 16, 14, -12
11,-3:6, -4, 6, 6, 16, 14, 8
11,-3:6, -4, 6, 6, 16, 14, 10
11,-3:6, -4, 6, 6, 16, 14, 12
-9,18:6, 6, -4, 0, 10, -2, 4
-9,18:6, 6, -4, 0, 10, -2, 6
-9,18:6, 6, -4, 0, 10, -2, 8
11,16:6, 6, -4, 0, 10, -2, 26
11,16:6, 6, -4, 0, 10, -2, 28
11,16:6, 6, -4, 0, 10, -2, 30
-3,3:6, 6, -4, 0, 16, -12, 8
-3,3:6, 6, -4, 0, 16, -12, 10
17,7:6, 6, -4, 0, 16, -8, 4
17,7:6, 6, -4, 0, 16, -8, 12
17,7:6, 6, -4, 0, 16, 4, -8
17,7:6, 6, -4, 0, 16, 4, -6
-3,3:6, 6, -4, 0, 16, 8, -12
-3,3:6, 6, -4, 0, 16, 8, -4
0,1:6, 6, -2, -4, -4, -6, 16
-2,11:6, 6, -2, -4, -4, 12, -8
0,1:6, 6, -2, -4, -4, 16, -6
0,1:6, 6, -2, -4, -4, 16, -4
5,0:6, 6, -2, -4, -4, 16, 0
0,1:6, 6, -2, -4, -2, 4, 6
0,1:6, 6, -2, -4, -2, 4, 16
13,8:6, 6, -2, -4, -2, 10, 2
1,10:6, 6, -2, -4, 4, -2, 18
1,7:6, 6, -2, -4, 14, -8, 16
0,1:6, 6, -2, -4, 14, 16, -2
25,4:6, 6, -2, -4, 16, -10, 0
25,4:6, 6, -2, -4, 16, -10, 4
7,3:6, 6, -2, -4, 16, -2, -8
15,8:6, 6, -2, -2, 8, -8, 0
15,8:6, 6, -2, -2, 8, 0, -8
15,8:6, 6, -2, -2, 8, 0, -6
2,0:6, 6, -2, 4, 8, 4, 6
2,0:6, 6, -2, 4, 8, 4, 16
5,11:6, 6, -2, 4, 10, 2, 14
5,11:6, 6, -2, 4, 10, 2, 18
1,13:6, 6, -2, 12, 0, 6, 8
1,13:6, 6, -2, 12, 0, 8, 6
0,6:6, 6, -2, 12, 2, 12, 16
1,10:6, 6, -2, 12, 12, 14, 0
-3,2:6, 6, -2, 14, 8, 0, 8
8,10:6, 6, -2, 14, 16, 8, 12
5,3:6, 6, -2, 16, 4, 4, -6
0,1:6, 6, 8, -4, -8, -8, 16
7,1:6, 6, 8, -4, -8, 2, 16
6,0:6, 6, 8, -4, -8, 6, 2
7,1:6, 6, 8, -4, -8, 6, 12
0,1:6, 6, 8, -4, -8, 16, -8
0,1:6, 6, 8, -4, -8, 16, -6
0,1:6, 6, 8, -4, -8, 16, -4
7,1:6, 6, 8, -4, -8, 16, 2
1,9:6, 6, 8, -4, -8, 16, 4
5,0:6, 6, 8, -4, -4, 0, 6
5,0:6, 6, 8, -4, -4, 0, 16
7,3:6, 6, 8, -4, -2, -8, 6
7,3:6, 6, 8, -4, -2, -8, 16
5,-11:6, 6, 8, -4, 4, -20, 8
5,-11:6, 6, 8, -4, 4, -20, 16
3,-12:6, 6, 8, -4, 4, 6, 6
3,-12:6, 6, 8, -4, 4, 6, 10
3,-12:6, 6, 8, -4, 4, 6, 16
5,-11:6, 6, 8, -4, 4, 8, -20
3,-12:6, 6, 8, -4, 4, 12, 12
3,-12:6, 6, 8, -4, 4, 12, 16
-7,22:6, 6, 8, 2, 4, 8, 26
-7,22:6, 6, 8, 2, 4, 8, 28
-11,2:6, 6, 8, 2, 4, 10, 24
-11,2:6, 6, 8, 2, 4, 10, 32
-11,2:6, 6, 8, 2, 4, 24, 10
-11,2:6, 6, 8, 2, 4, 24, 12
-7,22:6, 6, 8, 2, 4, 26, 8
-7,22:6, 6, 8, 2, 4, 26, 16
2,16:6, 6, 8, 2, 10, 22, -10
2,16:6, 6, 8, 2, 10, 22, -8
2,16:6, 6, 8, 2, 10, 22, -6
4,-4:6, 6, 8, 2, 10, 22, 12
4,-4:6, 6, 8, 2, 10, 22, 14
4,-4:6, 6, 8, 2, 10, 22, 16
0,12:6, 6, 8, 10, 4, 14, 22
1,10:6, 6, 8, 10, 4, 20, 22
-10,6:6, 6, 8, 10, 4, 22, 22
2,8:6, 6, 8, 10, 12, 6, 22
2,8:6, 6, 8, 10, 12, 22, 6
2,8:6, 6, 8, 10, 12, 22, 16
1,10:6, 6, 8, 10, 20, 22, 4
4,10:6, 6, 14, 6, 6, 2, 0
-2,10:6, 6, 14, 6, 10, 18, 8
0,16:6, 6, 14, 10, 16, 6, 8
-2,21:6, 6, 16, -16, 4, -6, 0
-2,21:6, 6, 16, -16, 4, -6, 2
-2,21:6, 6, 16, -16, 4, -6, 4
18,19:6, 6, 16, -16, 4, -6, 22
18,19:6, 6, 16, -16, 4, -6, 24
18,19:6, 6, 16, -16, 4, -6, 26
6,14:6, 6, 16, -8, -18, -8, -14
6,14:6, 6, 16, -8, -18, -8, -12
6,14:6, 6, 16, -8, -18, -8, -10
12,-1:6, 6, 16, -8, -18, -8, 6
12,-1:6, 6, 16, -8, -18, -8, 8
12,-1:6, 6, 16, -8, -18, -8, 10
7,16:6, 6, 16, -8, -18, 14, -16
7,16:6, 6, 16, -8, -18, 14, -14
7,16:6, 6, 16, -8, -18, 14, -12
11,-3:6, 6, 16, -8, -18, 14, 8
11,-3:6, 6, 16, -8, -18, 14, 10
11,-3:6, 6, 16, -8, -18, 14, 12
6,14:6, 6, 16, -8, -8, -6, -14
9,-4:6, 6, 16, -8, 4, 2, 10
9,17:6, 6, 16, -8, 14, 4, -14
9,17:6, 6, 16, -8, 14, 4, -12
9,17:6, 6, 16, -8, 14, 4, -10
9,-4:6, 6, 16, -8, 14, 4, 6
9,-4:6, 6, 16, -8, 14, 4, 8
9,-4:6, 6, 16, -8, 14, 4, 10
-7,20:-4, -14, -12, -2, 10, 10, 4, 32
-7,20:-4, -14, -12, -2, 10, 10, 4, 34
15,8:-4, -14, -12, -2, 10, 10, 8, 16
20,12:-4, -14, -12, -2, 14, -12, -2, -12
20,20:-4, -14, -12, -2, 14, -2, 8, -24
20,20:-4, -14, -12, -2, 14, -2, 8, -22
20,20:-4, -14, -12, -2, 14, -2, 8, -20
22,0:-4, -14, -12, -2, 14, -2, 8, -2
22,0:-4, -14, -12, -2, 14, -2, 8, 0
22,0:-4, -14, -12, -2, 14, -2, 8, 2
14,6:-4, -14, -12, 10, 10, 8, 0, 10
14,6:-4, -14, -12, 10, 10, 8, 0, 14
14,6:-4, -14, -12, 10, 10, 8, 14, 0
14,6:-4, -14, -12, 10, 10, 8, 14, 10
14,6:-4, -14, -12, 10, 10, 16, 16, 2
14,6:-4, -14, -12, 10, 10, 16, 16, 12
-2,13:-4, -14, -12, 10, 20, 10, 20, -10
-2,13:-4, -14, -12, 10, 20, 10, 20, -8
-2,13:-4, -14, -12, 10, 20, 10, 20, -6
14,6:-4, -14, -12, 10, 20, 10, 20, 14
14,6:-4, -14, -12, 10, 20, 10, 20, 16
14,6:-4, -14, -12, 10, 20, 10, 20, 18
6,13:-4, -14, -12, 14, -12, -22, -20, -18
6,13:-4, -14, -12, 14, -12, -22, -20, -16
6,13:-4, -14, -12, 14, -12, -22, -20, -14
28,12:-4, -14, -12, 14, -12, -22, -20, 6
28,12:-4, -14, -12, 14, -12, -22, -20, 8
28,12:-4, -14, -12, 14, -12, -22, -20, 10
8,14:-4, -14, -12, 14, -12, -22, -16, 2
8,14:-4, -14, -12, 14, -12, -22, 2, -16
8,14:-4, -14, -12, 14, -12, -22, 2, -14
8,14:-4, -14, -12, 14, -12, -22, 2, -12
26,11:-4, -14, -12, 14, -12, -22, 2, 4
26,11:-4, -14, -12, 14, -12, -22, 2, 6
26,11:-4, -14, -12, 14, -12, -22, 2, 8
28,12:-4, -14, -12, 14, -12, -22, 6, -20
19,0:-4, -14, -12, 14, -12, -20, -12, -16
12,7:-4, -14, -12, 14, -12, -14, -22, -10
-14,15:-4, -14, -8, 10, 10, 0, 2, 4
-14,15:-4, -14, -8, 10, 10, 0, 2, 6
-14,15:-4, -14, -8, 10, 10, 0, 2, 8
8,14:-4, -14, -8, 10, 10, 0, 2, 28
8,14:-4, -14, -8, 10, 10, 0, 2, 30
8,14:-4, -14, -8, 10, 10, 0, 2, 32
-12,16:-4, -14, -8, 10, 10, 0, 6, 24
-12,16:-4, -14, -8, 10, 10, 0, 24, 6
-12,16:-4, -14, -8, 10, 10, 0, 24, 8
-12,16:-4, -14, -8, 10, 10, 0, 24, 10
6,13:-4, -14, -8, 10, 10, 0, 24, 26
6,13:-4, -14, -8, 10, 10, 0, 24, 28
6,13:-4, -14, -8, 10, 10, 0, 24, 30
-1,2:-4, -14, -8, 10, 10, 2, 10, 6
-8,9:-4, -14, -8, 10, 10, 8, 0, 12
0,14:-4, -14, -8, 10, 20, 10, 20, 10
0,22:-4, -14, -8, 10, 20, 20, 30, -2
0,22:-4, -14, -8, 10, 20, 20, 30, 0
0,22:-4, -14, -8, 10, 20, 20, 30, 2
2,2:-4, -14, -8, 10, 20, 20, 30, 20
2,2:-4, -14, -8, 10, 20, 20, 30, 22
2,2:-4, -14, -8, 10, 20, 20, 30, 24
-4,7:-4, -14, -8, 20, 12, 10, 30, 12
-10,17:-4, -14, -8, 20, 12, 26, 14, 20
-6,7:-4, -14, -8, 20, 12, 30, 18, 18
-4,7:-4, -14, -8, 20, 22, 10, 12, 20
-4,7:-4, -14, -8, 20, 22, 10, 12, 30
-6,-7:-4, -14, -8, 20, 22, 10, 18, 22
-6,-7:-4, -14, -8, 20, 22, 10, 18, 30
-13,14:-4, -14, -8, 20, 28, 20, 24, 32
0,22:-4, -14, -8, 20, 30, -2, 28, 18
-3,19:-4, -14, -8, 20, 30, 6, -4, -2
-3,19:-4, -14, -8, 20, 30, 6, -4, 0
-3,19:-4, -14, -8, 20, 30, 6, -4, 2
2,2:-4, -14, -8, 20, 30, 6, -4, 20
2,2:-4, -14, -8, 20, 30, 6, -4, 22
2,2:-4, -14, -8, 20, 30, 6, -4, 24
2,2:-4, -14, -8, 20, 30, 6, 20, -4
-2,21:-4, -14, -8, 20, 30, 6, 28, 0
-2,21:-4, -14, -8, 20, 30, 6, 28, 2
-2,21:-4, -14, -8, 20, 30, 6, 28, 4
0,1:-4, -14, -8, 20, 30, 6, 28, 22
0,1:-4, -14, -8, 20, 30, 6, 28, 24
0,1:-4, -14, -8, 20, 30, 6, 28, 26
0,22:-4, -14, -8, 20, 30, 28, 18, -2
0,22:-4, -14, -8, 20, 30, 28, 18, 0
0,22:-4, -14, -8, 20, 30, 28, 18, 2
-1,-1:-4, -14, -8, 20, 30, 28, 18, 20
-1,-1:-4, -14, -8, 20, 30, 28, 18, 22
-1,-1:-4, -14, -8, 20, 30, 28, 18, 24
-5,10:-4, -14, 10, -2, -12, -8, 20, -4
-5,10:-4, -14, 10, -2, -12, -8, 20, 6
-6,8:-4, -14, 10, -2, -10, -4, 0, -2
-6,8:-4, -14, 10, -2, -10, -4, 0, 6
-6,8:-4, -14, 10, -2, -10, -4, 0, 10
-6,8:-4, -14, 10, -2, -10, 8, -4, -12
-6,8:-4, -14, 10, -2, -10, 8, -4, -10
-6,8:-4, -14, 10, -2, -10, 8, -4, -8
13,3:-4, -14, 10, -2, -10, 8, -4, 12
13,3:-4, -14, 10, -2, -10, 8, -4, 14
13,3:-4, -14, 10, -2, -10, 8, -4, 16
-5,10:-4, -14, 10, -2, -10, 8, 20, -6
-5,10:-4, -14, 10, -2, -10, 8, 20, -2
-6,8:-4, -14, 10, -2, 0, -12, -12, -16
-6,8:-4, -14, 10, -2, 0, -12, -12, -4
-5,10:-4, -14, 10, -2, 0, -6, 20, -2
-5,10:-4, -14, 10, -2, 0, -6, 20, 8
-6,8:-4, -14, 10, -2, 0, 2, -4, 10
-6,8:-4, -14, 10, -2, 0, 2, 14, 8
-6,8:-4, -14, 10, -2, 0, 2, 14, 10
-3,11:-4, -14, 10, -2, 0, 20, 10, -8
-2,14:-4, -14, 10, -2, 0, 20, 20, 26
-6,8:-4, -14, 10, -2, 6, -2, 2, 2
-6,8:-4, -14, 10, -2, 6, -2, 2, 4
-6,8:-4, -14, 10, -2, 6, -2, 2, 6
6,10:-4, -14, 10, -2, 6, -2, 2, 12
6,10:-4, -14, 10, -2, 6, -2, 2, 14
6,10:-4, -14, 10, -2, 6, -2, 2, 16
7,10:-4, -14, 10, -2, 20, 10, 12, -4
-1,2:-4, -14, 10, 10, 2, 10, 6, -8
-1,2:-4, -14, 10, 10, 2, 10, 6, -6
-1,2:-4, -14, 10, 10, 2, 10, 6, -4
12,5:-4, -14, 10, 10, 2, 10, 6, 2
12,5:-4, -14, 10, 10, 2, 10, 6, 4
12,5:-4, -14, 10, 10, 2, 10, 6, 6
-8,9:-4, -14, 10, 10, 8, 0, 12, -8
-8,9:-4, -14, 10, 10, 8, 0, 12, -6
-8,9:-4, -14, 10, 10, 8, 0, 12, -4
12,5:-4, -14, 10, 10, 8, 0, 12, 16
12,5:-4, -14, 10, 10, 8, 0, 12, 18
12,5:-4, -14, 10, 10, 8, 0, 12, 20
12,5:-4, -14, 10, 10, 8, 20, 20, 12
12,5:-4, -14, 10, 10, 8, 20, 20, 24
10,1:-4, -14, 10, 10, 18, 4, 0, 10
10,1:-4, -14, 10, 10, 18, 4, 0, 14
10,1:-4, -14, 10, 10, 18, 4, 14, 0
12,5:-4, -14, 10, 10, 18, 12, 2, 2
12,5:-4, -14, 10, 10, 18, 12, 2, 10
-1,0:-4, -14, 10, 10, 18, 12, 14, -8
9,3:-4, -14, 10, 20, 10, 10, 2, 4
12,5:-4, -14, 10, 20, 10, 10, 8, 16
0,14:-4, -14, 10, 20, 10, 20, 10, -8
0,14:-4, -14, 10, 20, 10, 20, 10, -6
0,14:-4, -14, 10, 20, 10, 20, 10, -4
12,5:-4, -14, 10, 20, 10, 20, 10, 12
12,5:-4, -14, 10, 20, 10, 20, 10, 14
12,5:-4, -14, 10, 20, 10, 20, 10, 16
12,5:-4, -14, 10, 20, 20, 10, 14, 18
12,5:-4, -14, 10, 20, 20, 10, 14, 28
12,5:-4, -14, 10, 20, 20, 12, 30, 16
12,5:-4, -14, 10, 20, 20, 12, 30, 20
12,5:-4, -14, 10, 20, 20, 22, 16, 20
12,5:-4, -14, 10, 20, 20, 22, 16, 30
0,22:-4, -14, 10, 20, 20, 30, 0, -8
0,22:-4, -14, 10, 20, 20, 30, 0, -6
0,22:-4, -14, 10, 20, 20, 30, 0, -4
12,5:-4, -14, 10, 20, 20, 30, 0, 20
12,5:-4, -14, 10, 20, 20, 30, 0, 22
12,5:-4, -14, 10, 20, 20, 30, 0, 24
2,2:-4, -14, 10, 20, 20, 30, 20, -8
2,2:-4, -14, 10, 20, 20, 30, 20, -6
2,2:-4, -14, 10, 20, 20, 30, 20, -4
12,5:-4, -14, 10, 20, 20, 30, 20, 0
12,5:-4, -14, 10, 20, 20, 30, 20, 2
16,5:-4, -14, 14, -2, -10, -12, 8, -10
10,15:-4, -14, 14, -2, -10, 4, -8, -2
14,5:-4, -14, 14, -2, -10, 8, -4, -4
16,5:-4, -14, 14, -2, 0, -12, -10, -2
16,5:-4, -14, 14, -2, 0, -12, -10, 8
14,-9:-4, -14, 14, -2, 0, -12, -4, 0
14,-9:-4, -14, 14, -2, 0, -12, -4, 8
7,12:-4, -14, 14, -2, 6, -2, 2, 10
20,20:-4, -14, 14, -2, 8, -24, 6, -4
17,17:-4, -14, 14, -2, 8, -16, -26, -24
17,17:-4, -14, 14, -2, 8, -16, -26, -22
17,17:-4, -14, 14, -2, 8, -16, -26, -20
22,0:-4, -14, 14, -2, 8, -16, -26, -2
22,0:-4, -14, 14, -2, 8, -16, -26, 0
22,0:-4, -14, 14, -2, 8, -16, -26, 2
22,0:-4, -14, 14, -2, 8, -16, -2, -26
18,19:-4, -14, 14, -2, 8, -16, 6, -22
18,19:-4, -14, 14, -2, 8, -16, 6, -20
18,19:-4, -14, 14, -2, 8, -16, 6, -18
20,-1:-4, -14, 14, -2, 8, -16, 6, 0
20,-1:-4, -14, 14, -2, 8, -16, 6, 2
20,-1:-4, -14, 14, -2, 8, -16, 6, 4
20,20:-4, -14, 14, -2, 8, 6, -4, -24
20,20:-4, -14, 14, -2, 8, 6, -4, -22
20,20:-4, -14, 14, -2, 8, 6, -4, -20
19,-3:-4, -14, 14, -2, 8, 6, -4, -2
19,-3:-4, -14, 14, -2, 8, 6, -4, 0
19,-3:-4, -14, 14, -2, 8, 6, -4, 2
0,4:-4, -12, -14, -4, -2, 6, 4, -4
0,4:-4, -12, -14, -4, -2, 6, 4, -2
0,4:-4, -12, -14, -4, -2, 6, 4, 0
8,5:-4, -12, -14, -4, -2, 6, 4, 4
8,5:-4, -12, -14, -4, -2, 6, 4, 6
7,20:-4, -12, -14, -4, 2, 6, -12, 10
7,20:-4, -12, -14, -4, 2, 6, -12, 12
0,4:-4, -12, -14, -4, 2, 6, 4, -10
0,4:-4, -12, -14, -4, 2, 6, 4, 0
11,10:-4, -12, -14, 4, -6, -10, -6, 4
11,17:-4, -12, -14, 4, 4, 4, 14, -18
11,17:-4, -12, -14, 4, 4, 4, 14, -16
11,17:-4, -12, -14, 4, 4, 4, 14, -14
13,-3:-4, -12, -14, 4, 4, 4, 14, 4
13,-3:-4, -12, -14, 4, 4, 4, 14, 6
13,-3:-4, -12, -14, 4, 4, 4, 14, 8
-1,-1:-4, -12, -14, 4, 6, 6, 6, -4
-1,-1:-4, -12, -14, 4, 6, 6, 6, -2
-1,-1:-4, -12, -14, 4, 6, 6, 6, 0
0,0:-4, -12, -8, -18, -20, -4, -4, 2
0,0:-4, -12, -8, -18, -20, -4, -4, 4
0,0:-4, -12, -8, -18, -20, -4, -4, 6
-2,-1:-4, -12, -8, -18, -20, -4, -2, 0
-2,-1:-4, -12, -8, -18, -20, -4, -2, 2
-2,-1:-4, -12, -8, -18, -20, -4, -2, 4
0,0:-4, -12, -8, -18, -20, -4, 2, -4
-2,-1:-4, -12, -8, -18, -20, 8, 12, 0
-2,-1:-4, -12, -8, -18, -20, 8, 12, 2
-2,-1:-4, -12, -8, -18, -20, 8, 12, 4
2,5:-4, -12, -8, -18, -14, -18, -26, -8
2,5:-4, -12, -8, -18, -14, -18, -8, -26
2,5:-4, -12, -8, -18, -14, -18, -8, -16
2,5:-4, -12, -8, -18, -14, -4, -26, -20
2,5:-4, -12, -8, -18, -14, -4, -26, -18
2,5:-4, -12, -8, -18, -14, -4, -26, -16
16,-3:-4, -12, -8, -18, -14, -4, -26, 2
16,-3:-4, -12, -8, -18, -14, -4, -26, 4
16,-3:-4, -12, -8, -18, -14, -4, -26, 6
16,-3:-4, -12, -8, -18, -14, -4, 2, -26
0,0:-4, -12, -8, -18, -4, -4, 2, -20
0,0:-4, -12, -8, -18, -4, -4, 2, -10
5,-10:-4, -12, -8, -14, -22, 2, 4, -10
-5,0:-4, -12, -8, -14, -20, -22, 2, 6
11,5:-4, -12, -8, -14, -10, -6, -10, -14
5,8:-4, -12, -8, -14, -10, -2, -14, 8
5,8:-4, -12, -8, -14, -10, -2, 8, -14
17,2:-4, -12, -8, -14, -4, -6, -20, -10
19,-1:-4, -12, -8, -14, 0, -24, -8, -8
14,4:-4, -12, -8, -14, 0, -14, -16, -14
18,-4:-4, -12, -8, -14, 0, -14, -12, -16
16,10:-4, -12, -8, -14, 0, -14, -10, -12
11,-6:-4, -12, -8, -14, 2, 4, -14, -10
5,-10:-4, -12, -8, -14, 2, 4, -10, -22
5,-10:-4, -12, -8, -14, 2, 4, -10, -20
5,-10:-4, -12, -8, -14, 2, 4, -10, -18
10,1:-4, -12, -8, -4, -4, -2, -4, -10
13,5:-4, -12, -8, -2, -14, -8, -20, -6
2,-8:-4, -12, -8, -2, -14, -8, -18, -8
13,5:-4, -12, -8, -2, -14, -8, -6, -20
13,5:-4, -12, -8, -2, -14, -8, -6, -18
-1,2:-4, -12, -4, -8, -16, -16, -26, -20
-1,2:-4, -12, -4, -8, -16, -16, -26, -18
-1,2:-4, -12, -4, -8, -16, -16, -26, -16
19,0:-4, -12, -4, -8, -16, -16, -26, 2
19,0:-4, -12, -4, -8, -16, -16, -26, 4
19,0:-4, -12, -4, -8, -16, -16, -26, 6
6,-8:-4, -12, -4, -8, -6, -14, 4, -8
-1,-1:-4, -12, -4, -8, -6, 2, -6, -2
11,8:-4, -12, -4, -8, -6, 4, -28, 2
10,6:-4, -12, -4, -8, -6, 4, -20, -26
10,6:-4, -12, -4, -8, -6, 4, -20, -24
10,6:-4, -12, -4, -8, -6, 4, -20, -22
13,-12:-4, -12, -4, -8, -6, 4, -20, -6
13,-12:-4, -12, -4, -8, -6, 4, -20, -4
13,-12:-4, -12, -4, -8, -6, 4, -20, -2
13,-12:-4, -12, -4, -8, -6, 4, -6, -20
11,8:-4, -12, -4, -8, -6, 4, 2, -28
11,8:-4, -12, -4, -8, -6, 4, 2, -26
11,8:-4, -12, -4, -8, -6, 4, 2, -24
12,-14:-4, -12, -4, -8, -6, 4, 2, -4
12,-14:-4, -12, -4, -8, -6, 4, 2, -2
12,-14:-4, -12, -4, -8, -6, 4, 2, 0
14,3:-4, -12, -4, -4, -10, -16, -4, 2
14,3:-4, -12, -4, -4, -10, -16, -2, 0
14,3:-4, -12, -4, -4, -10, -4, 2, -16
11,6:-4, -12, -4, -4, 0, -10, 0, 2
11,6:-4, -12, -4, -4, 0, -10, 2, 0
8,3:-4, -12, -4, -4, 0, 6, 6, 10
10,6:-4, -12, -4, -2, -8, 6, 6, 10
15,-3:-4, -12, -4, -2, 2, 12, 2, 2
10,6:-4, -12, -4, -2, 6, 6, 10, -8
18,-6:-4, -12, -4, 2, -6, 6, -4, 2
3,0:-4, -12, -4, 2, 2, -12, -6, 8
3,0:-4, -12, -4, 2, 2, -12, -6, 16
3,0:-4, -12, -4, 2, 2, -12, 8, -6
3,0:-4, -12, -4, 2, 2, -12, 8, -4
7,20:-4, -12, -4, 2, 2, -12, 10, -8
7,20:-4, -12, -4, 2, 2, -12, 10, 0
16,14:-4, -12, -4, 2, 2, -6, 6, -26
16,14:-4, -12, -4, 2, 2, -6, 6, -24
16,14:-4, -12, -4, 2, 2, -6, 6, -22
18,-6:-4, -12, -4, 2, 2, -6, 6, -4
18,-6:-4, -12, -4, 2, 2, -6, 6, -2
18,-6:-4, -12, -4, 2, 2, -6, 6, 0
0,-8:-4, -12, 4, -6, -14, -8, -20, -18
0,-8:-4, -12, 4, -6, -14, -8, -20, -16
0,-8:-4, -12, 4, -6, -14, -8, -20, -14
7,-8:-4, -12, 4, -6, -14, -8, -20, -10
6,-10:-4, -12, 4, -6, -14, -8, -20, -8
6,-10:-4, -12, 4, -6, -14, -8, -20, -6
1,-6:-4, -12, 4, -6, -14, -8, -16, -2
1,-6:-4, -12, 4, -6, -14, -8, -2, -16
1,-6:-4, -12, 4, -6, -14, -8, -2, -14
4,-11:-4, -12, 4, -6, -14, -8, -2, -8
4,-11:-4, -12, 4, -6, -14, -8, -2, -6
4,-11:-4, -12, 4, -6, -14, -8, -2, -4
10,-3:-4, -12, 4, -6, -14, -6, -10, 2
7,-3:-4, -12, 4, -6, -14, 2, 6, 10
7,8:-4, -12, 4, -6, -14, 6, 10, -12
7,8:-4, -12, 4, -6, -14, 6, 10, -10
7,8:-4, -12, 4, -6, -14, 6, 10, -8
7,-3:-4, -12, 4, -6, -14, 6, 10, 0
7,-3:-4, -12, 4, -6, -14, 6, 10, 2
7,-3:-4, -12, 4, -6, -14, 6, 10, 4
7,6:-4, -12, 4, -6, -8, -16, 4, 8
5,-10:-4, -12, 4, -6, -8, -2, 0, -2
-4,0:-4, -12, 4, -6, 0, -16, -4, -4
13,1:-4, -12, 4, -6, 0, -2, -2, -26
3,-1:-4, -12, 4, -6, 2, -6, 2, -8
8,-1:-4, -12, 4, -6, 2, 6, 10, -4
13,1:-4, -12, 4, -6, 6, -10, 10, 2
4,7:-4, -12, 4, 4, -8, -18, -20, -2
4,7:-4, -12, 4, 4, -8, -18, -2, -20
4,7:-4, -12, 4, 4, -8, -18, -2, -10
8,6:-4, -12, 4, 4, -6, -8, -20, -16
8,6:-4, -12, 4, 4, -6, -8, -20, -14
8,6:-4, -12, 4, 4, -6, 6, 6, 10
8,6:-4, -12, 4, 4, 6, 6, 10, -6
-3,4:-4, -12, 4, 6, -8, -18, 10, -20
-3,4:-4, -12, 4, 6, -8, -18, 10, -10
19,9:-4, -12, 4, 6, -8, 10, -10, -18
19,9:-4, -12, 4, 6, -8, 10, -10, -16
6,-10:-4, -12, 4, 6, -8, 10, -10, -12
6,-10:-4, -12, 4, 6, -8, 10, -10, -10
6,-10:-4, -12, 4, 6, -8, 10, -10, -8
-1,-1:-4, -12, 4, 6, 4, -2, -12, -22
-1,-1:-4, -12, 4, 6, 4, -2, -12, -18
-1,-1:-4, -12, 4, 6, 4, -2, -10, -14
-1,-1:-4, -12, 4, 6, 4, -2, -10, -10
-1,-1:-4, -12, 4, 6, 4, -2, -4, -12
-1,-1:-4, -12, 4, 6, 4, -2, -4, -10
-1,-1:-4, -12, 4, 6, 4, -2, -4, -8
-1,-1:-4, -12, 4, 6, 4, -2, -4, -4
5,-5:-4, -12, 4, 6, 4, -2, -4, 0
5,-5:-4, -12, 4, 6, 4, -2, -4, 2
0,1:-4, -12, 4, 6, 4, -2, 6, -14
0,1:-4, -12, 4, 6, 4, -2, 6, -6
8,3:-4, -12, 4, 6, 10, -14, -10, 0
8,3:-4, -12, 4, 6, 10, -10, 0, -14
-8,9:-4, -6, -14, -2, -2, -2, -12, -6
-8,9:-4, -6, -14, -2, -2, -2, -12, -4
-8,9:-4, -6, -14, -2, -2, -2, -12, -2
12,7:-4, -6, -14, -2, -2, -2, -12, 16
12,7:-4, -6, -14, -2, -2, -2, -12, 18
12,7:-4, -6, -14, -2, -2, -2, -12, 20
4,7:-4, -6, -14, -2, -2, 8, -2, 8
-1,-1:-4, -6, -14, -2, 8, 0, 18, 6
-8,6:-4, -6, -14, -2, 8, 16, 8, 12
4,15:-4, -6, -14, -2, 8, 18, -14, 16
3,13:-4, -6, -14, -2, 8, 18, -6, -12
3,13:-4, -6, -14, -2, 8, 18, -6, -10
3,13:-4, -6, -14, -2, 8, 18, -6, -8
6,-5:-4, -6, -14, -2, 8, 18, -6, 8
6,-5:-4, -6, -14, -2, 8, 18, -6, 10
6,-5:-4, -6, -14, -2, 8, 18, -6, 12
6,-5:-4, -6, -14, -2, 8, 18, 8, -6
4,15:-4, -6, -14, -2, 8, 18, 16, -14
4,15:-4, -6, -14, -2, 8, 18, 16, -12
4,15:-4, -6, -14, -2, 8, 18, 16, -10
5,-7:-4, -6, -14, -2, 8, 18, 16, 10
5,-7:-4, -6, -14, -2, 8, 18, 16, 12
5,-7:-4, -6, -14, -2, 8, 18, 16, 14
7,10:-4, -6, -14, 6, -2, -22, -16, -2
7,10:-4, -6, -14, 6, -2, -22, -2, -16
7,10:-4, -6, -14, 6, -2, -22, -2, -6
-11,14:-4, -6, -14, 6, 0, 8, -4, 2
-11,14:-4, -6, -14, 6, 0, 8, -4, 4
-11,14:-4, -6, -14, 6, 0, 8, -4, 6
9,12:-4, -6, -14, 6, 0, 8, -4, 24
9,12:-4, -6, -14, 6, 0, 8, -4, 26
9,12:-4, -6, -14, 6, 0, 8, -4, 28
-5,-1:-4, -6, -14, 6, 0, 14, -14, 6
-5,-1:-4, -6, -14, 6, 0, 14, -14, 8
15,3:-4, -6, -14, 6, 0, 14, -10, 2
15,3:-4, -6, -14, 6, 0, 14, -10, 10
-5,-1:-4, -6, -14, 6, 0, 14, 6, -14
-5,-1:-4, -6, -14, 6, 0, 14, 6, -6
-8,11:-4, -6, -14, 6, 4, 0, -10, -4
-8,11:-4, -6, -14, 6, 4, 0, -10, -2
-8,11:-4, -6, -14, 6, 4, 0, -10, 0
12,9:-4, -6, -14, 6, 4, 0, -10, 18
12,9:-4, -6, -14, 6, 4, 0, -10, 20
12,9:-4, -6, -14, 6, 4, 0, -10, 22
4,9:-4, -6, -14, 6, 4, 10, 0, 10
0,-3:-4, -6, -14, 6, 6, 12, -4, 16
0,-3:-4, -6, -14, 6, 6, 12, -4, 20
-2,10:-4, -6, -14, 6, 6, 12, 6, 18
0,-3:-4, -6, -14, 6, 6, 12, 16, -4
-2,10:-4, -6, -14, 6, 6, 12, 18, 6
2,24:-4, -6, -14, 6, 12, -4, -4, -2
2,24:-4, -6, -14, 6, 12, -4, -4, 0
2,24:-4, -6, -14, 6, 12, -4, -4, 2
5,5:-4, -6, -14, 6, 12, -4, -4, 20
5,5:-4, -6, -14, 6, 12, -4, -4, 22
5,5:-4, -6, -14, 6, 12, -4, -4, 24
5,5:-4, -6, -14, 6, 12, -4, 20, -4
3,26:-4, -6, -14, 6, 12, -4, 28, 0
3,26:-4, -6, -14, 6, 12, -4, 28, 2
3,26:-4, -6, -14, 6, 12, -4, 28, 4
3,4:-4, -6, -14, 6, 12, -4, 28, 22
3,4:-4, -6, -14, 6, 12, -4, 28, 24
3,4:-4, -6, -14, 6, 12, -4, 28, 26
5,27:-4, -6, -14, 6, 12, -2, 28, 18
5,27:-4, -6, -14, 6, 12, 28, 18, -2
5,27:-4, -6, -14, 6, 12, 28, 18, 2
0,1:-4, -6, -8, -20, -20, -28, -26, -24
0,1:-4, -6, -8, -20, -20, -28, -26, -22
0,1:-4, -6, -8, -20, -20, -28, -26, -20
22,0:-4, -6, -8, -20, -20, -28, -26, 0
22,0:-4, -6, -8, -20, -20, -28, -26, 2
22,0:-4, -6, -8, -20, -20, -28, -26, 4
2,2:-4, -6, -8, -20, -20, -28, -4, -22
2,2:-4, -6, -8, -20, -20, -28, -4, -20
2,2:-4, -6, -8, -20, -20, -28, -4, -18
20,-1:-4, -6, -8, -20, -20, -28, -4, -2
20,-1:-4, -6, -8, -20, -20, -28, -4, 0
20,-1:-4, -6, -8, -20, -20, -28, -4, 2
13,-12:-4, -6, -8, -20, -20, -26, -18, -22
6,-5:-4, -6, -8, -20, -20, -20, -28, -16
31,4:-4, -6, -8, -18, -20, -10, -16, -6
31,4:-4, -6, -8, -18, -20, -10, -16, -2
6,1:-4, -6, -8, -18, -20, -10, -10, -12
6,1:-4, -6, -8, -18, -20, -10, -10, -10
11,0:-4, -6, -8, -18, -20, -10, -10, -6
13,3:-4, -6, -8, -18, -20, -10, -8, -14
11,3:-4, -6, -8, -18, -20, -2, -2, -12
11,0:-4, -6, -8, -18, -10, -10, -6, -20
13,3:-4, -6, -8, -18, -10, -8, -14, -20
-4,-1:-4, -6, -8, -18, -4, -14, -26, -20
-4,-1:-4, -6, -8, -18, -4, -14, -26, -18
-4,-1:-4, -6, -8, -18, -4, -14, -26, -16
16,-3:-4, -6, -8, -18, -4, -14, -26, 2
16,-3:-4, -6, -8, -18, -4, -14, -26, 4
16,-3:-4, -6, -8, -18, -4, -14, -26, 6
2,-16:-4, -6, -8, -18, -4, -8, -36, -16
2,-16:-4, -6, -8, -18, -4, -8, -36, -14
22,-12:-4, -6, -8, -18, -4, -8, -32, -20
22,-12:-4, -6, -8, -18, -4, -8, -32, -12
22,-12:-4, -6, -8, -18, -4, -8, -20, -32
22,-12:-4, -6, -8, -18, -4, -8, -20, -30
2,-16:-4, -6, -8, -18, -4, -8, -16, -36
2,-16:-4, -6, -8, -18, -4, -8, -16, -28
11,3:-4, -6, -8, -18, -2, -2, -12, -20
7,-19:-4, -6, -8, -16, -26, -8, -20, -6
7,-19:-4, -6, -8, -16, -26, -8, -20, 4
7,-19:-4, -6, -8, -16, -26, -8, -6, -20
0,-12:-4, -6, -8, -16, -10, -18, -14, -6
0,-12:-4, -6, -8, -16, -10, -18, -14, 4
0,-12:-4, -6, -8, -16, -10, -18, -6, -14
12,-3:-4, -6, -8, -16, -6, -8, -40, -10
11,-5:-4, -6, -8, -16, -6, -8, -32, -38
11,-5:-4, -6, -8, -16, -6, -8, -32, -36
11,-5:-4, -6, -8, -16, -6, -8, -32, -34
14,-23:-4, -6, -8, -16, -6, -8, -32, -18
14,-23:-4, -6, -8, -16, -6, -8, -32, -16
14,-23:-4, -6, -8, -16, -6, -8, -32, -14
14,-23:-4, -6, -8, -16, -6, -8, -18, -32
12,-3:-4, -6, -8, -16, -6, -8, -10, -40
12,-3:-4, -6, -8, -16, -6, -8, -10, -38
12,-3:-4, -6, -8, -16, -6, -8, -10, -36
13,-25:-4, -6, -8, -16, -6, -8, -10, -16
13,-25:-4, -6, -8, -16, -6, -8, -10, -14
13,-25:-4, -6, -8, -16, -6, -8, -10, -12
9,4:-4, -6, -8, -10, -20, -14, -10, 0
10,9:-4, -6, -8, -10, -20, -10, -18, -22
10,9:-4, -6, -8, -10, -20, -10, -18, -20
10,9:-4, -6, -8, -10, -20, -10, -18, -18
18,-2:-4, -6, -8, -10, -20, -10, -18, -2
18,-2:-4, -6, -8, -10, -20, -10, -18, 0
18,-2:-4, -6, -8, -10, -20, -10, -18, 2
12,10:-4, -6, -8, -10, -20, -10, -8, -6
12,10:-4, -6, -8, -10, -20, -10, -6, -8
18,-2:-4, -6, -8, -10, -20, -10, -2, -18
10,5:-4, -6, -8, -10, -20, -2, 4, 0
9,4:-4, -6, -8, -10, -14, -10, 0, -20
18,-2:-4, -6, -8, -10, -10, -18, -2, -10
12,10:-4, -6, -8, -10, -10, -8, -6, -20
12,10:-4, -6, -8, -10, -10, -8, -6, -10
3,-1:-4, -6, -8, -10, -2, -8, -2, -14
10,5:-4, -6, -8, -10, -2, 4, 0, -20
5,-23:-4, -6, -8, -4, -14, -2, -42, -28
5,-23:-4, -6, -8, -4, -14, -2, -42, -18
5,-23:-4, -6, -8, -4, -14, -2, -28, -42
5,-23:-4, -6, -8, -4, -14, -2, -28, -40
7,-8:-4, -6, -8, -2, -20, -20, -20, -10
13,2:-4, -6, -8, -2, -12, -20, -16, -6
13,2:-4, -6, -8, -2, -12, -16, -6, -20
9,-3:-4, -6, -8, -2, -2, -16, -24, -16
-6,3:-4, -6, 0, -8, -20, -18, -8, -14
-6,3:-4, -6, 0, -8, -20, -18, -8, -12
-6,3:-4, -6, 0, -8, -20, -18, -8, -10
17,4:-4, -6, 0, -8, -20, -18, -8, 8
17,4:-4, -6, 0, -8, -20, -18, -8, 10
17,4:-4, -6, 0, -8, -20, -18, -8, 12
-4,4:-4, -6, 0, -8, -20, -18, 4, -16
-4,4:-4, -6, 0, -8, -20, -18, 4, -14
-4,4:-4, -6, 0, -8, -20, -18, 4, -12
16,2:-4, -6, 0, -8, -20, -18, 4, 6
16,2:-4, -6, 0, -8, -20, -18, 4, 8
16,2:-4, -6, 0, -8, -20, -18, 4, 10
17,4:-4, -6, 0, -8, -20, -18, 8, -8
-3,6:-4, -6, 0, -8, -20, -14, 4, 14
-3,6:-4, -6, 0, -8, -20, 4, 14, -14
-3,6:-4, -6, 0, -8, -20, 4, 14, -12
-3,6:-4, -6, 0, -8, -20, 4, 14, -10
14,1:-4, -6, 0, -8, -20, 4, 14, 8
14,1:-4, -6, 0, -8, -20, 4, 14, 10
14,1:-4, -6, 0, -8, -20, 4, 14, 12
9,-9:-4, -6, 0, -8, -18, -10, -14, -22
2,-2:-4, -6, 0, -8, -12, -20, -8, -8
2,0:-4, -6, 0, -8, -12, -20, 0, -2
-12,-2:-4, -6, 0, -8, -12, 0, -8, -20
-12,-2:-4, -6, 0, -8, -12, 0, -8, -12
2,0:-4, -6, 0, -8, -12, 0, -2, -20
2,0:-4, -6, 0, -8, -12, 0, -2, -10
12,-6:-4, -6, 0, -8, -2, -16, -4, -10
3,-9:-4, -6, 0, -2, -30, -10, -6, -16
8,-2:-4, -6, 0, -2, -30, -4, -6, -14
2,2:-4, -6, 0, -2, -30, -4, 2, -8
7,-2:-4, -6, 0, -2, -30, -4, 6, -4
23,-5:-4, -6, 0, -2, -26, -22, -32, -14
23,-5:-4, -6, 0, -2, -26, -22, -32, -6
23,-5:-4, -6, 0, -2, -26, -22, -14, -32
0,-12:-4, -6, 0, -2, -26, -22, -10, -28
0,-12:-4, -6, 0, -2, -26, -22, -10, -26
0,-12:-4, -6, 0, -2, -26, -22, -10, -24
21,-6:-4, -6, 0, -2, -26, -22, -10, -14
21,-6:-4, -6, 0, -2, -26, -22, -10, -12
21,-6:-4, -6, 0, -2, -26, -22, -10, -10
1,-10:-4, -6, 0, -2, -26, -10, -6, -30
1,-10:-4, -6, 0, -2, -26, -10, -6, -28
1,-10:-4, -6, 0, -2, -26, -10, -6, -26
20,-8:-4, -6, 0, -2, -26, -10, -6, -12
20,-8:-4, -6, 0, -2, -26, -10, -6, -10
20,-8:-4, -6, 0, -2, -26, -10, -6, -8
28,2:-4, -6, 0, -2, -14, -20, -22, -30
22,6:-4, -6, 0, -2, -14, -20, -14, -24
27,2:-4, -6, 0, -2, -14, -20, -10, -20
3,-9:-4, -6, 0, -2, -10, -6, -16, -30
3,-9:-4, -6, 0, -2, -10, -6, -16, -22
4,5:-4, -6, 6, -8, -18, -20, 0, 2
7,2:-4, -6, 6, -8, -18, -20, 0, 4
7,2:-4, -6, 6, -8, -18, -20, 4, 0
6,0:-4, -6, 6, -8, -18, -20, 6, 6
6,0:-4, -6, 6, -8, -18, -20, 6, 8
-3,4:-4, -6, 6, -8, -18, -20, 10, -8
-3,4:-4, -6, 6, -8, -18, -20, 10, -6
-3,4:-4, -6, 6, -8, -18, -20, 10, -4
6,0:-4, -6, 6, -8, -18, -20, 10, 6
6,0:-4, -6, 6, -8, -18, -20, 10, 8
6,0:-4, -6, 6, -8, -18, -20, 10, 10
15,-1:-4, -6, 6, -8, -18, -10, -4, 2
4,5:-4, -6, 6, -8, -18, 0, 2, -20
4,5:-4, -6, 6, -8, -18, 0, 2, -10
7,2:-4, -6, 6, -8, -18, 0, 4, -20
1,-6:-4, -6, 6, -8, -12, -24, -20, 4
1,-6:-4, -6, 6, -8, -12, -24, 4, -20
13,-10:-4, -6, 6, -8, -12, -16, -4, 2
13,-10:-4, -6, 6, -8, -12, -16, 4, -4
0,5:-4, -6, 6, -8, -12, -14, 6, 10
-1,5:-4, -6, 6, -8, -12, -14, 10, 2
10,-15:-4, -6, 6, -8, -12, 6, -4, -20
0,5:-4, -6, 6, -8, -12, 6, 10, -14
-1,5:-4, -6, 6, -8, -12, 10, 2, -14
11,2:-4, -6, 6, -8, -10, -20, -4, 4
10,0:-4, -6, 6, -8, -10, -20, 0, 2
11,2:-4, -6, 6, -8, -10, -20, 4, -4
10,0:-4, -6, 6, -8, -10, -20, 6, 0
10,0:-4, -6, 6, -8, -10, -20, 6, 6
10,0:-4, -6, 6, -8, -10, -20, 6, 8
-3,4:-4, -6, 6, -8, -10, -20, 10, -12
-3,4:-4, -6, 6, -8, -10, -20, 10, -10
-3,4:-4, -6, 6, -8, -10, -20, 10, -8
10,0:-4, -6, 6, -8, -10, -20, 10, 6
10,0:-4, -6, 6, -8, -10, -20, 10, 8
10,0:-4, -6, 6, -8, -10, -20, 10, 10
12,-8:-4, -6, 6, -8, -8, -16, -24, 4
10,-9:-4, -6, 6, -8, -8, -16, 0, -6
10,-9:-4, -6, 6, -8, -8, -16, 0, 2
12,-8:-4, -6, 6, -8, -8, -16, 4, -24
10,-9:-4, -6, 6, -8, -8, -16, 6, 0
10,-9:-4, -6, 6, -8, -8, -16, 6, 6
10,-9:-4, -6, 6, -8, -8, -16, 6, 8
-3,4:-4, -6, 6, -8, -8, -16, 10, -20
-3,4:-4, -6, 6, -8, -8, -16, 10, -18
-3,4:-4, -6, 6, -8, -8, -16, 10, -16
10,-9:-4, -6, 6, -8, -8, -16, 10, 6
10,-9:-4, -6, 6, -8, -8, -16, 10, 8
10,-9:-4, -6, 6, -8, -8, -16, 10, 10
4,0:-4, -6, 6, -8, -8, 0, -4, -8
4,0:-4, -6, 6, -8, -8, 0, -4, -6
0,5:-4, -6, 6, -8, -8, 6, 10, -18
0,5:-4, -6, 6, -8, -8, 6, 10, -12
-1,5:-4, -6, 6, -8, -8, 10, 2, -18
-1,5:-4, -6, 6, -8, -8, 10, 2, -12
-22,9:-4, -6, 6, -2, -14, 12, 2, 8
-22,9:-4, -6, 6, -2, -14, 12, 2, 10
-22,9:-4, -6, 6, -2, -14, 12, 2, 12
-2,7:-4, -6, 6, -2, -14, 12, 2, 30
-2,7:-4, -6, 6, -2, -14, 12, 2, 32
-2,7:-4, -6, 6, -2, -14, 12, 2, 34
-10,7:-4, -6, 6, -2, -14, 22, 12, 22
-14,2:-4, -6, 6, -2, -10, -12, -12, -10
-14,2:-4, -6, 6, -2, -10, -12, -12, -8
-14,2:-4, -6, 6, -2, -10, -12, -12, -6
7,-1:-4, -6, 6, -2, -10, -12, -12, 14
7,-1:-4, -6, 6, -2, -10, -12, -12, 16
7,-1:-4, -6, 6, -2, -10, -12, -12, 18
7,-1:-4, -6, 6, -2, -10, -12, 14, -12
-13,4:-4, -6, 6, -2, -10, -12, 22, -8
-13,4:-4, -6, 6, -2, -10, -12, 22, -6
-13,4:-4, -6, 6, -2, -10, -12, 22, -4
5,-2:-4, -6, 6, -2, -10, -12, 22, 16
5,-2:-4, -6, 6, -2, -10, -12, 22, 18
5,-2:-4, -6, 6, -2, -10, -12, 22, 20
-14,2:-4, -6, 6, -2, -10, -4, -10, -8
-14,2:-4, -6, 6, -2, -10, -4, -10, 2
-14,2:-4, -6, 6, -2, -10, -4, -6, -8
-14,2:-4, -6, 6, -2, -10, -4, -6, -6
-14,2:-4, -6, 6, -2, -10, -4, -6, -4
7,1:-4, -6, 6, -2, -10, -4, -6, 14
7,1:-4, -6, 6, -2, -10, -4, -6, 16
7,1:-4, -6, 6, -2, -10, -4, -6, 18
-14,2:-4, -6, 6, -2, -10, -4, -4, -12
7,1:-4, -6, 6, -2, -10, -4, 14, -6
-11,5:-4, -6, 6, -2, -10, 22, 12, -14
-11,5:-4, -6, 6, -2, -10, 22, 12, -10
-11,5:-4, -6, 6, -2, -4, 22, 12, -14
-11,5:-4, -6, 6, -2, -4, 22, 12, -8
-11,5:-4, -6, 6, -2, -4, 22, 12, -4
14,-2:-4, -6, 6, -2, 14, -12, -20, -20
14,0:-4, -6, 6, -2, 14, -12, -12, -14
-10,7:-4, -6, 6, -2, 22, 12, 22, -14
-10,7:-4, -6, 6, -2, 22, 12, 22, -6
-1,-1:-4, -6, 6, 0, -8, -12, -20, -2
-1,-1:-4, -6, 6, 0, -8, -12, -2, -20
-1,-1:-4, -6, 6, 0, -8, -12, -2, -10
-3,-2:-4, -6, 6, 0, -8, 8, 4, 4
4,7:-4, -6, 6, 0, -8, 10, -2, -18
4,7:-4, -6, 6, 0, -8, 10, -2, -8
0,-12:-4, -6, 6, 0, -2, -30, -10, 2
0,-12:-4, -6, 6, 0, -2, -30, -10, 12
20,-8:-4, -6, 6, 0, -2, -26, -14, 2
20,-8:-4, -6, 6, 0, -2, -26, -14, 12
-11,14:-4, -6, 6, 0, 8, -4, 2, -14
-11,14:-4, -6, 6, 0, 8, -4, 2, -4
9,12:-4, -6, 6, 0, 8, -4, 24, -14
9,12:-4, -6, 6, 0, 8, -4, 24, -4
1,-4:-4, -6, 6, 0, 8, 4, -4, 6
1,-4:-4, -6, 6, 0, 8, 4, -4, 10
1,-4:-4, -6, 6, 0, 8, 4, 10, -4
-5,-1:-4, -6, 6, 0, 14, -14, 6, -14
-5,-1:-4, -6, 6, 0, 14, -14, 6, -4
16,5:-4, -6, 6, 0, 14, -10, -6, 0
16,5:-4, -6, 6, 0, 14, -10, 0, -6
15,3:-4, -6, 6, 0, 14, -10, 2, -4
21,12:-4, -6, 6, 0, 14, 0, -4, -6
21,11:-4, -6, 6, 0, 14, 0, -4, 6
0,4:-4, -6, 6, 4, -8, -12, -20, -10
0,4:-4, -6, 6, 4, -8, -12, -20, -6
0,4:-4, -6, 6, 4, -8, -12, -6, -20
0,4:-4, -6, 6, 4, -8, -12, -6, -10
1,6:-4, -6, 6, 4, -8, -12, 10, -4
12,-10:-4, -6, 6, 4, -8, -4, -16, -14
0,4:-4, -6, 6, 4, -8, -4, -4, -18
0,4:-4, -6, 6, 4, -8, -4, -4, -8
0,4:-4, -6, 6, 4, -2, -30, -10, -14
0,4:-4, -6, 6, 4, -2, -30, -10, -12
0,4:-4, -6, 6, 4, -2, -30, -10, -10
0,-12:-4, -6, 6, 4, -2, -30, -10, 2
0,-12:-4, -6, 6, 4, -2, -30, -10, 4
0,-12:-4, -6, 6, 4, -2, -30, -10, 6
1,6:-4, -6, 6, 4, -2, -30, 10, -14
1,6:-4, -6, 6, 4, -2, -30, 10, -6
0,4:-4, -6, 6, 4, -2, -26, -14, -30
0,4:-4, -6, 6, 4, -2, -26, -14, -28
0,4:-4, -6, 6, 4, -2, -26, -14, -26
20,-8:-4, -6, 6, 4, -2, -26, -14, 2
20,-8:-4, -6, 6, 4, -2, -26, -14, 4
20,-8:-4, -6, 6, 4, -2, -26, -14, 6
1,6:-4, -6, 6, 4, -2, -14, 10, -30
1,6:-4, -6, 6, 4, -2, -14, 10, -22
4,9:-4, -6, 6, 4, 10, 0, 10, -14
4,9:-4, -6, 6, 4, 10, 0, 10, -4
-2,4:-4, -6, 6, 6, 2, -8, -12, -4
1,2:-4, -6, 6, 6, 2, -8, 12, -16
-2,4:-4, -6, 6, 6, 2, -2, -30, -14
-2,4:-4, -6, 6, 6, 2, -2, -30, -6
-2,4:-4, -6, 6, 6, 2, -2, -14, -30
-2,4:-4, -6, 6, 6, 2, -2, -14, -22
1,7:-4, -6, 6, 6, 2, 12, 2, -14
1,7:-4, -6, 6, 6, 2, 12, 2, -4
-2,10:-4, -6, 6, 6, 12, 6, 18, -14
-2,10:-4, -6, 6, 6, 12, 6, 18, -4
10,3:-4, -6, 6, 10, -14, -2, -12, -2
2,9:-4, -6, 6, 10, -14, 0, 2, 12
2,3:-4, -6, 6, 10, -14, 2, 2, -4
2,9:-4, -6, 6, 10, -14, 2, 12, -2
2,9:-4, -6, 6, 10, -14, 2, 12, 0
-1,-1:-4, -6, 6, 10, -14, 2, 12, 6
-1,-1:-4, -6, 6, 10, -14, 2, 12, 8
-1,-1:-4, -6, 6, 10, -14, 2, 12, 10
-1,-1:-4, -6, 6, 10, -14, 12, 14, 6
5,20:-4, -6, 6, 10, -14, 12, 22, 20
3,4:-4, -6, 6, 10, -10, -14, -2, 6
-1,6:-4, -6, 6, 10, -10, -14, 0, -12
-1,6:-4, -6, 6, 10, -10, -14, 0, -10
-1,6:-4, -6, 6, 10, -10, -14, 0, -8
7,-3:-4, -6, 6, 10, -10, -14, 0, 6
7,-3:-4, -6, 6, 10, -10, -14, 0, 8
7,-3:-4, -6, 6, 10, -10, -14, 0, 10
-1,-1:-4, -6, 6, 10, -10, -14, 6, -12
-1,-1:-4, -6, 6, 10, -10, -14, 6, -10
-1,-1:-4, -6, 6, 10, -10, -14, 6, -8
7,-3:-4, -6, 6, 10, -10, -14, 6, 0
7,-3:-4, -6, 6, 10, -10, -14, 6, 2
1,5:-4, -6, 6, 10, -10, -2, 4, 2
1,7:-4, -6, 6, 10, -10, 0, 2, -10
1,7:-4, -6, 6, 10, -10, 0, 2, -8
1,7:-4, -6, 6, 10, -10, 0, 2, -6
5,-4:-4, -6, 6, 10, -10, 0, 2, 4
5,-4:-4, -6, 6, 10, -10, 0, 2, 6
5,-4:-4, -6, 6, 10, -10, 0, 2, 8
7,-3:-4, -6, 6, 10, -10, 0, 6, -14
2,9:-4, -6, 6, 10, -10, 2, 12, -2
0,1:-4, -6, 6, 10, -10, 6, 6, -10
0,1:-4, -6, 6, 10, -10, 6, 6, -8
5,-4:-4, -6, 6, 10, -10, 6, 6, 0
5,-4:-4, -6, 6, 10, -10, 6, 6, 2
5,-4:-4, -6, 6, 10, -10, 6, 6, 4
4,18:-4, -6, 6, 10, -10, 12, 22, -10
4,18:-4, -6, 6, 10, -10, 12, 22, -8
4,18:-4, -6, 6, 10, -10, 12, 22, -6
5,-4:-4, -6, 6, 10, -10, 12, 22, 12
5,-4:-4, -6, 6, 10, -10, 12, 22, 14
5,-4:-4, -6, 6, 10, -10, 12, 22, 16
14,-1:-4, -6, 6, 10, -6, -16, -14, 2
14,-1:-4, -6, 6, 10, -6, -16, 2, -14
-1,6:-4, -6, 6, 10, -6, -10, -4, 0
-1,0:-4, -6, 6, 10, -6, -10, -4, 6
-1,0:-4, -6, 6, 10, -6, -10, -4, 8
-1,0:-4, -6, 6, 10, -6, -10, -4, 10
-1,0:-4, -6, 6, 10, -6, -10, 6, -4
12,-1:-4, -6, 6, 10, -6, -8, -8, 2
11,-3:-4, -6, 6, 10, -6, -8, -4, 2
-1,6:-4, -6, 6, 10, -6, -8, -2, -16
-1,6:-4, -6, 6, 10, -6, -8, -2, -14
-1,6:-4, -6, 6, 10, -6, -8, -2, -12
11,-3:-4, -6, 6, 10, -6, -8, -2, 6
11,-3:-4, -6, 6, 10, -6, -8, -2, 8
11,-3:-4, -6, 6, 10, -6, -8, -2, 10
11,-3:-4, -6, 6, 10, -6, -8, 6, -2
11,-3:-4, -6, 6, 10, -6, -8, 6, 2
-1,0:-4, -6, 6, 10, -6, -4, 6, -10
-1,0:-4, -6, 6, 10, -6, -4, 6, -6
1,7:-4, -6, 6, 10, -6, -2, 2, -10
1,7:-4, -6, 6, 10, -6, -2, 2, -6
-7,0:-4, -6, 6, 10, -6, 6, 4, -14
-7,0:-4, -6, 6, 10, -6, 6, 4, -4
-1,6:-4, -6, 6, 10, -4, -6, -14, -12
-1,6:-4, -6, 6, 10, -4, -6, -14, -10
-1,6:-4, -6, 6, 10, -4, -6, -14, -8
5,-5:-4, -6, 6, 10, -4, -6, -14, 6
5,-5:-4, -6, 6, 10, -4, -6, -14, 8
5,-5:-4, -6, 6, 10, -4, -6, -14, 10
1,7:-4, -6, 6, 10, -4, -6, 2, -12
1,7:-4, -6, 6, 10, -4, -6, 2, -10
1,7:-4, -6, 6, 10, -4, -6, 2, -4
6,-3:-4, -6, 6, 10, -4, -2, -14, -4
1,8:-4, -6, 6, 10, -4, 0, 2, 12
2,9:-4, -6, 6, 10, -4, 2, 12, -10
1,7:-4, -6, 6, 10, 0, -4, 2, -20
1,7:-4, -6, 6, 10, 0, -4, 2, -10
2,9:-4, -6, 6, 10, 0, 2, 12, -14
1,7:-4, -6, 6, 10, 2, -6, -10, -2
4,3:-4, -6, 6, 10, 6, 6, -2, 2
-3,16:-4, -6, 6, 10, 12, 4, 18, 4
-12,0:-4, 2, 0, -8, -14, 4, -8, -2
-12,0:-4, 2, 0, -8, -14, 4, -8, 0
-12,0:-4, 2, 0, -8, -14, 4, -8, 2
7,7:-4, 2, 0, -8, -14, 4, -8, 10
7,7:-4, 2, 0, -8, -14, 4, -8, 12
7,7:-4, 2, 0, -8, -14, 4, -8, 14
1,-8:-4, 2, 0, -8, -14, 4, -2, -14
1,-8:-4, 2, 0, -8, -14, 4, -2, -12
1,-8:-4, 2, 0, -8, -14, 4, -2, -10
3,3:-4, 2, 0, -8, 2, -6, -2, -14
4,-17:-4, 2, 0, -8, 4, -36, -22, -16
11,-11:-4, 2, 0, -8, 4, -36, -18, -12
0,-14:-4, 2, 0, -8, 4, -36, -18, -10
3,-19:-4, 2, 0, -8, 4, -30, -22, -30
3,-19:-4, 2, 0, -8, 4, -30, -22, -26
3,-19:-4, 2, 0, -8, 4, -28, -22, -30
3,-19:-4, 2, 0, -8, 4, -24, -22, -18
3,-19:-4, 2, 0, -8, 4, -24, -22, -16
3,-19:-4, 2, 0, -8, 4, -24, -22, -14
3,-19:-4, 2, 0, -8, 4, -24, -20, -22
3,-19:-4, 2, 0, -8, 4, -24, -20, -20
3,-19:-4, 2, 0, -8, 4, -24, -20, -18
3,-19:-4, 2, 0, -8, 4, -24, -12, -28
3,-19:-4, 2, 0, -8, 4, -24, -12, -26
3,-19:-4, 2, 0, -8, 4, -24, -12, -24
11,-15:-4, 2, 0, -8, 4, -22, -22, -24
4,-17:-4, 2, 0, -8, 4, -22, -16, -36
4,-17:-4, 2, 0, -8, 4, -22, -16, -34
11,-11:-4, 2, 0, -8, 4, -18, -12, -36
11,-11:-4, 2, 0, -8, 4, -18, -12, -34
15,23:-4, 2, 2, -14, -10, 4, -6, 4
19,18:-4, 2, 2, -14, -10, 4, -2, 8
15,24:-4, 2, 2, -14, -10, 4, 6, 14
8,19:-4, 2, 2, -14, -10, 8, 6, 16
4,-1:-4, 2, 2, -14, -8, -10, 0, 6
4,-1:-4, 2, 2, -14, -8, -10, 0, 14
4,-1:-4, 2, 2, -14, -8, -10, 6, 0
5,16:-4, 2, 2, -14, -8, -10, 8, -8
5,16:-4, 2, 2, -14, -8, -10, 8, -6
5,16:-4, 2, 2, -14, -8, -10, 8, -4
3,-3:-4, 2, 2, -14, -8, -10, 8, 10
3,-3:-4, 2, 2, -14, -8, -10, 8, 12
3,-3:-4, 2, 2, -14, -8, -10, 8, 14
7,17:-4, 2, 2, -14, -8, 8, 6, -6
7,17:-4, 2, 2, -14, -8, 8, 6, -4
7,17:-4, 2, 2, -14, -8, 8, 6, -2
1,-4:-4, 2, 2, -14, -8, 8, 6, 8
1,-4:-4, 2, 2, -14, -8, 8, 6, 10
1,-4:-4, 2, 2, -14, -8, 8, 6, 12
15,-2:-4, 2, 2, -14, 6, -12, -18, -8
11,4:-4, 2, 2, -14, 6, -12, -10, -2
8,19:-4, 2, 2, -14, 8, 6, 16, -10
8,19:-4, 2, 2, -14, 8, 6, 16, -2
13,-2:-4, 2, 2, -8, -14, -16, 4, -14
7,8:-4, 2, 2, -8, -14, 0, -12, -6
11,-2:-4, 2, 2, -8, -14, 4, -8, -8
13,-2:-4, 2, 2, -8, -4, -16, -14, -6
13,-2:-4, 2, 2, -8, -4, -16, -14, 4
11,-16:-4, 2, 2, -8, -4, -16, -8, -4
11,-16:-4, 2, 2, -8, -4, -16, -8, 4
17,13:-4, 2, 2, -8, 4, -28, 2, -8
14,10:-4, 2, 2, -8, 4, -20, -30, -28
14,10:-4, 2, 2, -8, 4, -20, -30, -26
14,10:-4, 2, 2, -8, 4, -20, -30, -24
19,-7:-4, 2, 2, -8, 4, -20, -30, -6
19,-7:-4, 2, 2, -8, 4, -20, -30, -4
19,-7:-4, 2, 2, -8, 4, -20, -30, -2
19,-7:-4, 2, 2, -8, 4, -20, -6, -30
15,12:-4, 2, 2, -8, 4, -20, 2, -26
15,12:-4, 2, 2, -8, 4, -20, 2, -24
15,12:-4, 2, 2, -8, 4, -20, 2, -22
17,-8:-4, 2, 2, -8, 4, -20, 2, -4
17,-8:-4, 2, 2, -8, 4, -20, 2, -2
17,-8:-4, 2, 2, -8, 4, -20, 2, 0
17,13:-4, 2, 2, -8, 4, 2, -8, -28
17,13:-4, 2, 2, -8, 4, 2, -8, -26
17,13:-4, 2, 2, -8, 4, 2, -8, -24
16,-10:-4, 2, 2, -8, 4, 2, -8, -6
16,-10:-4, 2, 2, -8, 4, 2, -8, -4
16,-10:-4, 2, 2, -8, 4, 2, -8, -2
17,-1:-4, 2, 6, -14, -22, -6, -8, 4
17,-1:-4, 2, 6, -14, -22, -6, 4, -8
11,-6:-4, 2, 6, -14, -22, 2, 4, -20
11,-6:-4, 2, 6, -14, -22, 2, 4, -18
11,-6:-4, 2, 6, -14, -22, 2, 4, -16
13,-5:-4, 2, 6, -14, -18, -22, 2, 4
13,-5:-4, 2, 6, -14, -18, -22, 4, 2
12,2:-4, 2, 6, -14, -18, -18, -8, 4
12,2:-4, 2, 6, -14, -18, -18, 4, -8
-3,4:-4, 2, 6, -14, -18, -18, 10, 2
2,2:-4, 2, 6, -14, -18, -18, 10, 4
11,-5:-4, 2, 6, -14, -18, -8, 2, -20
12,2:-4, 2, 6, -14, -18, -8, 4, -18
12,2:-4, 2, 6, -14, -18, -8, 4, -16
11,-6:-4, 2, 6, -14, -18, -8, 4, -12
11,-6:-4, 2, 6, -14, -18, -8, 4, -10
11,-6:-4, 2, 6, -14, -18, -8, 4, -8
-3,4:-4, 2, 6, -14, -18, -6, 10, -18
-3,4:-4, 2, 6, -14, -18, -6, 10, -8
11,-6:-4, 2, 6, -14, -18, 2, 0, -6
11,-6:-4, 2, 6, -14, -18, 2, 0, 2
13,-5:-4, 2, 6, -14, -18, 2, 4, -22
11,-6:-4, 2, 6, -14, -18, 2, 6, 0
11,-6:-4, 2, 6, -14, -18, 2, 6, 6
11,-6:-4, 2, 6, -14, -18, 2, 6, 8
-3,4:-4, 2, 6, -14, -18, 2, 10, -18
-3,4:-4, 2, 6, -14, -18, 2, 10, -16
-3,4:-4, 2, 6, -14, -18, 2, 10, -14
11,-6:-4, 2, 6, -14, -18, 2, 10, 6
11,-6:-4, 2, 6, -14, -18, 2, 10, 8
11,-6:-4, 2, 6, -14, -18, 2, 10, 10
2,2:-4, 2, 6, -14, -18, 10, 4, -18
2,2:-4, 2, 6, -14, -18, 10, 4, -16
2,2:-4, 2, 6, -14, -18, 10, 4, -14
11,-6:-4, 2, 6, -14, -18, 10, 4, -2
11,-6:-4, 2, 6, -14, -18, 10, 4, 0
11,-6:-4, 2, 6, -14, -18, 10, 4, 2
11,-6:-4, 2, 6, -14, -18, 10, 12, 18
11,-6:-4, 2, 6, -14, -8, -12, 4, -10
2,2:-4, 2, 6, -14, 2, -12, -8, -6
1,6:-4, 2, 6, -14, 2, -12, -8, 4
15,-2:-4, 2, 6, -14, 2, 0, 4, -2
5,-7:-4, 2, 6, -8, -14, 4, -8, 4
-2,6:-4, 2, 6, -8, -4, -10, -14, -4
2,24:-4, 2, 6, -8, -4, -10, -14, 12
-3,15:-4, 2, 6, -8, -4, -10, 0, 0
-3,15:-4, 2, 6, -8, -4, -10, 0, 2
-3,15:-4, 2, 6, -8, -4, -10, 0, 4
7,8:-4, 2, 6, -8, -4, -10, 0, 16
7,8:-4, 2, 6, -8, -4, -10, 0, 18
7,8:-4, 2, 6, -8, -4, -10, 0, 20
8,-8:-4, 2, 6, -8, -4, 10, -4, -2
0,6:-4, 2, 6, -8, 2, -6, -2, -6
0,-4:-4, 2, 6, -8, 6, -2, -14, -2
0,-4:-4, 2, 6, -8, 6, -2, -2, -14
0,-4:-4, 2, 6, -8, 6, -2, -2, -12
0,-4:-4, 2, 6, -8, 6, -2, -2, -10
13,1:-4, 2, 6, -8, 6, -2, -2, -4
13,1:-4, 2, 6, -8, 6, -2, -2, -2
10,16:-4, 2, 6, 0, -4, -22, -22, -10
10,16:-4, 2, 6, 0, -4, -22, -10, -22
10,16:-4, 2, 6, 0, -4, -22, -10, -20
10,16:-4, 2, 6, 0, -4, -22, -10, -18
14,-7:-4, 2, 6, 0, -4, -22, -10, 4
14,-7:-4, 2, 6, 0, -4, -22, -10, 6
14,-7:-4, 2, 6, 0, -4, -22, -10, 8
14,-7:-4, 2, 6, 0, -4, -22, 4, -10
10,16:-4, 2, 6, 0, -4, -10, -16, -20
10,16:-4, 2, 6, 0, -4, -10, -16, -16
11,18:-4, 2, 6, 0, -4, -10, -12, 12
14,-7:-4, 2, 6, 0, -4, -10, 4, -22
11,18:-4, 2, 6, 0, -4, -10, 12, -12
11,18:-4, 2, 6, 0, -4, -10, 12, -10
0,0:-4, 2, 6, 0, 8, 4, -10, 6
0,0:-4, 2, 6, 0, 8, 4, -10, 10
0,0:-4, 2, 6, 0, 8, 4, 10, -10
4,10:-4, 2, 6, 0, 8, 12, 0, 16
-5,8:-4, 2, 6, 0, 8, 14, -4, 8
11,-2:-4, 2, 6, 0, 14, -16, -8, -4
16,-3:-4, 2, 6, 0, 14, -12, -18, -24
11,-1:-4, 2, 6, 0, 14, -12, -16, -4
11,-1:-4, 2, 6, 0, 14, -12, -4, -16
10,6:-4, 2, 6, 4, 0, -4, -8, -14
-2,0:-4, 2, 6, 6, 12, -8, -16, -2
-4,-1:-4, 2, 6, 6, 12, -8, -14, -10
-4,-1:-4, 2, 6, 6, 12, -8, -14, -8
-4,-1:-4, 2, 6, 6, 12, -8, -14, -6
12,3:-4, 2, 6, 6, 12, -8, -14, 2
12,3:-4, 2, 6, 6, 12, -8, -14, 4
12,3:-4, 2, 6, 6, 12, -8, -14, 6
-2,0:-4, 2, 6, 6, 12, -8, -2, -16
-2,0:-4, 2, 6, 6, 12, -8, -2, -12
12,3:-4, 2, 6, 6, 12, -8, 2, -14
2,10:-4, 4, -10, -12, -14, 4, 16, -16
2,10:-4, 4, -10, -12, -14, 4, 16, -14
2,10:-4, 4, -10, -12, -14, 4, 16, -12
4,-10:-4, 4, -10, -12, -14, 4, 16, 6
4,-10:-4, 4, -10, -12, -14, 4, 16, 8
4,-10:-4, 4, -10, -12, -14, 4, 16, 10
9,2:-4, 4, -10, -12, -12, -14, -2, 0
11,3:-4, 4, -10, -12, -12, -2, -12, 2
9,2:-4, 4, -10, -12, -12, -2, 0, -14
4,-1:-4, 4, -10, -12, 6, -14, 6, 6
4,-1:-4, 4, -10, -12, 6, -14, 6, 8
-3,4:-4, 4, -10, -12, 6, -14, 10, -6
-3,4:-4, 4, -10, -12, 6, -14, 10, -4
-1,5:-4, 4, -10, -12, 6, -14, 10, 2
4,-1:-4, 4, -10, -12, 6, -14, 10, 6
4,-1:-4, 4, -10, -12, 6, -14, 10, 8
4,-1:-4, 4, -10, -12, 6, -14, 10, 10
-1,-1:-4, 4, -10, -12, 6, -4, -14, 8
-1,-1:-4, 4, -10, -12, 6, -4, -14, 12
0,4:-4, 4, -10, -12, 6, 4, -14, -6
0,4:-4, 4, -10, -12, 6, 4, -14, -4
4,-1:-4, 4, -10, -12, 6, 4, -14, 4
4,-1:-4, 4, -10, -12, 6, 4, -14, 6
4,-1:-4, 4, -10, -12, 6, 6, 6, -14
13,-3:-4, 4, -10, -8, -16, 2, -10, -4
13,-3:-4, 4, -10, -8, -16, 2, -10, 0
13,-3:-4, 4, -10, -8, -16, 2, -4, -10
-2,1:-4, 4, -10, -8, -16, 2, -2, -12
-2,1:-4, 4, -10, -8, -16, 2, -2, -8
2,24:-4, 4, -10, -8, -6, -12, 6, 12
0,4:-4, 4, -10, -8, -6, 6, 4, -14
20,-7:-4, 4, -10, -8, 2, -22, -8, -4
20,-7:-4, 4, -10, -8, 2, -22, -8, 0
20,-7:-4, 4, -10, -8, 2, -8, -4, -22
-2,1:-4, 4, -10, -8, 2, -8, -2, -30
-2,1:-4, 4, -10, -8, 2, -8, -2, -28
-2,1:-4, 4, -10, -8, 2, -8, -2, -26
19,-9:-4, 4, -10, -8, 2, -8, -2, 2
19,-9:-4, 4, -10, -8, 2, -8, -2, 4
19,-9:-4, 4, -10, -8, 2, -8, -2, 6
6,4:-4, 4, -10, 0, -8, 0, -8, -4
18,13:-4, 4, -10, 0, -8, 2, -30, 0
17,11:-4, 4, -10, 0, -8, 2, -22, -28
17,11:-4, 4, -10, 0, -8, 2, -22, -26
17,11:-4, 4, -10, 0, -8, 2, -22, -24
20,-7:-4, 4, -10, 0, -8, 2, -22, -8
20,-7:-4, 4, -10, 0, -8, 2, -22, -6
20,-7:-4, 4, -10, 0, -8, 2, -22, -4
18,13:-4, 4, -10, 0, -8, 2, 0, -30
18,13:-4, 4, -10, 0, -8, 2, 0, -28
18,13:-4, 4, -10, 0, -8, 2, 0, -26
19,-9:-4, 4, -10, 0, -8, 2, 0, -6
19,-9:-4, 4, -10, 0, -8, 2, 0, -4
19,-9:-4, 4, -10, 0, -8, 2, 0, -2
14,7:-4, 4, -10, 2, -16, -26, -48, -48
14,7:-4, 4, -10, 2, -16, -26, -48, -44
14,7:-4, 4, -10, 2, -16, -26, -48, -38
16,8:-4, 4, -10, 2, -16, -26, -46, -12
14,7:-4, 4, -10, 2, -16, -26, -40, -38
14,7:-4, 4, -10, 2, -16, -26, -40, -34
14,7:-4, 4, -10, 2, -16, -26, -40, -30
16,8:-4, 4, -10, 2, -16, -26, -12, -46
16,8:-4, 4, -10, 2, -16, -26, -12, -38
5,-10:-4, 4, -10, 2, -16, -10, -2, -6
2,5:-4, 4, -10, 2, -16, -4, -26, -20
2,5:-4, 4, -10, 2, -16, -4, -26, -18
2,5:-4, 4, -10, 2, -16, -4, -26, -16
22,3:-4, 4, -10, 2, -16, -4, -26, 2
22,3:-4, 4, -10, 2, -16, -4, -26, 4
22,3:-4, 4, -10, 2, -16, -4, -26, 6
14,3:-4, 4, -10, 2, -6, -16, -6, -4
14,3:-4, 4, -10, 2, -6, -16, -4, -6
16,12:-4, 4, -10, 2, -6, -6, 4, -28
16,12:-4, 4, -10, 2, -6, -6, 4, -26
16,12:-4, 4, -10, 2, -6, -6, 4, -24
18,-8:-4, 4, -10, 2, -6, -6, 4, -6
18,-8:-4, 4, -10, 2, -6, -6, 4, -4
18,-8:-4, 4, -10, 2, -6, -6, 4, -2
11,0:-4, 4, -10, 6, 0, -6, -4, 2
11,0:-4, 4, -10, 6, 0, -6, -4, 12
2,14:-4, 4, -10, 6, 4, 0, 8, 8
2,16:-4, 4, -10, 6, 4, 0, 16, 14
-1,-2:-4, 4, -10, 6, 6, -14, -20, 4
-1,-2:-4, 4, -10, 6, 6, -14, -20, 6
-1,-2:-4, 4, -10, 6, 6, -14, 4, -20
6,2:-4, 4, -10, 6, 6, 2, -14, -20
15,11:-4, 4, -2, -14, -8, -10, -4, -16
0,4:-4, 4, -2, -14, -8, 6, 4, -8
0,4:-4, 4, -2, -14, -8, 6, 4, -6
0,4:-4, 4, -2, -14, -8, 6, 4, -4
8,2:-4, 4, -2, -14, -8, 6, 4, 4
8,2:-4, 4, -2, -14, -8, 6, 4, 6
8,2:-4, 4, -2, -14, 6, 4, 4, -8
1,6:-4, 4, -2, -14, 6, 4, 10, -12
1,6:-4, 4, -2, -14, 6, 4, 10, -6
-2,4:-4, 4, -2, -14, 6, 6, 2, -12
-2,4:-4, 4, -2, -14, 6, 6, 2, -6
-1,-1:-4, 4, -2, -14, 6, 6, 6, -12
-1,-1:-4, 4, -2, -14, 6, 6, 6, -6
-4,15:-4, 4, -2, -12, -6, 2, -10, -4
-4,15:-4, 4, -2, -12, -6, 2, -10, -2
-4,15:-4, 4, -2, -12, -6, 2, -10, 0
16,13:-4, 4, -2, -12, -6, 2, -10, 18
16,13:-4, 4, -2, -12, -6, 2, -10, 20
16,13:-4, 4, -2, -12, -6, 2, -10, 22
2,0:-4, 4, -2, -12, -6, 8, -20, 0
2,0:-4, 4, -2, -12, -6, 8, -20, 2
22,4:-4, 4, -2, -12, -6, 8, -16, -4
22,4:-4, 4, -2, -12, -6, 8, -16, 4
22,4:-4, 4, -2, -12, -6, 8, -4, -16
22,4:-4, 4, -2, -12, -6, 8, -4, -14
2,0:-4, 4, -2, -12, -6, 8, 0, -20
2,0:-4, 4, -2, -12, -6, 8, 0, -12
-2,1:-4, 4, -2, -12, -2, -10, -6, -14
2,-1:-4, 4, -2, -12, -2, -2, -16, 2
1,4:-4, 4, -2, -12, -2, -2, 8, -14
1,4:-4, 4, -2, -12, -2, -2, 8, -4
7,-2:-4, 4, -2, -12, -2, 8, -10, -10
3,12:-4, 4, -2, -12, 0, -16, -12, 6
3,12:-4, 4, -2, -12, 0, -16, -12, 8
-1,-8:-4, 4, -2, -12, 0, -16, -10, 4
-1,-8:-4, 4, -2, -12, 0, -16, -10, 12
-1,-8:-4, 4, -2, -12, 0, -16, 4, -10
-1,-8:-4, 4, -2, -12, 0, -16, 4, -8
3,12:-4, 4, -2, -12, 0, -16, 6, -12
3,12:-4, 4, -2, -12, 0, -16, 6, -4
12,6:-4, 4, -2, -12, 0, -10, 2, -30
12,6:-4, 4, -2, -12, 0, -10, 2, -28
12,6:-4, 4, -2, -12, 0, -10, 2, -26
14,-14:-4, 4, -2, -12, 0, -10, 2, -8
14,-14:-4, 4, -2, -12, 0, -10, 2, -6
14,-14:-4, 4, -2, -12, 0, -10, 2, -4
-6,1:-4, 4, -2, -12, 6, -12, 6, 8
-8,1:-4, 4, -2, -12, 6, -12, 14, 14
2,-5:-4, 4, -2, -12, 6, 4, -12, -8
1,6:-4, 4, -2, -12, 6, 4, 10, -14
1,6:-4, 4, -2, -12, 6, 4, 10, -4
-2,4:-4, 4, -2, -12, 6, 6, 2, -14
-2,4:-4, 4, -2, -12, 6, 6, 2, -4
-1,-1:-4, 4, -2, -12, 6, 6, 6, -14
-1,-1:-4, 4, -2, -12, 6, 6, 6, -4
19,-5:-4, 4, -2, -8, -12, -28, -10, -4
19,-5:-4, 4, -2, -8, -12, -28, -10, 0
19,-5:-4, 4, -2, -8, -12, -28, -4, -10
-2,1:-4, 4, -2, -8, -12, -24, -2, -20
-2,1:-4, 4, -2, -8, -12, -24, -2, -10
19,-5:-4, 4, -2, -8, -12, -10, -4, -28
-2,1:-4, 4, -2, -8, -12, -10, -2, -24
-2,1:-4, 4, -2, -8, -12, -10, -2, -22
-2,1:-4, 4, -2, -8, -12, -10, -2, -20
17,-6:-4, 4, -2, -8, -12, -10, -2, 2
17,-6:-4, 4, -2, -8, -12, -10, -2, 4
17,-6:-4, 4, -2, -8, -12, -10, -2, 6
4,-6:-4, 4, -2, -8, -10, -2, -10, -4
4,-6:-4, 4, -2, -8, -10, -2, -10, 0
19,0:-4, 4, -2, -8, -10, 2, -22, -24
12,7:-4, 4, -2, -8, 0, -16, -10, 0
12,7:-4, 4, -2, -8, 0, -10, 0, -16
12,7:-4, 4, -2, -8, 0, -10, 0, -12
9,4:-4, 4, -2, -8, 0, 6, -12, 12
9,4:-4, 4, -2, -8, 0, 6, -12, 16
4,-3:-4, 4, -2, -8, 6, 4, 2, 4
8,2:-4, 4, -2, -8, 6, 4, 4, -14
-3,0:-4, 4, -2, 6, 0, -24, -2, -2
10,5:-4, 4, -2, 6, 0, -24, 0, 2
3,12:-4, 4, -2, 6, 0, -24, 6, 14
18,-10:-4, 4, -2, 6, 0, -22, -2, -4
18,-10:-4, 4, -2, 6, 0, -22, -2, 0
2,10:-4, 4, -2, 6, 0, -22, 6, -30
2,10:-4, 4, -2, 6, 0, -22, 6, -28
2,10:-4, 4, -2, 6, 0, -22, 6, -26
18,-10:-4, 4, -2, 6, 0, -22, 6, 6
18,-10:-4, 4, -2, 6, 0, -22, 6, 8
18,-10:-4, 4, -2, 6, 0, -22, 6, 10
-3,0:-4, 4, -2, 6, 0, -2, -2, -24
-3,0:-4, 4, -2, 6, 0, -2, -2, -20
10,5:-4, 4, -2, 6, 0, 0, 2, -24
10,5:-4, 4, -2, 6, 0, 0, 2, -20
3,12:-4, 4, -2, 6, 0, 6, 14, -24
3,12:-4, 4, -2, 6, 0, 6, 14, -20
21,-8:-4, 4, -2, 6, 4, 0, -30, -28
19,-8:-4, 4, -2, 6, 4, 0, -22, -22
0,2:-4, 4, 4, -6, -14, -2, -2, 14
-2,1:-4, 4, 4, -6, -14, -2, 4, 10
-2,1:-4, 4, 4, -6, -14, -2, 4, 20
6,14:-4, 4, 4, -6, -14, -2, 8, 2
-2,1:-4, 4, 4, -6, -14, -2, 8, 6
-2,1:-4, 4, 4, -6, -14, -2, 8, 8
-2,1:-4, 4, 4, -6, -14, -2, 8, 10
7,16:-4, 4, 4, -6, -14, 8, 14, -4
7,16:-4, 4, 4, -6, -14, 8, 14, 0
7,16:-4, 4, 4, -6, 0, 8, 14, -14
7,16:-4, 4, 4, -6, 0, 8, 14, -4
6,12:-4, 4, 4, -6, 4, -8, 22, 24
6,12:-4, 4, 4, -6, 4, -8, 22, 32
9,17:-4, 4, 4, -6, 8, 14, 4, 2
-2,1:-4, 4, 4, 4, -14, 6, -2, 4
-2,1:-4, 4, 4, 4, -14, 6, -2, 14
7,17:-4, 4, 4, 4, 0, 2, 4, 2
5,9:-4, 4, 4, 4, 6, -8, -12, -24
5,9:-4, 4, 4, 4, 6, -8, -12, -20
-14,2:-4, 4, 4, 6, -6, -2, -14, 14
6,14:-4, 4, 4, 6, 6, -6, 8, -2
6,-6:-4, 4, 4, 6, 6, 4, -4, -6
3,-3:-4, 4, 4, 6, 6, 12, 18, -14
0,-4:-4, 4, 6, 4, -8, -16, -2, 8
0,-4:-4, 4, 6, 4, -8, -16, -2, 18
5,-7:-4, 4, 6, 4, -8, -14, 4, -8
9,15:-4, 4, 6, 4, -8, 0, 12, 2
-1,-1:-4, 4, 6, 4, -8, 4, -28, -24
17,-9:-4, 4, 6, 4, -8, 6, -8, -20
-13,-2:-4, 4, 6, 6, -4, -14, -18, -12
-13,-2:-4, 4, 6, 6, -4, -14, -18, -10
-13,-2:-4, 4, 6, 6, -4, -14, -18, -8
7,-4:-4, 4, 6, 6, -4, -14, -18, 10
7,-4:-4, 4, 6, 6, -4, -14, -18, 12
7,-4:-4, 4, 6, 6, -4, -14, -18, 14
-2,10:-4, 4, 6, 6, 12, 6, 18, -14
-3,11:6, -4, -4, -14, -12, -2, 10, -8
-3,11:6, -4, -4, -14, -12, -2, 10, -6
-3,11:6, -4, -4, -14, -12, -2, 10, -4
18,11:6, -4, -4, -14, -12, -2, 10, 12
18,11:6, -4, -4, -14, -12, -2, 10, 14
18,11:6, -4, -4, -14, -12, -2, 10, 16
-2,13:6, -4, -4, -14, -12, 10, 20, -10
-2,13:6, -4, -4, -14, -12, 10, 20, -8
-2,13:6, -4, -4, -14, -12, 10, 20, -6
17,9:6, -4, -4, -14, -12, 10, 20, 14
17,9:6, -4, -4, -14, -12, 10, 20, 16
17,9:6, -4, -4, -14, -12, 10, 20, 18
-3,11:6, -4, -4, -14, 10, -2, 0, -8
15,8:6, -4, -4, -14, 10, 10, 8, 16
0,14:6, -4, -4, -14, 10, 20, 10, -8
0,14:6, -4, -4, -14, 10, 20, 10, -6
0,14:6, -4, -4, -14, 10, 20, 10, -4
15,8:6, -4, -4, -14, 10, 20, 10, 12
15,8:6, -4, -4, -14, 10, 20, 10, 14
15,8:6, -4, -4, -14, 10, 20, 10, 16
11,10:6, -4, -4, -12, -14, 4, -6, -10
2,2:6, -4, -4, -12, -14, 4, 6, 4
17,2:6, -4, -4, -12, -8, -14, -4, -6
11,6:6, -4, -4, -12, -4, -4, 0, 2
3,-1:6, -4, -4, -12, 4, -6, 2, -6
2,2:6, -4, -4, -12, 4, 6, 4, -14
2,2:6, -4, -4, -12, 4, 6, 4, -4
8,3:6, -4, -4, -12, 4, 6, 10, -14
1,7:6, -4, -4, -6, -14, 6, 6, 2
2,2:6, -4, -4, -6, -14, 6, 6, 6
2,2:6, -4, -4, -6, -14, 6, 6, 8
5,27:6, -4, -4, -6, -14, 6, 12, -2
5,27:6, -4, -4, -6, -14, 6, 12, 2
11,3:6, -4, -4, -6, -8, -18, -20, -2
11,3:6, -4, -4, -6, -8, -18, -2, -20
9,4:6, -4, -4, -6, -8, -10, -20, -14
9,4:6, -4, -4, -6, -8, -10, -20, -4
9,4:6, -4, -4, -6, -8, -10, -14, -20
7,-8:6, -4, -4, -6, -8, -2, -20, -20
13,2:6, -4, -4, -6, -8, -2, -12, -20
-3,6:6, -4, -4, -6, 0, -8, -20, -14
-3,6:6, -4, -4, -6, 0, -8, -20, -12
-3,6:6, -4, -4, -6, 0, -8, -20, -10
17,4:6, -4, -4, -6, 0, -8, -20, 8
17,4:6, -4, -4, -6, 0, -8, -20, 10
17,4:6, -4, -4, -6, 0, -8, -20, 12
3,-9:6, -4, -4, -6, 0, -2, -30, -10
3,-9:6, -4, -4, -6, 0, -2, -30, -8
23,-5:6, -4, -4, -6, 0, -2, -26, -14
23,-5:6, -4, -4, -6, 0, -2, -26, -6
23,-5:6, -4, -4, -6, 0, -2, -14, -26
23,-5:6, -4, -4, -6, 0, -2, -14, -24
3,-9:6, -4, -4, -6, 0, -2, -10, -30
3,-9:6, -4, -4, -6, 0, -2, -10, -22
-11,5:6, -4, -4, -6, 6, -2, -10, -14
-11,5:6, -4, -4, -6, 6, -2, -10, -10
-11,5:6, -4, -4, -6, 6, -2, -4, -14
-11,5:6, -4, -4, -6, 6, -2, -4, -8
-11,5:6, -4, -4, -6, 6, -2, -4, -4
-10,7:6, -4, -4, -6, 6, -2, 22, -14
-10,7:6, -4, -4, -6, 6, -2, 22, -6
4,9:6, -4, -4, -6, 6, 4, 10, -14
4,9:6, -4, -4, -6, 6, 4, 10, -4
1,7:6, -4, -4, -6, 6, 6, 2, -14
1,7:6, -4, -4, -6, 6, 6, 2, -4
10,3:6, -4, -4, -6, 6, 10, -14, -2
2,9:6, -4, -4, -6, 6, 10, -14, 0
2,2:6, -4, -4, -6, 6, 10, -14, 6
2,2:6, -4, -4, -6, 6, 10, -14, 8
2,2:6, -4, -4, -6, 6, 10, -14, 10
2,9:6, -4, -4, -6, 6, 10, -4, -10
1,8:6, -4, -4, -6, 6, 10, -4, 0
2,9:6, -4, -4, -6, 6, 10, 0, -14
2,2:6, -4, -4, -6, 6, 10, 6, -14
8,19:6, -4, -4, 2, 2, -14, -10, 8
8,19:6, -4, -4, 2, 2, -14, -10, 10
4,-1:6, -4, -4, 2, 2, -14, -8, 6
4,-1:6, -4, -4, 2, 2, -14, -8, 14
4,-1:6, -4, -4, 2, 2, -14, 6, -8
4,-1:6, -4, -4, 2, 2, -14, 6, -6
8,19:6, -4, -4, 2, 2, -14, 8, -10
8,19:6, -4, -4, 2, 2, -14, 8, -2
17,13:6, -4, -4, 2, 2, -8, 4, -28
17,13:6, -4, -4, 2, 2, -8, 4, -26
17,13:6, -4, -4, 2, 2, -8, 4, -24
19,-7:6, -4, -4, 2, 2, -8, 4, -6
19,-7:6, -4, -4, 2, 2, -8, 4, -4
19,-7:6, -4, -4, 2, 2, -8, 4, -2
11,3:6, -4, -4, 4, -10, -12, -12, 2
7,2:6, -4, -4, 4, -10, -12, 0, -14
14,3:6, -4, -4, 4, -10, 2, -6, -4
12,0:6, -4, -4, 4, -10, 6, 6, 10
1,4:6, -4, -4, 4, -2, -12, -2, -14
1,4:6, -4, -4, 4, -2, -12, -2, -4
12,7:6, -4, -4, 4, -2, -8, 0, -16
12,7:6, -4, -4, 4, -2, -8, 0, -12
11,3:6, -4, -4, 4, -2, 6, 4, -16
9,17:6, -4, -4, 4, 4, -6, 2, 8
9,17:6, -4, -4, 4, 4, -6, 2, 10
9,17:6, -4, -4, 4, 4, -6, 8, 2
9,15:6, -4, -4, 4, 6, 4, -8, 0
2,2:6, -4, -4, 4, 6, 6, 6, -14
-2,13:6, -4, 6, -4, -4, -14, -12, -10
-2,13:6, -4, 6, -4, -4, -14, -12, -8
-2,13:6, -4, 6, -4, -4, -14, -12, -6
20,12:6, -4, 6, -4, -4, -14, -12, 14
20,12:6, -4, 6, -4, -4, -14, -12, 16
20,12:6, -4, 6, -4, -4, -14, -12, 18
0,14:6, -4, 6, -4, -4, -14, 10, -8
0,14:6, -4, 6, -4, -4, -14, 10, -6
0,14:6, -4, 6, -4, -4, -14, 10, -4
18,11:6, -4, 6, -4, -4, -14, 10, 12
18,11:6, -4, 6, -4, -4, -14, 10, 14
18,11:6, -4, 6, -4, -4, -14, 10, 16
11,0:6, -4, 6, -4, -4, -12, -4, -8
12,12:6, -4, 6, -4, 6, -4, 6, -4
12,20:6, -4, 6, -4, 6, 6, 16, -16
12,20:6, -4, 6, -4, 6, 6, 16, -14
12,20:6, -4, 6, -4, 6, 6, 16, -12
14,0:6, -4, 6, -4, 6, 6, 16, 6
14,0:6, -4, 6, -4, 6, 6, 16, 8
14,0:6, -4, 6, -4, 6, 6, 16, 10
8,5:6, -4, 6, 6, -2, -4, 16, -2
2,15:6, -4, 6, 6, -2, 12, 0, 6
6,5:6, -4, 6, 6, -2, 16, 4, 4
8,5:6, -4, 6, 6, 8, -4, -2, 6
8,5:6, -4, 6, 6, 8, -4, -2, 16
6,-9:6, -4, 6, 6, 8, -4, 4, 8
6,-9:6, -4, 6, 6, 8, -4, 4, 16
-1,12:6, -4, 6, 6, 14, 6, 10, 18
12,20:6, -4, 6, 6, 16, -16, 14, 4
9,17:6, -4, 6, 6, 16, -8, -18, -16
9,17:6, -4, 6, 6, 16, -8, -18, -14
9,17:6, -4, 6, 6, 16, -8, -18, -12
14,0:6, -4, 6, 6, 16, -8, -18, 6
14,0:6, -4, 6, 6, 16, -8, -18, 8
14,0:6, -4, 6, 6, 16, -8, -18, 10
14,0:6, -4, 6, 6, 16, -8, 6, -18
10,19:6, -4, 6, 6, 16, -8, 14, -14
10,19:6, -4, 6, 6, 16, -8, 14, -12
10,19:6, -4, 6, 6, 16, -8, 14, -10
12,-1:6, -4, 6, 6, 16, -8, 14, 8
12,-1:6, -4, 6, 6, 16, -8, 14, 10
12,-1:6, -4, 6, 6, 16, -8, 14, 12
12,20:6, -4, 6, 6, 16, 14, 4, -16
12,20:6, -4, 6, 6, 16, 14, 4, -14
12,20:6, -4, 6, 6, 16, 14, 4, -12
11,-3:6, -4, 6, 6, 16, 14, 4, 6
11,-3:6, -4, 6, 6, 16, 14, 4, 8
11,-3:6, -4, 6, 6, 16, 14, 4, 10
0,-2:6, 6, -4, -4, -4, -10, 10, 14
0,-2:6, 6, -4, -4, -4, -10, 10, 18
6,10:6, 6, -4, -4, -2, 2, 6, 16
-3,12:6, 6, -4, -4, 2, -12, 6, 18
-3,12:6, 6, -4, -4, 2, -12, 18, 6
17,12:6, 6, -4, -4, 2, 6, 12, 12
17,12:6, 6, -4, -4, 2, 6, 12, 14
-5,13:6, 6, -4, -4, 16, -2, 0, 16
-5,13:6, 6, -4, -4, 16, -2, 0, 18
-5,13:6, 6, -4, -4, 16, -2, 0, 20
-5,13:6, 6, -4, -4, 16, -2, 16, 0
-5,13:6, 6, -4, -4, 16, 0, 16, -2
-5,11:6, 6, -4, -4, 16, 10, 18, 0
-9,18:6, 6, -4, 0, 10, -2, 0, 2
-9,18:6, 6, -4, 0, 10, -2, 0, 4
-9,18:6, 6, -4, 0, 10, -2, 0, 6
13,17:6, 6, -4, 0, 10, -2, 0, 26
13,17:6, 6, -4, 0, 10, -2, 0, 28
13,17:6, 6, -4, 0, 10, -2, 0, 30
-7,19:6, 6, -4, 0, 10, -2, 4, 22
-7,19:6, 6, -4, 0, 10, -2, 22, 4
-7,19:6, 6, -4, 0, 10, -2, 22, 6
-7,19:6, 6, -4, 0, 10, -2, 22, 8
11,16:6, 6, -4, 0, 10, -2, 22, 24
11,16:6, 6, -4, 0, 10, -2, 22, 26
11,16:6, 6, -4, 0, 10, -2, 22, 28
13,17:6, 6, -4, 0, 10, -2, 26, 0
4,5:6, 6, -4, 0, 10, 0, 8, 4
-3,12:6, 6, -4, 0, 10, 6, -2, 10
-2,5:6, 6, -4, 0, 16, -12, 8, 12
3,12:6, 6, -4, 0, 16, -12, 14, 12
3,11:6, 6, -4, 0, 16, -12, 14, 24
18,9:6, 6, -4, 0, 16, -8, -4, 4
18,9:6, 6, -4, 0, 16, -8, -4, 12
18,9:6, 6, -4, 0, 16, -8, 4, -4
-3,3:6, 6, -4, 0, 16, -8, 8, -12
-3,3:6, 6, -4, 0, 16, -8, 8, -10
-3,3:6, 6, -4, 0, 16, -8, 8, -8
17,7:6, 6, -4, 0, 16, -8, 8, 4
17,7:6, 6, -4, 0, 16, -8, 8, 6
17,7:6, 6, -4, 0, 16, -8, 8, 8
23,16:6, 6, -4, 0, 16, 4, -2, -4
23,15:6, 6, -4, 0, 16, 4, -2, 8
-2,5:6, 6, -4, 0, 16, 8, 12, -12
-2,5:6, 6, -4, 0, 16, 8, 12, -4
-18,5:6, 6, -4, 2, 10, -2, 14, 36
-18,5:6, 6, -4, 2, 10, -2, 14, 38
-18,5:6, 6, -4, 2, 10, -2, 36, 14
-18,5:6, 6, -4, 2, 10, -2, 36, 24
2,2:6, 6, -2, -4, -4, -6, -4, 16
6,8:6, 6, -2, -4, -4, -2, 14, -8
0,12:6, 6, -2, -4, -4, 12, -8, 8
2,2:6, 6, -2, -4, -2, -4, 4, 16
0,1:6, 6, -2, -4, -2, 4, 4, 8
0,1:6, 6, -2, -4, -2, 4, 4, 16
15,9:6, 6, -2, -4, -2, 10, 2, -10
-9,20:6, 6, -2, -4, 4, -2, 2, 24
5,2:6, 6, -2, -4, 4, -2, 8, 6
5,2:6, 6, -2, -4, 4, -2, 8, 16
5,2:6, 6, -2, -4, 4, -2, 16, 8
5,2:6, 6, -2, -4, 4, -2, 16, 14
3,11:6, 6, -2, -4, 4, -2, 18, 4
11,4:6, 6, -2, -4, 4, 2, -4, 22
11,4:6, 6, -2, -4, 4, 2, -4, 26
11,4:6, 6, -2, -4, 4, 2, 22, -4
0,-7:6, 6, -2, -4, 4, 8, 14, -12
14,2:6, 6, -2, -4, 12, -2, 2, -6
-1,12:6, 6, -2, -4, 12, 2, 6, -10
-1,12:6, 6, -2, -4, 12, 2, 6, 0
0,6:6, 6, -2, -4, 12, 12, 16, -2
2,9:6, 6, -2, -4, 14, -8, 12, 16
27,5:6, 6, -2, -4, 16, -10, -26, 0
27,5:6, 6, -2, -4, 16, -10, -26, 4
5,5:6, 6, -2, -4, 16, -10, -22, 6
27,5:6, 6, -2, -4, 16, -10, 0, -26
5,5:6, 6, -2, -4, 16, -10, 6, -22
5,5:6, 6, -2, -4, 16, -10, 6, -20
5,5:6, 6, -2, -4, 16, -10, 6, -18
25,4:6, 6, -2, -4, 16, -10, 6, -2
25,4:6, 6, -2, -4, 16, -10, 6, 0
25,4:6, 6, -2, -4, 16, -10, 6, 2
8,5:6, 6, -2, -4, 16, -2, -8, 2
17,9:6, 6, -2, -2, 8, -8, -12, 0
15,8:6, 6, -2, -2, 8, -8, 2, 6
15,8:6, 6, -2, -2, 8, -8, 2, 16
15,8:6, 6, -2, -2, 8, -8, 16, 2
15,8:6, 6, -2, -2, 8, -8, 16, 6
2,0:6, 6, -2, -2, 8, 16, 4, -12
-7,2:6, 6, -2, 4, 8, 4, -6, -16
3,2:6, 6, -2, 4, 8, 4, 4, 16
-2,3:6, 6, -2, 4, 8, 4, 4, 18
6,13:6, 6, -2, 4, 10, 2, 12, 14
6,13:6, 6, -2, 4, 10, 2, 12, 18
6,13:6, 6, -2, 4, 10, 2, 14, 12
-5,19:6, 6, -2, 4, 10, 14, 2, 12
-5,19:6, 6, -2, 4, 10, 14, 12, 2
-5,19:6, 6, -2, 4, 10, 14, 12, 6
2,15:6, 6, -2, 12, 0, 6, 8, 18
2,15:6, 6, -2, 12, 0, 8, 18, 6
8,16:6, 6, -2, 12, 0, 18, 28, 40
8,16:6, 6, -2, 12, 0, 18, 28, 48
-8,21:6, 6, -2, 12, 2, 10, 0, 6
-8,21:6, 6, -2, 12, 2, 10, 0, 8
-8,21:6, 6, -2, 12, 2, 10, 0, 10
12,19:6, 6, -2, 12, 2, 10, 0, 28
12,19:6, 6, -2, 12, 2, 10, 0, 30
12,19:6, 6, -2, 12, 2, 10, 0, 32
1,10:6, 6, -2, 12, 2, 12, 14, 16
-8,21:6, 6, -2, 12, 10, 0, 6, 2
-8,21:6, 6, -2, 12, 10, 0, 6, 6
3,11:6, 6, -2, 12, 12, 14, 4, 0
1,10:6, 6, -2, 12, 12, 14, 16, 2
-2,9:6, 6, -2, 14, 8, -4, 0, -8
-1,3:6, 6, -2, 14, 8, 0, 8, 0
-10,6:6, 6, -2, 14, 8, 16, 10, 8
-10,6:6, 6, -2, 14, 8, 16, 10, 10
-7,2:6, 6, -2, 14, 8, 16, 10, 16
-7,2:6, 6, -2, 14, 8, 16, 10, 18
9,12:6, 6, -2, 14, 16, 8, 12, 8
-6,7:6, 6, -2, 16, 4, -6, -16, -10
-6,7:6, 6, -2, 16, 4, -6, -16, -8
-6,7:6, 6, -2, 16, 4, -6, -16, -6
14,5:6, 6, -2, 16, 4, -6, -16, 12
14,5:6, 6, -2, 16, 4, -6, -16, 14
14,5:6, 6, -2, 16, 4, -6, -16, 16
19,6:6, 6, 8, -4, -8, -10, -20, 16
19,6:6, 6, 8, -4, -8, -10, 16, -20
2,2:6, 6, 8, -4, -8, -8, -4, 16
-3,7:6, 6, 8, -4, -8, -8, 0, 10
-3,7:6, 6, 8, -4, -8, -8, 0, 12
-3,7:6, 6, 8, -4, -8, -8, 10, 0
-3,7:6, 6, 8, -4, -8, -8, 10, 2
0,1:6, 6, 8, -4, -8, -8, 10, 6
0,1:6, 6, 8, -4, -8, -8, 10, 8
0,1:6, 6, 8, -4, -8, -8, 10, 10
0,1:6, 6, 8, -4, -8, -8, 10, 12
8,3:6, 6, 8, -4, -8, 0, 2, 16
8,3:6, 6, 8, -4, -8, 0, 6, 12
8,3:6, 6, 8, -4, -8, 0, 10, 4
0,1:6, 6, 8, -4, -8, 0, 16, -6
0,1:6, 6, 8, -4, -8, 0, 16, -4
0,1:6, 6, 8, -4, -8, 0, 16, -2
8,3:6, 6, 8, -4, -8, 0, 16, 2
8,3:6, 6, 8, -4, -8, 0, 16, 4
7,1:6, 6, 8, -4, -8, 2, 6, 12
7,1:6, 6, 8, -4, -8, 2, 6, 22
-3,7:6, 6, 8, -4, -8, 2, 10, -8
-3,7:6, 6, 8, -4, -8, 2, 10, -6
-3,7:6, 6, 8, -4, -8, 2, 10, -4
7,1:6, 6, 8, -4, -8, 2, 10, 8
7,1:6, 6, 8, -4, -8, 2, 10, 10
7,1:6, 6, 8, -4, -8, 2, 10, 12
-4,7:6, 6, 8, -4, -8, 6, 4, 16
7,1:6, 6, 8, -4, -8, 6, 6, 6
7,1:6, 6, 8, -4, -8, 6, 6, 12
7,1:6, 6, 8, -4, -8, 6, 6, 14
-2,13:6, 6, 8, -4, -8, 8, 0, 10
7,1:6, 6, 8, -4, -8, 8, 4, 8
7,1:6, 6, 8, -4, -8, 8, 4, 12
7,1:6, 6, 8, -4, -8, 8, 8, 4
-2,13:6, 6, 8, -4, -8, 8, 10, 0
3,4:6, 6, 8, -4, -8, 10, 16, 4
2,11:6, 6, 8, -4, -8, 16, 4, 14
7,1:6, 6, 8, -4, -4, 0, -10, 6
7,1:6, 6, 8, -4, -4, 0, -10, 16
8,5:6, 6, 8, -4, -2, -8, 2, 6
8,5:6, 6, 8, -4, -2, -8, 2, 16
5,2:6, 6, 8, -4, -2, 4, 8, 24
5,2:6, 6, 8, -4, -2, 4, 8, 32
5,2:6, 6, 8, -4, -2, 4, 24, 8
5,2:6, 6, 8, -4, -2, 4, 24, 16
5,2:6, 6, 8, -4, -2, 10, 14, 6
4,17:6, 6, 8, -4, 2, -12, 2, 10
4,17:6, 6, 8, -4, 2, -12, 2, 12
4,17:6, 6, 8, -4, 2, -12, 10, 2
6,-9:6, 6, 8, -4, 4, -20, -10, 8
6,-9:6, 6, 8, -4, 4, -20, -10, 16
5,-11:6, 6, 8, -4, 4, -20, 6, 6
5,-11:6, 6, 8, -4, 4, -20, 6, 10
5,-11:6, 6, 8, -4, 4, -20, 6, 16
6,-9:6, 6, 8, -4, 4, -20, 8, -10
5,-11:6, 6, 8, -4, 4, -20, 12, 12
5,-11:6, 6, 8, -4, 4, -20, 12, 16
-1,7:6, 6, 8, -4, 4, -16, 12, 14
-2,14:6, 6, 8, -4, 4, -16, 14, 22
-1,7:6, 6, 8, -4, 4, 12, 14, -16
-1,7:6, 6, 8, -4, 4, 12, 14, -14
-1,7:6, 6, 8, -4, 4, 12, 14, -12
3,-12:6, 6, 8, -4, 4, 12, 14, 6
3,-12:6, 6, 8, -4, 4, 12, 14, 8
3,-12:6, 6, 8, -4, 4, 12, 14, 10
5,-1:6, 6, 8, -4, 10, -8, 10, 14
5,-1:6, 6, 8, -4, 10, -8, 10, 20
5,-1:6, 6, 8, -4, 10, -8, 14, 16
-8,12:6, 6, 8, -4, 10, -2, 10, 18
1,12:6, 6, 8, -4, 10, -2, 12, 22
1,8:6, 6, 8, -4, 10, -2, 20, 22
5,-1:6, 6, 8, -4, 10, 10, 14, -8
-8,12:6, 6, 8, -4, 10, 10, 18, -2
1,12:6, 6, 8, -4, 10, 12, 22, -2
1,8:6, 6, 8, -4, 10, 20, 22, -2
1,28:6, 6, 8, 2, 4, 8, 22, 12
2,28:6, 6, 8, 2, 4, 8, 22, 24
-5,23:6, 6, 8, 2, 4, 8, 26, 24
-9,3:6, 6, 8, 2, 4, 10, 8, 24
-9,3:6, 6, 8, 2, 4, 10, 8, 32
-9,3:6, 6, 8, 2, 4, 10, 24, 8
-7,22:6, 6, 8, 2, 4, 10, 26, 12
-7,22:6, 6, 8, 2, 4, 10, 26, 14
-7,22:6, 6, 8, 2, 4, 10, 26, 16
-11,2:6, 6, 8, 2, 4, 10, 26, 28
-11,2:6, 6, 8, 2, 4, 10, 26, 30
-11,2:6, 6, 8, 2, 4, 10, 26, 32
-3,8:6, 6, 8, 2, 4, 24, 6, -4
-2,8:6, 6, 8, 2, 4, 24, 6, 8
-5,23:6, 6, 8, 2, 4, 26, 24, 8
-5,23:6, 6, 8, 2, 4, 26, 24, 16
-2,2:6, 6, 8, 2, 10, 4, 22, 10
-9,9:6, 6, 8, 2, 10, 20, 12, 16
3,18:6, 6, 8, 2, 10, 22, -10, 20
2,16:6, 6, 8, 2, 10, 22, -2, -8
2,16:6, 6, 8, 2, 10, 22, -2, -6
2,16:6, 6, 8, 2, 10, 22, -2, -4
5,-2:6, 6, 8, 2, 10, 22, -2, 12
5,-2:6, 6, 8, 2, 10, 22, -2, 14
5,-2:6, 6, 8, 2, 10, 22, -2, 16
5,-2:6, 6, 8, 2, 10, 22, 12, -2
3,18:6, 6, 8, 2, 10, 22, 20, -10
3,18:6, 6, 8, 2, 10, 22, 20, -8
3,18:6, 6, 8, 2, 10, 22, 20, -6
4,-4:6, 6, 8, 2, 10, 22, 20, 14
4,-4:6, 6, 8, 2, 10, 22, 20, 16
4,-4:6, 6, 8, 2, 10, 22, 20, 18
-3,9:6, 6, 8, 10, 4, 4, 18, 16
-3,9:6, 6, 8, 10, 4, 4, 18, 26
3,11:6, 6, 8, 10, 4, 4, 20, 22
1,14:6, 6, 8, 10, 4, 14, 18, 22
1,14:6, 6, 8, 10, 4, 14, 22, 18
-9,8:6, 6, 8, 10, 4, 22, 22, 22
4,11:6, 6, 8, 10, 12, 4, -2, 22
4,11:6, 6, 8, 10, 12, 4, 22, -2
3,10:6, 6, 8, 10, 12, 6, 12, 22
3,10:6, 6, 8, 10, 12, 6, 22, 12
10,12:6, 6, 8, 10, 12, 12, 10, 12
10,12:6, 6, 8, 10, 12, 12, 10, 22
10,12:6, 6, 8, 10, 12, 12, 22, 10
-24,15:6, 6, 8, 10, 18, -2, 10, 16
-24,15:6, 6, 8, 10, 18, -2, 10, 18
-24,15:6, 6, 8, 10, 18, -2, 10, 20
-4,13:6, 6, 8, 10, 18, -2, 10, 38
-4,13:6, 6, 8, 10, 18, -2, 10, 40
-4,13:6, 6, 8, 10, 18, -2, 10, 42
3,13:6, 6, 8, 10, 20, 12, 10, 22
3,13:6, 6, 8, 10, 20, 12, 22, 10
6,10:6, 6, 14, 6, 4, -4, -4, -8
7,6:6, 6, 14, 6, 4, -4, 0, -4
5,12:6, 6, 14, 6, 6, 2, 0, 12
5,12:6, 6, 14, 6, 6, 2, 12, 0
-13,14:6, 6, 14, 6, 10, 8, -2, 4
-13,14:6, 6, 14, 6, 10, 8, -2, 6
-13,14:6, 6, 14, 6, 10, 8, -2, 8
7,12:6, 6, 14, 6, 10, 8, -2, 26
7,12:6, 6, 14, 6, 10, 8, -2, 28
7,12:6, 6, 14, 6, 10, 8, -2, 30
0,0:6, 6, 14, 10, -4, 6, 10, 12
0,0:6, 6, 14, 10, -4, 6, 10, 22
0,0:6, 6, 14, 10, -4, 10, 12, 6
2,8:6, 6, 14, 10, 4, 6, 4, 22
7,6:6, 6, 14, 10, 4, 16, 12, 16
0,0:6, 6, 14, 10, 6, 10, 12, -4
0,0:6, 6, 14, 10, 6, 10, 12, -2
0,0:6, 6, 14, 10, 6, 10, 12, 0
4,14:6, 6, 14, 10, 16, 2, 16, 18
1,18:6, 6, 14, 10, 16, 6, 8, 22
5,11:6, 6, 14, 10, 16, 12, 8, 16
-2,21:6, 6, 16, -16, 4, -6, -4, -2
-2,21:6, 6, 16, -16, 4, -6, -4, 0
-2,21:6, 6, 16, -16, 4, -6, -4, 2
20,20:6, 6, 16, -16, 4, -6, -4, 22
20,20:6, 6, 16, -16, 4, -6, -4, 24
20,20:6, 6, 16, -16, 4, -6, -4, 26
0,22:6, 6, 16, -16, 4, -6, 18, 0
0,22:6, 6, 16, -16, 4, -6, 18, 2
0,22:6, 6, 16, -16, 4, -6, 18, 4
18,19:6, 6, 16, -16, 4, -6, 18, 20
18,19:6, 6, 16, -16, 4, -6, 18, 22
18,19:6, 6, 16, -16, 4, -6, 18, 24
11,8:6, 6, 16, -16, 4, -4, 4, 0
4,15:6, 6, 16, -16, 4, 2, -6, 6
12,28:6, 6, 16, -16, 14, 14, 24, -8
12,28:6, 6, 16, -16, 14, 14, 24, -6
12,28:6, 6, 16, -16, 14, 14, 24, -4
14,8:6, 6, 16, -16, 14, 14, 24, 14
14,8:6, 6, 16, -16, 14, 14, 24, 16
14,8:6, 6, 16, -16, 14, 14, 24, 18
6,14:6, 6, 16, -8, -18, -18, -20, -12
6,14:6, 6, 16, -8, -18, -8, -18, -16
6,14:6, 6, 16, -8, -18, -8, -18, -14
6,14:6, 6, 16, -8, -18, -8, -18, -12
14,0:6, 6, 16, -8, -18, -8, -18, 6
14,0:6, 6, 16, -8, -18, -8, -18, 8
14,0:6, 6, 16, -8, -18, -8, -18, 10
7,16:6, 6, 16, -8, -18, -8, 14, -14
7,16:6, 6, 16, -8, -18, -8, 14, -12
7,16:6, 6, 16, -8, -18, -8, 14, -10
12,-1:6, 6, 16, -8, -18, -8, 14, 8
12,-1:6, 6, 16, -8, -18, -8, 14, 10
12,-1:6, 6, 16, -8, -18, -8, 14, 12
11,-3:6, 6, 16, -8, -18, 4, 2, 10
6,14:6, 6, 16, -8, -8, -18, -14, -10
6,14:6, 6, 16, -8, -8, -18, -14, 0
6,14:6, 6, 16, -8, -8, -16, 2, -12
6,14:6, 6, 16, -8, -8, -16, 2, -8
6,14:6, 6, 16, -8, -8, -6, -12, -8
6,14:6, 6, 16, -8, -8, -6, -12, 2
7,16:6, 6, 16, -8, -8, -6, 14, -14
14,8:6, 6, 16, -8, -8, 6, 2, -30
14,8:6, 6, 16, -8, -8, 6, 2, -28
14,8:6, 6, 16, -8, -8, 6, 2, -26
16,-12:6, 6, 16, -8, -8, 6, 2, -8
16,-12:6, 6, 16, -8, -8, 6, 2, -6
16,-12:6, 6, 16, -8, -8, 6, 2, -4
9,-4:6, 6, 16, -8, 4, 2, -6, 4
9,-4:6, 6, 16, -8, 4, 2, -6, 8
9,-4:6, 6, 16, -8, 4, 2, 8, -6
9,-4:6, 6, 16, -8, 4, 2, 8, 4
9,-4:6, 6, 16, -8, 4, 10, 10, -4
9,-4:6, 6, 16, -8, 4, 10, 10, 6
10,19:6, 6, 16, -8, 14, 4, 14, -14
10,19:6, 6, 16, -8, 14, 4, 14, -12
10,19:6, 6, 16, -8, 14, 4, 14, -10
9,-4:6, 6, 16, -8, 14, 4, 14, 8
9,-4:6, 6, 16, -8, 14, 4, 14, 10
9,-4:6, 6, 16, -8, 14, 4, 14, 12
