-1,6:-4, 2, 6, -14, -18, 10, 4, -12, -20, -12, -2
-1,6:-4, 2, 6, -14, -18, 10, 4, -12, -20, -12, 2
0,11:-4, 4, -10, 6, 4, 10, 0, -8, -16, -8, 2
0,11:-4, 4, -10, 6, 4, 10, 0, -8, -16, -8, 6
-9,12:-4, -14, 10, -2, -10, -12, -12, -2, -6, -2, 2, 12
-9,12:-4, -14, 10, -2, -10, -12, -12, -2, -6, -2, 2, 16
-1,6:-4, 2, 6, -14, -18, 10, 4, -12, -20, -12, -4, 0
0,11:-4, 4, -10, 6, 4, 10, 0, -8, -16, -8, 0, 4
7,1:6, 6, -4, -4, 16, -8, -2, 16, 14, 22, 14, 0
7,1:6, 6, -4, -4, 16, -8, -2, 16, 14, 22, 14, 4
12,2:6, 6, -2, -4, 12, -2, -8, 2, 10, 18, 10, -4
12,2:6, 6, -2, -4, 12, -2, -8, 2, 10, 18, 10, 0
