2,8:6, 6, -2, -4, 4, -2, -4, 18
7,11:-4, 4, 4, 4, -14, -4, 2, -4, 16
7,11:-4, 4, 4, 4, -14, -4, 2, 16, -4
2,8:6, 6, -2, -4, -4, 4, 0, 18, -8
-7,13:-4, -14, -8, 20, 12, 10, 18, 12, 10, 32
13,11:-4, -14, 14, -2, -10, -12, -4, -10, -12, 10
10,4:-4, 2, 0, -8, -14, -16, -8, -14, -16, 6
10,4:-4, 2, 2, -8, -14, -16, -8, -14, -16, 6
7,11:-4, 4, 4, 4, -4, 2, 16, -8, -20, -16
7,11:-4, 4, 4, 4, -4, 2, 16, -8, -20, -14
7,11:-4, 4, 4, 4, -4, 2, 16, -8, -2, -16
7,11:-4, 4, 4, 6, 6, 4, -4, 2, 16, -2
5,11:6, -4, 6, 6, -2, -4, 4, -2, -4, 18
2,8:6, 6, -2, -4, -4, -10, -6, 4, 18, -18
2,8:6, 6, -2, -4, -4, -10, -6, 4, 18, -14
2,8:6, 6, -2, -4, -4, 4, 0, -10, 18, -8
2,8:6, 6, -2, -4, -4, 4, 0, -10, 18, -6
2,8:6, 6, -2, -4, -4, 4, 0, -10, 18, -4
5,13:6, 6, -2, 14, 8, -4, 0, 6, -8, 20
1,13:6, 6, 14, 10, -4, 16, 12, 18, 16, -4
-7,13:-4, -14, -8, 20, 12, 10, 10, 18, 14, 32, 6
13,11:-4, -14, 10, -2, -10, -12, -4, -10, -12, 10, 12
13,11:-4, -14, 10, -2, -10, -12, -4, -10, -12, 10, 14
13,11:-4, -14, 10, -2, -10, -12, -4, -10, -12, 10, 16
13,11:-4, -14, 14, -2, -10, -12, -12, -4, -8, 10, -16
3,11:-4, -12, -8, -18, -20, -4, -4, 8, 0, 6, 20
6,0:-4, -12, -4, -8, -6, -14, -16, -8, -14, -16, 6
-1,7:-4, -6, -14, -2, 8, 0, -2, 6, 0, -2, 20
7,-11:-4, -6, -8, -16, -26, -28, -20, -26, -28, -6, -6
12,0:-4, -6, -8, -4, -14, -20, -22, -14, -20, -22, 0
-4,4:-4, -6, 6, 0, 8, 0, -6, 0, 6, 0, 20
0,12:-4, -6, 6, 10, -14, 12, -4, 4, 2, 10, 24
0,12:-4, -6, 6, 10, -14, 12, -4, 4, 10, 24, 2
0,12:-4, -6, 6, 10, -14, 12, -2, 4, 10, 24, 4
0,12:-4, -6, 6, 10, -6, -4, 12, 4, 10, 24, -10
0,12:-4, -6, 6, 10, -6, -4, 12, 4, 10, 24, -6
0,12:-4, -6, 6, 10, 12, 4, 2, -6, 10, 24, -2
0,12:-4, -6, 6, 10, 12, 4, 2, -6, 10, 24, 0
0,12:-4, -6, 6, 10, 12, 4, 2, -6, 10, 24, 2
10,4:-4, 2, 0, -8, -14, -16, -16, -8, -12, 6, -20
14,10:-4, 2, 0, -8, -14, -16, -16, 2, -4, -12, -20
8,-8:-4, 2, 0, -8, 4, -28, -18, -24, -18, -22, -4
8,-8:-4, 2, 0, -8, 4, -18, -24, -36, -18, -4, -36
8,-8:-4, 2, 0, -8, 4, -18, -24, -36, -18, -4, -26
8,-8:-4, 2, 0, -8, 4, -18, -24, -18, -22, -4, -24
8,-8:-4, 2, 0, -8, 4, -18, -24, -18, -22, -4, -22
4,-9:-4, 4, -10, -12, -12, 6, 0, -12, -20, -22, 14
13,5:-4, 4, -10, 0, -8, -16, -18, -10, -16, -18, 4
-5,2:-4, 4, -2, -12, -2, -10, 8, 10, -12, 6, 20
-5,2:-4, 4, -2, -12, -2, -10, 8, 10, -12, 6, 22
-5,2:-4, 4, -2, -12, -2, -10, 8, 10, -12, 6, 24
-5,2:-4, 4, -2, -12, -2, -10, 8, 10, -12, 20, 6
-5,2:-4, 4, -2, -12, -2, -10, 8, 10, -12, 20, 10
-5,2:-4, 4, -2, -12, -2, -10, 8, 10, 6, 20, -12
-1,7:-4, 4, -2, -12, -2, 8, -12, 0, 6, 20, -12
-1,7:-4, 4, -2, -12, -2, 8, -12, 0, 6, 20, -6
-1,7:-4, 4, -2, -12, -2, 8, 0, 6, 0, 20, -16
-5,-6:-4, 4, -2, -8, -10, -12, -6, -2, 0, -2, -2
-5,-6:-4, 4, -2, -8, -10, -12, -6, -2, 0, -2, 0
-5,-6:-4, 4, -2, -8, -10, -12, -6, -2, 0, -2, 2
7,11:-4, 4, 4, 4, -4, 2, 16, -8, -18, -20, -4
7,11:-4, 4, 4, 4, -4, 2, 16, -8, -18, -4, -20
7,11:-4, 4, 4, 4, -4, 2, 16, -8, -18, -4, -10
7,11:-4, 4, 4, 6, 6, 4, -14, -4, 2, 16, -2
1,7:-4, 4, 6, 4, 6, 6, -2, -10, 4, -6, 18
10,14:6, -4, -4, 4, 4, 4, -14, -4, 2, -4, 16
10,14:6, -4, -4, 4, 4, 4, -14, -4, 2, 16, -4
5,11:6, -4, 6, 6, -2, -4, -4, 4, 0, 18, -8
2,8:6, 6, -2, -4, -4, -10, -16, -4, 4, 18, -12
2,8:6, 6, -2, -4, -4, -10, -16, -4, 4, 18, -10
2,8:6, 6, -2, -4, -4, -10, -16, -4, 4, 18, -8
2,8:6, 6, -2, -4, -4, 4, 0, -10, 0, 18, -6
2,8:6, 6, -2, -4, -4, 4, 0, -10, 0, 18, -4
5,-2:6, 6, -2, -4, -4, 4, 0, 16, 4, -8, -4
4,12:6, 6, -2, -4, 4, -2, 16, 4, 0, 6, 20
0,18:6, 6, -2, -4, 12, 2, 18, 10, 16, -12, 30
4,16:6, 6, -2, 4, 10, 16, 12, 4, 10, 0, 24
-7,0:6, 6, -2, 14, 8, 16, 10, 22, 22, 6, 10
3,15:6, 6, 8, -4, -4, 10, 14, 30, 6, 26, 24
3,15:6, 6, 8, -4, -4, 10, 14, 30, 6, 26, 26
-2,10:6, 6, 8, -4, 2, 10, 4, 10, 4, -4, 24
-2,10:6, 6, 8, -4, 2, 10, 4, 10, 4, 0, 24
-6,12:6, 6, 14, 10, -4, 10, 16, 10, 16, 10, 30
-6,-2:6, 6, 14, 10, 4, -6, 4, 12, -10, 18, 16
-6,-2:6, 6, 14, 10, 4, -6, 4, 12, -2, 6, 12
-6,-2:6, 6, 14, 10, 4, -6, 4, 12, -2, 6, 22
-6,-2:6, 6, 14, 10, 4, -6, 4, 12, 18, 16, -10
-6,-2:6, 6, 14, 10, 4, -6, 4, 12, 18, 16, -8
-6,-2:6, 6, 14, 10, 4, -6, 4, 12, 18, 16, -6
-6,12:6, 6, 14, 10, 10, 16, 10, 16, 10, 30, -4
-6,12:6, 6, 14, 10, 10, 16, 10, 16, 10, 30, -2
-6,12:6, 6, 14, 10, 10, 16, 10, 16, 10, 30, 0
16,14:-4, -14, -12, -2, 14, -2, -10, -12, -4, -10, -12, 10
-4,16:-4, -14, -8, 10, 20, 20, 12, 10, 18, 12, 10, 32
-7,13:-4, -14, -8, 20, 12, 10, 10, 4, 8, 18, 32, -4
-7,13:-4, -14, -8, 20, 12, 10, 10, 4, 8, 18, 32, 0
-7,13:-4, -14, -8, 20, 12, 10, 10, 18, 14, 4, 32, 6
-7,13:-4, -14, -8, 20, 12, 10, 10, 18, 14, 4, 32, 8
-7,13:-4, -14, -8, 20, 12, 10, 10, 18, 14, 4, 32, 10
-4,18:-4, -14, -8, 20, 12, 28, 22, 10, 14, 20, 6, 34
-8,18:-4, -14, -8, 20, 28, 24, 10, 30, 26, 32, 30, 10
13,11:-4, -14, 10, -2, -10, -12, -4, -10, -12, 10, 20, 14
13,11:-4, -14, 10, -2, -10, -12, -4, -10, -12, 10, 20, 16
13,11:-4, -14, 10, -2, -10, -12, -4, -10, -12, 10, 20, 18
-4,16:-4, -14, 10, 20, 20, 12, 10, 18, 12, 10, 32, -8
-4,16:-4, -14, 10, 20, 20, 12, 10, 18, 12, 10, 32, -6
-4,16:-4, -14, 10, 20, 20, 12, 10, 18, 12, 10, 32, -4
13,11:-4, -14, 14, -2, -10, -12, -12, -18, -14, -4, 10, -26
13,11:-4, -14, 14, -2, -10, -12, -12, -18, -14, -4, 10, -22
13,11:-4, -14, 14, -2, -10, -12, -12, -4, -8, -18, 10, -16
13,11:-4, -14, 14, -2, -10, -12, -12, -4, -8, -18, 10, -14
13,11:-4, -14, 14, -2, -10, -12, -12, -4, -8, -18, 10, -12
16,16:-4, -14, 14, -2, -10, 6, 0, -12, -8, -2, -16, 12
12,16:-4, -14, 14, -2, 6, 2, -12, 8, 4, 10, 8, -12
6,6:-4, -12, -14, -4, -4, -10, 0, 2, 2, 2, 8, -14
6,6:-4, -12, -14, -4, -4, -10, 0, 2, 2, 2, 8, -12
6,6:-4, -12, -14, -4, -4, -10, 0, 2, 2, 2, 8, -10
18,10:-4, -12, -14, -4, -2, 6, 2, -6, -6, 12, 0, -8
12,14:-4, -12, -14, 4, -6, 2, 2, 2, -6, -8, 0, 14
12,14:-4, -12, -14, 4, -6, 2, 2, 2, -6, 0, 14, -8
3,11:-4, -12, -8, -18, -20, 8, 0, -2, -4, 6, 20, -16
3,11:-4, -12, -8, -18, -20, 8, 0, -2, -4, 6, 20, -6
3,11:-4, -12, -8, -18, -20, 8, 0, -2, 6, -6, 20, -2
3,11:-4, -12, -8, -18, -20, 8, 0, -2, 6, -6, 20, 0
3,11:-4, -12, -8, -18, -20, 8, 0, -2, 6, -6, 20, 2
16,6:-4, -12, -8, -14, -20, -22, -22, -4, -10, -18, -26, 2
16,6:-4, -12, -8, -14, -20, -22, -22, -4, -10, -18, -26, 4
16,6:-4, -12, -8, -14, -20, -22, -22, -4, -10, -18, -26, 6
16,6:-4, -12, -8, -14, -20, -22, -22, -4, -10, -18, 2, -26
12,0:-4, -12, -8, -14, -20, -22, -14, -20, -22, 2, 0, 2
4,0:-4, -12, -8, -14, -4, -12, -12, 2, 0, -16, -12, 6
4,0:-4, -12, -8, -14, -4, -12, -12, 2, 0, -16, -12, 8
4,0:-4, -12, -8, -14, -4, -12, -12, 2, 0, -16, 6, -12
6,-8:-4, -12, -8, -14, 0, -20, 6, -20, -24, -20, -2, -10
6,-8:-4, -12, -8, -14, 0, -20, 6, -20, -24, -2, -10, -20
6,-8:-4, -12, -8, -14, 0, -20, 6, -20, -18, -2, -10, -24
6,-8:-4, -12, -8, -14, 0, -20, 6, -20, -18, -2, -10, -20
5,-10:-4, -12, -8, -4, -14, -22, -22, -16, -30, -4, 4, -14
7,5:-4, -12, -8, -4, -14, -20, 0, -4, -10, -4, -8, 10
14,-25:-4, -12, -8, -4, -14, -10, -22, -16, -4, -24, -30, -24
14,-25:-4, -12, -8, -4, -14, -10, -22, -16, -4, -24, -30, -22
14,-25:-4, -12, -8, -4, -14, -10, -22, -16, -4, -24, -30, -20
14,-25:-4, -12, -8, -4, -14, -10, -22, -16, -4, -24, -24, -20
14,-25:-4, -12, -8, -4, -14, -10, -22, -16, -4, -24, -24, -16
14,-25:-4, -12, -8, -4, -14, -10, -22, -16, -4, -24, -22, -30
14,-25:-4, -12, -8, -4, -14, -10, -22, -16, -4, -24, -22, -28
14,-25:-4, -12, -8, -4, -14, -10, -22, -16, -4, -24, -22, -26
6,0:-4, -12, -4, -8, -6, -14, -16, -16, -8, -12, 6, -20
-2,4:-4, -12, -4, -4, -10, -18, 6, 8, -2, 4, 0, 18
12,8:-4, -12, -4, 2, 2, -6, -12, -14, -6, -12, -14, 8
2,0:-4, -12, 4, -6, -14, -8, -2, -2, -10, -4, -8, 10
0,8:-4, -12, 4, -6, 6, -10, -6, 0, -2, -4, 6, 20
1,7:-4, -12, 4, 6, 4, 6, 6, -2, -6, 4, 18, -8
1,7:-4, -12, 4, 6, 4, 6, 6, -2, -6, 4, 18, -6
1,7:-4, -12, 4, 6, 4, 6, 6, -2, -6, 4, 18, -4
6,6:-4, -12, 4, 6, 10, 0, -8, -10, -12, -18, -2, 12
6,6:-4, -12, 4, 6, 10, 0, -8, -10, -12, -2, 12, -18
-1,7:-4, -6, -14, -2, 8, 0, -2, -2, 6, 2, 20, -6
8,16:-4, -6, -14, 6, -2, -22, -2, 8, 0, 6, 0, 20
7,-11:-4, -6, -8, -16, -26, -28, -28, -20, -24, -6, -6, -32
12,0:-4, -6, -8, -4, -14, -20, -22, -22, -14, -18, 0, -26
16,6:-4, -6, -8, -4, -14, -20, -22, -22, -4, -10, -18, -26
12,0:-4, -6, -8, -4, -14, -20, -22, -14, -20, -22, -20, 0
10,-12:-4, -6, -8, -4, -14, -2, -34, -24, -30, -24, -28, -10
10,-12:-4, -6, -8, -4, -14, -2, -24, -30, -42, -24, -10, -42
10,-12:-4, -6, -8, -4, -14, -2, -24, -30, -42, -24, -10, -32
10,-12:-4, -6, -8, -4, -14, -2, -24, -30, -24, -28, -10, -30
10,-12:-4, -6, -8, -4, -14, -2, -24, -30, -24, -28, -10, -28
9,7:-4, -6, 0, -8, -2, -2, -2, -20, -10, -4, -10, 10
9,7:-4, -6, 0, -8, -2, -2, -2, -20, -10, -4, 10, -10
7,-13:-4, -6, 6, -8, -12, -18, 10, 4, -32, -22, -14, 0
7,-13:-4, -6, 6, -8, -12, -18, 10, 4, -32, -22, -14, 2
7,-13:-4, -6, 6, -8, -12, -18, 10, 4, -32, -22, -14, 4
7,-13:-4, -6, 6, -8, -12, -18, 10, 4, -32, -22, 0, -14
7,-13:-4, -6, 6, -8, -12, -18, 10, 4, -32, -22, 0, -12
7,-13:-4, -6, 6, -8, -12, -18, 10, 4, -32, -22, 0, -10
7,-13:-4, -6, 6, -8, -12, -18, 10, 4, -32, -10, 0, -22
7,-13:-4, -6, 6, -8, -12, -18, 10, 4, -32, -10, 0, -12
7,-13:-4, -6, 6, -8, -12, -18, 10, 4, -22, -14, 0, -32
8,8:-4, -6, 6, -8, 0, 4, 0, -20, -16, -8, -2, 12
8,8:-4, -6, 6, -8, 0, 4, 0, -20, -8, -2, 12, -16
8,8:-4, -6, 6, -8, 0, 4, 0, -20, -8, -2, 12, -14
1,7:-4, -6, 6, 0, -8, -18, 14, 6, -2, 4, 18, -20
1,7:-4, -6, 6, 0, -8, -18, 14, 6, -2, 4, 18, -10
9,6:-4, -6, 6, 0, -8, -2, 0, -2, 0, -2, -20, 16
9,6:-4, -6, 6, 0, -8, -2, 0, -2, 0, -2, 16, -20
9,6:-4, -6, 6, 0, -8, -2, 0, -2, 0, -2, 16, -10
1,-4:-4, -6, 6, 0, -8, 14, -16, -8, -16, -16, -16, -22
17,-9:-4, -6, 6, 4, -8, -12, -6, 0, 6, 4, -4, 8
0,12:-4, -6, 6, 10, -14, 12, -2, -6, 4, 10, 24, -4
0,12:-4, -6, 6, 10, -14, 12, -2, -6, 4, 10, 24, 0
0,12:-4, -6, 6, 10, -14, 12, -2, 4, 10, 6, 2, 24
-4,7:-4, -6, 6, 10, -10, -14, -4, -4, 12, 14, 2, 24
-4,7:-4, -6, 6, 10, -10, -14, -4, -4, 12, 14, 2, 26
-4,7:-4, -6, 6, 10, -10, -14, -4, -4, 12, 14, 2, 28
-4,7:-4, -6, 6, 10, -10, -14, -4, -4, 12, 14, 24, 2
0,12:-4, -6, 6, 10, -6, -8, -4, 12, 4, 10, 24, -16
0,12:-4, -6, 6, 10, -6, -8, -4, 12, 4, 10, 24, -14
0,12:-4, -6, 6, 10, -6, -8, -4, 12, 4, 10, 24, -12
0,12:-4, -6, 6, 10, 12, 4, 2, -6, 10, 6, 24, 0
0,12:-4, -6, 6, 10, 12, 4, 2, -6, 10, 6, 24, 2
0,12:-4, -6, 6, 10, 12, 4, 2, 0, -6, 10, 24, -2
10,4:-4, 2, 0, -8, -14, -16, -16, -22, -16, -8, 6, -30
10,4:-4, 2, 0, -8, -14, -16, -16, -22, -16, -8, 6, -26
10,4:-4, 2, 0, -8, -14, -16, -16, -8, -12, -22, 6, -20
10,4:-4, 2, 0, -8, -14, -16, -16, -8, -12, -22, 6, -18
10,4:-4, 2, 0, -8, -14, -16, -16, -8, -12, -22, 6, -16
-4,-9:-4, 2, 0, -8, -4, -16, -2, 6, -10, 4, 12, -16
-4,-9:-4, 2, 0, -8, -4, -16, -2, 6, -10, 4, 12, -6
18,-11:-4, 2, 0, -8, 4, -22, -16, -16, -8, -16, -12, -38
18,-11:-4, 2, 0, -8, 4, -22, -16, -16, -8, -16, -12, -36
18,-11:-4, 2, 0, -8, 4, -22, -16, -16, -8, -16, -12, -34
13,9:-4, 2, 2, -8, -14, 2, -4, -16, -12, -6, -20, 8
9,9:-4, 2, 2, -8, 2, -2, -16, 4, 0, 6, 4, -16
-2,10:-4, 2, 6, -14, -18, 10, 12, 4, 10, 4, 24, -18
-2,10:-4, 2, 6, -14, -18, 10, 12, 4, 10, 4, 24, -16
-2,10:-4, 2, 6, -14, -18, 10, 12, 4, 10, 4, 24, -14
15,-4:-4, 2, 6, -14, -8, -4, 0, 4, -2, -4, -20, -16
16,4:-4, 2, 6, -14, 2, -12, -20, -14, -20, 0, -26, 4
16,4:-4, 2, 6, -14, 2, -12, -20, -14, -20, 0, 4, -26
7,11:-4, 2, 6, 0, 8, 12, 12, 2, -4, 2, 16, -14
7,11:-4, 2, 6, 0, 8, 12, 12, 2, -4, 2, 16, -4
-2,-6:-4, 2, 6, 6, 2, -8, 2, -6, 4, 2, 2, -8
-2,-6:-4, 2, 6, 6, 2, -8, 2, -6, 4, 2, 2, -6
-2,-6:-4, 2, 6, 6, 2, -8, 2, -6, 4, 2, 2, -4
1,5:-4, 4, -10, -12, 6, -4, 10, -2, -8, -4, 2, 16
5,3:-4, 4, -10, -8, -6, -18, -4, -16, -4, 10, 14, 6
5,3:-4, 4, -10, -8, -6, -18, -4, -4, 10, 14, 6, -16
13,5:-4, 4, -10, 0, -8, -16, -18, -18, -10, -14, 4, -22
2,12:-4, 4, -10, 6, 4, 10, 10, 2, 0, 8, -8, 22
13,-1:-4, 4, -10, 6, 6, -14, -14, 10, -2, -26, 4, 8
13,-1:-4, 4, -10, 6, 6, -14, -14, 10, -2, -26, 4, 18
13,-1:-4, 4, -10, 6, 6, -14, -14, 10, -2, -26, 8, 4
13,-1:-4, 4, -10, 6, 6, -14, -14, 10, -2, 4, 8, -26
-5,2:-4, 4, -2, -12, -2, -10, 8, 10, -12, 6, 16, 18
-5,2:-4, 4, -2, -12, -2, -10, 8, 10, -12, 6, 16, 20
-5,2:-4, 4, -2, -12, -2, -10, 8, 10, -12, 6, 16, 22
-5,2:-4, 4, -2, -12, -2, -10, 8, 10, -12, 8, 20, 0
-5,2:-4, 4, -2, -12, -2, -10, 8, 10, -12, 8, 20, 2
-5,2:-4, 4, -2, -12, -2, -10, 8, 10, -12, 8, 20, 4
-5,2:-4, 4, -2, -12, -2, -10, 8, 10, -8, 6, 20, -8
-5,2:-4, 4, -2, -12, -2, -10, 8, 10, -8, 6, 20, -6
-5,2:-4, 4, -2, -12, -2, -10, 8, 10, -8, 6, 20, -4
-5,2:-4, 4, -2, -12, -2, -10, 8, 10, 0, 0, 20, -4
-5,2:-4, 4, -2, -12, -2, -10, 8, 10, 6, 20, -2, -18
-5,2:-4, 4, -2, -12, -2, -10, 8, 10, 6, 20, -2, -8
-1,7:-4, 4, -2, -12, -2, 8, -12, -8, 0, 6, 20, -8
-1,7:-4, 4, -2, -12, -2, 8, -12, -8, 0, 6, 20, -6
-1,7:-4, 4, -2, -12, -2, 8, -12, -8, 0, 6, 20, -4
-1,7:-4, 4, -2, -12, -2, 8, 0, 6, -10, -6, 20, -12
-1,7:-4, 4, -2, -12, -2, 8, 0, 6, -10, -6, 20, -8
-1,7:-4, 4, -2, -12, -2, 8, 0, 6, -10, 20, -10, -4
-1,7:-4, 4, -2, -12, -2, 8, 0, 6, -10, 20, -10, -2
-1,7:-4, 4, -2, -12, -2, 8, 0, 6, 0, -6, 20, -6
-1,7:-4, 4, -2, -12, -2, 8, 0, 6, 0, -6, 20, -4
-1,7:-4, 4, -2, -12, -2, 8, 0, 6, 0, -6, 20, -2
8,0:-4, 4, -2, -12, 0, -10, -16, -18, -10, -16, -18, 4
18,-12:-4, 4, -2, -12, 6, 4, -10, -2, 2, 0, -8, 4
-5,-6:-4, 4, -2, -8, -10, -12, -6, -2, 0, -6, 2, -6
-5,-6:-4, 4, -2, -8, -10, -12, -6, -2, 0, -4, -6, -10
-5,-6:-4, 4, -2, -8, -10, -12, -6, -2, 0, -4, -6, -8
-5,-6:-4, 4, -2, -8, -10, -12, -6, -2, 0, -4, -6, -6
-5,-6:-4, 4, -2, -8, -10, -12, -6, -2, 0, -4, 4, -14
-5,-6:-4, 4, -2, -8, -10, -12, -6, -2, 0, -2, -6, -4
-5,-6:-4, 4, -2, -8, -10, -12, -6, -2, 0, -2, -6, -2
-5,-6:-4, 4, -2, -8, -10, -12, -6, -2, 0, -2, -6, 0
3,13:-4, 4, 4, 4, -14, 6, -2, -2, 8, 2, 8, 22
7,11:-4, 4, 4, 4, -4, 2, 16, -8, -18, -20, -2, -10
7,11:-4, 4, 4, 4, -4, 2, 16, -8, -18, -20, -2, -8
7,11:-4, 4, 4, 4, -4, 2, 16, -8, -18, -20, -2, -6
7,11:-4, 4, 4, 4, -4, 2, 16, -8, -10, -20, -14, -6
7,11:-4, 4, 4, 4, -4, 2, 16, -8, -10, -20, -14, -4
7,11:-4, 4, 4, 4, -4, 2, 16, -8, -4, -14, -10, -14
7,11:-4, 4, 4, 4, -4, 2, 16, -8, -2, -12, -20, -12
7,11:-4, 4, 4, 4, -4, 2, 16, -8, -2, -12, -20, -10
7,11:-4, 4, 4, 4, -4, 2, 16, -8, -2, -12, -20, -8
7,11:-4, 4, 4, 6, 6, 6, 4, -14, -4, 2, 16, -2
7,11:-4, 4, 4, 6, 6, 6, 4, -4, 2, -2, 16, -2
14,10:-4, 4, 6, 4, -8, -14, -16, -16, 2, -4, -12, -20
1,7:-4, 4, 6, 4, 6, 6, -2, -14, 4, -6, 18, -14
1,7:-4, 4, 6, 4, 6, 6, -2, -14, 4, -6, 18, -10
1,7:-4, 4, 6, 4, 6, 6, -2, 4, -6, -6, 18, -16
1,7:-4, 4, 6, 4, 6, 6, -2, 4, -6, -6, 18, -14
1,7:-4, 4, 6, 4, 6, 6, -2, 4, -6, -6, 18, -12
13,7:6, -4, -4, 2, 0, -8, -14, -16, -8, -14, -16, 6
13,7:6, -4, -4, 2, 2, -8, -14, -16, -8, -14, -16, 6
10,14:6, -4, -4, 4, 4, 4, -4, 2, 16, -8, -20, -16
10,14:6, -4, -4, 4, 4, 4, -4, 2, 16, -8, -20, -14
10,14:6, -4, -4, 4, 4, 4, -4, 2, 16, -8, -2, -16
10,14:6, -4, -4, 4, 4, 6, 6, 4, -4, 2, 16, -2
8,14:6, -4, 6, -4, 6, 6, -2, -4, 4, -2, -4, 18
5,11:6, -4, 6, 6, -2, -4, -4, -10, -6, 4, 18, -18
5,11:6, -4, 6, 6, -2, -4, -4, -10, -6, 4, 18, -14
5,11:6, -4, 6, 6, -2, -4, -4, 4, 0, -10, 18, -8
5,11:6, -4, 6, 6, -2, -4, -4, 4, 0, -10, 18, -6
5,11:6, -4, 6, 6, -2, -4, -4, 4, 0, -10, 18, -4
4,16:6, -4, 6, 6, 14, 10, -4, 16, 12, 18, 16, -4
-18,20:6, 6, -4, 2, 10, -2, 34, 30, 36, 30, 22, 50
-18,20:6, 6, -4, 2, 10, -2, 34, 30, 36, 30, 50, 22
-18,20:6, 6, -4, 2, 10, -2, 34, 30, 36, 30, 50, 24
-18,20:6, 6, -4, 2, 10, -2, 34, 30, 36, 30, 50, 26
6,22:6, 6, -4, 2, 10, 16, 16, 16, 8, 14, 10, 28
6,22:6, 6, -4, 2, 10, 16, 16, 16, 8, 14, 28, 10
2,8:6, 6, -2, -4, -4, -10, -18, 4, -2, -8, 18, 0
2,9:6, 6, -2, -4, -4, -10, -18, 14, 8, 10, 4, 4
2,8:6, 6, -2, -4, -4, -10, -16, -16, -4, 4, 18, -14
2,8:6, 6, -2, -4, -4, -10, -16, -16, -4, 4, 18, -12
2,8:6, 6, -2, -4, -4, -10, -16, -16, -4, 4, 18, -10
2,8:6, 6, -2, -4, -4, -10, -8, 4, 0, -6, 18, -14
2,8:6, 6, -2, -4, -4, -10, -8, 4, 0, -6, 18, -4
2,8:6, 6, -2, -4, -4, -10, -6, -8, -14, 4, 18, -12
2,8:6, 6, -2, -4, -4, -10, -6, -8, -14, 4, 18, -2
2,8:6, 6, -2, -4, -4, -10, -6, -8, -10, 4, 18, -12
2,8:6, 6, -2, -4, -4, -10, -6, -8, -10, 4, 18, -10
2,8:6, 6, -2, -4, -4, -10, -6, -8, -10, 4, 18, -8
2,8:6, 6, -2, -4, -4, -10, -6, -8, -8, 4, 18, -16
2,9:6, 6, -2, -4, -4, -10, 14, 8, 10, 4, 4, -18
2,9:6, 6, -2, -4, -4, -10, 14, 8, 10, 4, 4, -14
2,8:6, 6, -2, -4, -4, 4, 0, -10, 0, -10, 18, -8
2,8:6, 6, -2, -4, -4, 4, 0, -10, 0, -10, 18, -6
2,8:6, 6, -2, -4, -4, 4, 0, -10, 0, -10, 18, -4
2,8:6, 6, -2, -4, -4, 4, 0, -10, 18, -10, -12, -4
2,8:6, 6, -2, -4, -4, 4, 0, 18, -2, -6, -14, -4
2,8:6, 6, -2, -4, -4, 4, 0, 18, -2, -6, -14, 0
2,8:6, 6, -2, -4, -4, 4, 0, 18, -2, -6, 0, -14
2,8:6, 6, -2, -4, -4, 4, 0, 18, -2, -6, 0, -4
6,14:6, 6, -2, -4, -4, 14, 8, 0, -8, -12, -8, 20
6,14:6, 6, -2, -4, -4, 14, 8, 0, -8, -12, 20, -8
6,14:6, 6, -2, -4, -4, 14, 8, 0, -8, -12, 20, 2
6,14:6, 6, -2, -4, -4, 14, 8, 0, -8, -8, 20, -14
6,14:6, 6, -2, -4, -4, 14, 8, 0, -8, -8, 20, -12
6,14:6, 6, -2, -4, -4, 14, 8, 0, -8, -8, 20, -10
2,8:6, 6, -2, -4, 4, -2, -8, -8, -10, -4, 18, -18
2,8:6, 6, -2, -4, 4, -2, -8, -8, -10, -4, 18, -8
2,8:6, 6, -2, -4, 4, -2, -8, -8, -2, -2, 18, -16
2,8:6, 6, -2, -4, 4, -2, -8, -8, -2, -2, 18, -6
4,16:6, 6, -2, -4, 4, -2, 10, 12, 0, 4, 10, 24
6,20:6, 6, -2, -4, 16, 4, 24, 12, -2, 6, 12, 26
2,16:6, 6, -2, 12, 12, 14, 16, 14, 6, 0, 12, 26
5,13:6, 6, -2, 14, 8, 0, -2, 6, 0, -2, 20, 0
-1,15:6, 6, 8, -4, -8, 10, 16, 16, 4, 8, 14, 28
-2,10:6, 6, 8, -4, 2, 10, 4, 2, 10, 4, 24, -10
-2,10:6, 6, 8, -4, 2, 10, 4, 2, 10, 4, 24, -8
-2,10:6, 6, 8, -4, 2, 10, 4, 2, 10, 4, 24, -6
-3,-3:6, 6, 8, -4, 4, -20, -10, -10, -8, -14, 6, -12
-2,10:6, 6, 8, 2, 10, 4, 2, 2, 10, 6, 24, -2
-9,11:6, 6, 8, 10, 4, 20, 16, 4, 12, 6, 18, 32
-6,16:6, 6, 14, 10, -4, 6, 16, 22, 22, 4, 4, 14
1,13:6, 6, 14, 10, -4, 16, 12, 24, 18, 16, -4, 30
-6,-2:6, 6, 14, 10, 4, -6, 4, 12, -10, 14, 14, 16
-6,-2:6, 6, 14, 10, 4, -6, 4, 12, -10, 14, 14, 26
-6,-2:6, 6, 14, 10, 4, -6, 4, 12, -10, 14, 16, 14
-6,-2:6, 6, 14, 10, 4, -6, 4, 12, -10, 14, 16, 18
-6,-2:6, 6, 14, 10, 4, -6, 4, 12, -10, 18, 14, 6
-6,-2:6, 6, 14, 10, 4, -6, 4, 12, -10, 18, 22, 8
-6,-2:6, 6, 14, 10, 4, -6, 4, 12, -10, 18, 22, 10
-6,-2:6, 6, 14, 10, 4, -6, 4, 12, -10, 18, 22, 12
-6,-2:6, 6, 14, 10, 4, -6, 4, 12, -2, 18, 14, 2
-6,-2:6, 6, 14, 10, 4, -6, 4, 12, -2, 18, 16, -8
-6,-2:6, 6, 14, 10, 4, -6, 4, 12, -2, 18, 16, -6
-6,-2:6, 6, 14, 10, 4, -6, 4, 12, -2, 18, 16, -4
-6,-2:6, 6, 14, 10, 4, -6, 4, 12, -2, 18, 22, 6
-6,12:6, 6, 14, 10, 4, 10, 16, 10, 16, 10, 30, -2
-6,12:6, 6, 14, 10, 4, 10, 16, 10, 16, 10, 30, 0
-6,12:6, 6, 14, 10, 4, 10, 16, 10, 16, 10, 30, 2
-6,16:6, 6, 14, 10, 6, 16, 22, 22, 4, 6, 14, -4
-6,16:6, 6, 14, 10, 6, 16, 22, 22, 4, 6, 14, -2
-6,16:6, 6, 14, 10, 6, 16, 22, 22, 4, 6, 14, 0
8,22:6, 6, 16, -16, 14, 14, 6, 4, 12, 6, 4, 26
10,2:6, 6, 16, -8, -8, -16, -18, -10, -16, -18, 6, 4
3,2:6, 6, 16, -8, -8, -6, -12, -4, 2, -20, -8, 0
3,2:6, 6, 16, -8, -8, -6, -12, -4, 2, -20, -8, 8
3,2:6, 6, 16, -8, -8, -6, -12, -4, 2, -20, 0, -8
3,2:6, 6, 16, -8, -8, -6, -12, -4, 2, -20, 0, -6
3,2:6, 6, 16, -8, -8, -6, -12, -4, 2, -8, 0, -20
3,2:6, 6, 16, -8, -8, -6, -12, -4, 2, -8, 0, -12
