8,-1:-4, 4, -2, 6, 4, 4, -16
8,-1:-4, 4, -2, 6, 6, 2, -16, 10
13,-2:-4, -12, -8, -14, -10, -16, -14, 2, 6
13,2:-4, -12, 4, -6, 2, -4, 6, 10, -18
8,-1:-4, 4, -2, 6, 6, 2, 12, -16, 6
8,-1:-4, 4, -2, 6, 6, 2, 12, -16, 8
8,-1:-4, 4, -2, 6, 6, 2, 12, -16, 10
8,-1:-4, 4, -2, 6, 6, 12, 6, -16, 16
8,-1:-4, 4, -2, 6, 6, 12, 6, -16, 20
11,2:6, -4, -4, 4, -2, 6, 4, 4, -16
12,-9:-4, -12, -8, -18, -14, -8, -14, -8, -28, 2
12,-9:-4, -12, -8, -18, -14, -8, -14, -8, -28, 4
12,-9:-4, -12, -8, -18, -14, -8, -14, -8, -28, 6
12,-9:-4, -12, -8, -18, -14, -8, -14, -8, 2, -28
-2,-9:-4, -12, -8, -2, 8, -2, -10, -22, -14, 8
-2,-9:-4, -12, -8, -2, 8, -2, -10, -22, -14, 10
-2,-9:-4, -12, -8, -2, 8, -2, -10, -22, -14, 12
-2,-9:-4, -12, -8, -2, 8, -2, -10, -22, 8, -14
-2,-9:-4, -12, -8, -2, 8, -2, -10, 4, -4, -20
-2,-9:-4, -12, -8, -2, 8, -2, -10, 4, -4, -10
0,-10:-4, -12, 4, -6, -14, -8, -20, -20, -4, -8
10,-5:-4, -6, 0, -8, -2, -8, 0, -2, -2, -22
15,0:-4, -6, 6, -8, -12, -28, 6, -4, -24, -24
15,0:-4, -6, 6, -8, -12, -28, 6, -4, -24, -22
10,-5:-4, -6, 6, 0, -8, -2, -8, -2, 6, -22
18,-3:-4, 4, -10, 6, 0, -16, -8, -14, 14, -28
16,1:-4, 4, -2, -14, -8, -10, -2, -8, 2, -22
12,1:-4, 4, -2, -14, 6, 4, -2, 2, -4, -18
-2,2:-4, 4, -2, -14, 6, 6, 2, -2, 10, 6
8,-1:-4, 4, -2, 6, 6, 2, 12, -16, 2, 6
8,-1:-4, 4, -2, 6, 6, 2, 12, -16, 2, 8
8,-1:-4, 4, -2, 6, 6, 12, 6, -16, 18, 10
8,-1:-4, 4, -2, 6, 6, 12, 6, -16, 18, 12
8,-1:-4, 4, -2, 6, 6, 12, 6, -16, 18, 14
11,2:6, -4, -4, 4, -2, 6, 6, 2, -16, 10
14,7:6, 6, -2, -2, -2, 6, 0, -14, 16, 6
14,7:6, 6, -2, -2, -2, 6, 0, 16, 6, -14
22,5:-4, -14, -12, 14, -12, -4, -10, -2, -4, -4, -24
2,7:-4, -14, -8, 10, 10, 18, 12, 20, 18, 18, -2
2,0:-4, -14, 10, 10, 8, 14, 6, 0, -6, 8, 14
2,0:-4, -14, 10, 10, 8, 14, 6, 0, -6, 8, 22
2,0:-4, -14, 10, 10, 8, 14, 6, 0, -6, 14, 8
2,0:-4, -14, 10, 10, 8, 14, 6, 0, -6, 14, 10
2,0:-4, -14, 10, 10, 8, 14, 6, 0, 8, 14, -6
2,0:-4, -14, 10, 10, 8, 14, 6, 0, 8, 14, 2
12,-9:-4, -12, -8, -18, -14, -8, -14, -8, -28, -2, 0
12,-9:-4, -12, -8, -18, -14, -8, -14, -8, -28, -2, 2
12,-9:-4, -12, -8, -18, -14, -8, -14, -8, -28, -2, 4
16,-9:-4, -12, -8, -14, -20, -20, -2, -6, -4, -12, 2
16,-9:-4, -12, -8, -14, -20, -20, -2, -6, -4, -12, 4
16,-9:-4, -12, -8, -14, -20, -20, -2, -6, -4, -12, 6
16,-9:-4, -12, -8, -14, -20, -20, -2, -6, -4, 2, -12
13,-2:-4, -12, -8, -14, -10, -22, -16, -14, 2, 6, -28
-2,-9:-4, -12, -8, -2, 8, -2, -10, -22, -20, 4, -4
-2,-9:-4, -12, -8, -2, 8, -2, -10, -22, -20, 8, -10
-2,-9:-4, -12, -8, -2, 8, -2, -10, -22, -20, 8, -8
-2,-9:-4, -12, -8, -2, 8, -2, -10, -22, -20, 8, -6
-2,-9:-4, -12, -8, -2, 8, -2, -10, -22, -14, 4, 6
-2,-9:-4, -12, -8, -2, 8, -2, -10, -22, -14, 4, 8
-2,-9:-4, -12, -8, -2, 8, -2, -10, -22, -14, 4, 10
-2,-9:-4, -12, -8, -2, 8, -2, -10, -22, -12, 8, -4
-2,-9:-4, -12, -8, -2, 8, -2, -10, -22, 4, -12, 0
-2,-9:-4, -12, -8, -2, 8, -2, -10, -12, -24, 8, -16
-2,-9:-4, -12, -8, -2, 8, -2, -10, -12, -24, 8, -12
-2,-9:-4, -12, -8, -2, 8, -2, -10, -12, -12, 8, -24
-2,-9:-4, -12, -8, -2, 8, -2, -10, -12, -12, 8, -14
9,-1:-4, -12, 4, -6, -8, -2, 6, 6, 12, -2, 16
9,-1:-4, -12, 4, -6, -8, -2, 6, 6, 12, -2, 20
9,-1:-4, -12, 4, -6, -8, -2, 6, 6, 12, 16, -2
13,2:-4, -12, 4, -6, 2, -4, 4, 2, 2, -18, 2
14,3:-4, -12, 4, -6, 2, 6, 6, 10, -18, 0, 12
14,3:-4, -12, 4, -6, 2, 6, 6, 10, -18, 0, 14
14,3:-4, -12, 4, -6, 2, 6, 6, 10, -18, 0, 16
14,3:-4, -12, 4, -6, 2, 6, 6, 10, -18, 14, 0
14,3:-4, -12, 4, -6, 2, 6, 6, 10, -18, 14, 10
14,3:-4, -12, 4, -6, 2, 6, 6, 10, 0, 12, -18
20,3:-4, -6, -14, 6, -2, -22, -10, -4, -10, 4, -24
16,-7:-4, -6, -8, -20, -20, -10, -16, -8, -10, -10, -30
11,-12:-4, -6, -8, -18, -2, -14, -6, -10, -16, -4, -30
10,-5:-4, -6, 0, -8, -2, -8, 0, 0, -4, -22, 4
-3,-6:-4, -6, 6, -2, -4, 22, 12, 12, 10, 16, 14
10,-5:-4, -6, 6, 0, -8, -2, -8, 0, -2, -22, 8
10,-5:-4, -6, 6, 0, -8, -2, -8, 0, -2, -22, 10
10,-5:-4, -6, 6, 0, -8, -2, -8, 0, -2, -22, 12
15,-4:-4, -6, 6, 10, -10, -14, -14, -6, -12, -2, -26
22,3:-4, 2, 0, -8, -14, -14, -14, -6, -12, -26, -8
22,3:-4, 2, 0, -8, -14, -14, -14, -6, -12, -8, -26
20,-21:-4, 2, 0, -8, 4, -32, -28, -34, -28, -48, -24
20,-21:-4, 2, 0, -8, 4, -32, -28, -34, -28, -48, -22
20,-21:-4, 2, 0, -8, 4, -32, -28, -34, -28, -48, -20
20,-21:-4, 2, 0, -8, 4, -32, -28, -34, -28, -24, -48
16,-1:-4, 4, -10, -12, -12, -14, -12, -4, -10, 2, -24
16,1:-4, 4, -2, -8, -10, -2, -8, 6, 4, 2, -22
8,-1:-4, 4, -2, 6, 4, 10, 10, 0, 4, -16, 8
8,-1:-4, 4, -2, 6, 4, 10, 10, 0, 4, -16, 18
8,-1:-4, 4, -2, 6, 4, 10, 10, 12, 6, -16, 10
8,-1:-4, 4, -2, 6, 4, 10, 10, 12, 6, -16, 20
8,-1:-4, 4, -2, 6, 6, 2, -16, 4, 8, 2, 6
8,-1:-4, 4, -2, 6, 6, 2, -16, 4, 8, 2, 16
8,-1:-4, 4, -2, 6, 6, 2, -16, 4, 8, 16, 2
8,-1:-4, 4, -2, 6, 6, 2, -16, 4, 8, 16, 6
8,-1:-4, 4, -2, 6, 6, 2, 12, -16, 2, 12, 6
8,-1:-4, 4, -2, 6, 6, 2, 12, -16, 2, 12, 8
8,-1:-4, 4, -2, 6, 6, 2, 12, -16, 2, 12, 10
8,-1:-4, 4, -2, 6, 6, 2, 12, -16, 12, 14, 6
8,-1:-4, 4, -2, 6, 6, 12, 2, 10, 8, -16, 6
8,-1:-4, 4, -2, 6, 6, 12, 2, 10, 8, -16, 16
8,-1:-4, 4, -2, 6, 6, 12, 6, -16, 10, 10, 18
8,-1:-4, 4, -2, 6, 6, 12, 6, -16, 10, 12, 10
8,-1:-4, 4, -2, 6, 6, 12, 6, -16, 10, 12, 12
8,-1:-4, 4, -2, 6, 6, 12, 6, -16, 10, 12, 14
8,-1:-4, 4, -2, 6, 6, 12, 6, -16, 10, 16, 4
8,-1:-4, 4, -2, 6, 6, 12, 6, -16, 10, 16, 14
8,-1:-4, 4, -2, 6, 6, 12, 6, -16, 18, 18, 12
8,-1:-4, 4, -2, 6, 6, 12, 6, -16, 18, 18, 14
8,-1:-4, 4, -2, 6, 6, 12, 6, -16, 18, 18, 16
8,-1:-4, 4, -2, 6, 6, 12, 16, 4, 10, -16, 2
16,1:6, -4, -4, -12, -8, -14, -10, -16, -14, 2, 6
16,5:6, -4, -4, -12, 4, -6, 2, -4, 6, 10, -18
11,2:6, -4, -4, 4, -2, 6, 6, 2, 12, -16, 6
11,2:6, -4, -4, 4, -2, 6, 6, 2, 12, -16, 8
11,2:6, -4, -4, 4, -2, 6, 6, 2, 12, -16, 10
11,2:6, -4, -4, 4, -2, 6, 6, 12, 6, -16, 16
11,2:6, -4, -4, 4, -2, 6, 6, 12, 6, -16, 20
14,5:6, -4, 6, -4, -4, 4, -2, 6, 4, 4, -16
7,10:6, 6, -4, 0, 10, 16, 10, 18, 16, 16, -4
7,10:6, 6, -4, 2, 10, 16, 10, 18, 16, 16, -4
14,7:6, 6, -2, -4, -4, -2, -2, 6, 0, -14, 4
14,7:6, 6, -2, -2, -2, 6, 0, -14, 10, 4, 18
14,7:6, 6, -2, -2, -2, 6, 0, -14, 10, 22, 16
14,7:6, 6, -2, -2, -2, 6, 0, -14, 10, 22, 18
14,13:6, 6, 16, -16, 4, 12, 6, 14, 12, 12, -8
22,5:-4, -14, -12, 14, -12, -4, -10, -2, -2, -6, -24, 2
2,7:-4, -14, -8, 10, 10, 18, 12, 20, 20, 16, -2, 24
5,12:-4, -14, -8, 20, 12, 12, 12, 20, 14, 0, 30, 20
5,12:-4, -14, -8, 20, 12, 12, 12, 20, 14, 30, 20, 0
2,0:-4, -14, 10, 10, 8, 14, 6, 0, -6, 8, 12, 12
2,0:-4, -14, 10, 10, 8, 14, 6, 0, -6, 8, 12, 16
2,0:-4, -14, 10, 10, 8, 14, 6, 0, -6, 8, 12, 22
2,0:-4, -14, 10, 10, 8, 14, 6, 0, -6, 8, 18, 18
2,0:-4, -14, 10, 10, 8, 14, 6, 0, -6, 8, 18, 22
2,0:-4, -14, 10, 10, 8, 14, 6, 0, -6, 14, 14, 8
2,0:-4, -14, 10, 10, 8, 14, 6, 0, -6, 14, 14, 10
2,0:-4, -14, 10, 10, 8, 14, 6, 0, -6, 14, 14, 12
2,0:-4, -14, 10, 10, 8, 14, 6, 0, -4, 8, 14, -14
2,0:-4, -14, 10, 10, 8, 14, 6, 0, -4, 8, 14, -10
2,0:-4, -14, 10, 10, 8, 14, 6, 0, -2, 8, 14, -6
2,0:-4, -14, 10, 10, 8, 14, 6, 0, -2, 8, 14, -2
2,0:-4, -14, 10, 10, 8, 14, 6, 0, 4, 8, 14, -6
2,0:-4, -14, 10, 10, 8, 14, 6, 0, 4, 8, 14, 0
2,0:-4, -14, 10, 10, 8, 14, 6, 0, 4, 8, 14, 4
2,0:-4, -14, 10, 10, 8, 20, 14, 6, 0, -6, 16, 10
-6,0:-4, -14, 10, 10, 8, 20, 14, 6, 0, 24, 12, 0
2,0:-4, -14, 10, 10, 8, 20, 18, 6, 0, -6, 8, 24
8,9:-4, -14, 10, 10, 16, 16, 6, 10, -2, -10, -2, 18
8,9:-4, -14, 10, 10, 16, 16, 6, 10, -2, -10, 18, -2
25,10:-4, -14, 14, -2, -10, -10, -10, -2, -8, -22, 8, -2
25,10:-4, -14, 14, -2, -10, -10, -10, -2, -8, 8, -2, -22
-1,-1:-4, -12, -14, -4, -2, 6, 2, 8, 8, 14, -8, 10
-1,-1:-4, -12, -14, -4, -2, 6, 2, 8, 8, 14, 10, -8
-1,-1:-4, -12, -14, -4, -2, 6, 2, 8, 8, 14, 10, 2
19,2:-4, -12, -14, -4, 2, -6, -12, 4, -2, -10, -2, 6
19,2:-4, -12, -14, -4, 2, -6, -12, 4, -2, -10, -2, 8
19,2:-4, -12, -14, -4, 2, -6, -12, 4, -2, -10, -2, 10
15,-2:-4, -12, -14, 4, -6, -8, -2, -10, -4, -10, -4, -24
13,2:-4, -12, -14, 4, -6, 2, -4, 4, 2, 2, -18, 0
12,-9:-4, -12, -8, -18, -14, -8, -14, -8, -28, -2, 8, 2
12,-9:-4, -12, -8, -18, -14, -8, -14, -8, -28, -2, 8, 4
12,-9:-4, -12, -8, -18, -14, -8, -14, -8, -28, -2, 8, 6
12,-9:-4, -12, -8, -18, -14, -8, -14, -8, -28, 8, 10, 2
16,-9:-4, -12, -8, -14, -20, -20, -2, -6, -4, -12, -2, 0
16,-9:-4, -12, -8, -14, -20, -20, -2, -6, -4, -12, -2, 2
16,-9:-4, -12, -8, -14, -20, -20, -2, -6, -4, -12, -2, 4
13,-2:-4, -12, -8, -14, -20, -6, -18, -10, -14, 2, 6, -6
13,-2:-4, -12, -8, -14, -20, -6, -18, -10, -14, 2, 6, -4
7,1:-4, -12, -8, -14, -20, -6, -6, -4, -2, -6, 4, -16
13,-2:-4, -12, -8, -14, -10, -22, -20, -26, -14, 2, 6, -22
13,-2:-4, -12, -8, -14, -10, -22, -20, -26, -14, 2, 6, -20
-9,-17:-4, -12, -8, -14, 0, -20, -22, 6, 6, -2, -26, -6
-9,-17:-4, -12, -8, -14, 0, -20, -22, 6, 6, -2, -26, -4
-9,-17:-4, -12, -8, -14, 0, -20, -22, 6, 6, -2, -26, -2
11,-3:-4, -12, -8, -4, -14, -4, -2, -2, -12, -14, 2, 0
11,-3:-4, -12, -8, -4, -14, -4, -2, -2, -12, -14, 2, 2
11,-3:-4, -12, -8, -4, -14, -4, -2, -2, -12, -14, 2, 4
11,-3:-4, -12, -8, -4, -14, -4, -2, -2, -12, 2, 0, -14
11,-3:-4, -12, -8, -4, -14, -4, -2, -2, -12, 2, 0, -12
11,-3:-4, -12, -8, -4, -14, -4, -2, -2, -12, 2, 0, -10
27,4:-4, -12, -8, -4, -2, -2, 4, 4, -20, -16, -8, -10
13,-2:-4, -12, -8, -2, -14, -20, -20, 0, -14, -14, 6, -8
13,-2:-4, -12, -8, -2, -14, -20, -20, 0, -14, -14, 6, -6
13,-2:-4, -12, -8, -2, -14, -20, -20, 0, -14, -14, 6, -4
13,-2:-4, -12, -8, -2, -14, -20, -20, 0, -8, -14, 6, -6
-2,-9:-4, -12, -8, -2, 8, -2, -10, -22, -20, -2, 8, -8
-2,-9:-4, -12, -8, -2, 8, -2, -10, -22, -20, -2, 8, -6
-2,-9:-4, -12, -8, -2, 8, -2, -10, -22, -20, -2, 8, -4
-2,-9:-4, -12, -8, -2, 8, -2, -10, -22, -14, 4, 14, 8
-2,-9:-4, -12, -8, -2, 8, -2, -10, -22, -14, 4, 14, 10
-2,-9:-4, -12, -8, -2, 8, -2, -10, -22, -14, 4, 14, 12
-2,-9:-4, -12, -8, -2, 8, -2, -10, -22, -12, -8, 8, -6
-2,-9:-4, -12, -8, -2, 8, -2, -10, -22, -12, -8, 8, 4
-2,-9:-4, -12, -8, -2, 8, -2, -10, -22, -12, -2, 4, -2
-2,-9:-4, -12, -8, -2, 8, -2, -10, -22, -12, -2, 4, 0
-2,-9:-4, -12, -8, -2, 8, -2, -10, -22, -12, -2, 4, 2
-2,-9:-4, -12, -8, -2, 8, -2, -10, -22, -12, -2, 8, -4
-2,-9:-4, -12, -8, -2, 8, -2, -10, -22, -12, -2, 8, -2
-2,-9:-4, -12, -8, -2, 8, -2, -10, -22, -12, -2, 8, 0
-2,-9:-4, -12, -8, -2, 8, -2, -10, -22, -12, 4, 8, -8
-2,-9:-4, -12, -8, -2, 8, -2, -10, -22, -12, 4, 8, -6
-2,-9:-4, -12, -8, -2, 8, -2, -10, -22, -12, 4, 8, -4
-2,-9:-4, -12, -8, -2, 8, -2, -10, -22, -12, 6, -4, 4
-2,-9:-4, -12, -8, -2, 8, -2, -10, -22, -12, 6, -4, 6
-2,-9:-4, -12, -8, -2, 8, -2, -10, -22, -12, 6, -4, 8
-2,-9:-4, -12, -8, -2, 8, -2, -10, -22, -12, 6, 0, -8
-2,-9:-4, -12, -8, -2, 8, -2, -10, -22, -12, 6, 0, 0
-2,-9:-4, -12, -8, -2, 8, -2, -10, -22, -12, 6, 2, 2
-2,-9:-4, -12, -8, -2, 8, -2, -10, -22, -12, 6, 2, 6
-2,-9:-4, -12, -8, -2, 8, -2, -10, -22, -12, 6, 4, -4
-2,-9:-4, -12, -8, -2, 8, -2, -10, -22, -12, 6, 4, -2
-2,-9:-4, -12, -8, -2, 8, -2, -10, -22, -12, 6, 4, 0
-2,-9:-4, -12, -8, -2, 8, -2, -10, -22, 4, -12, -2, 6
-2,-9:-4, -12, -8, -2, 8, -2, -10, -22, 4, -12, 2, 0
-2,-9:-4, -12, -8, -2, 8, -2, -10, -22, 4, -12, 2, 2
-2,-9:-4, -12, -8, -2, 8, -2, -10, -22, 4, -12, 2, 4
-2,-9:-4, -12, -8, -2, 8, -2, -10, -12, -24, -14, 8, -22
-2,-9:-4, -12, -8, -2, 8, -2, -10, -12, -24, -14, 8, -20
-2,-9:-4, -12, -8, -2, 8, -2, -10, -12, -24, -14, 8, -18
-2,-9:-4, -12, -8, -2, 8, -2, -10, -8, -12, -8, 8, -16
15,-6:-4, -12, -4, -8, -16, -16, -8, -14, -6, -8, -8, -28
3,-12:-4, -12, -4, -2, 6, 6, 6, 4, 16, 6, 4, 16
3,-12:-4, -12, -4, -2, 6, 6, 6, 4, 16, 6, 16, 4
3,-12:-4, -12, -4, -2, 6, 6, 6, 4, 16, 6, 16, 6
3,-12:-4, -12, -4, -2, 6, 6, 6, 4, 16, 6, 16, 8
19,6:-4, -12, 4, -6, -14, -16, 2, -8, 0, 4, 4, 8
14,-11:-4, -12, 4, -6, -14, -8, -20, -20, -12, -18, -14, -32
9,-1:-4, -12, 4, -6, -8, -2, 6, 6, 12, -2, 18, 10
9,-1:-4, -12, 4, -6, -8, -2, 6, 6, 12, -2, 18, 12
9,-1:-4, -12, 4, -6, -8, -2, 6, 6, 12, -2, 18, 14
9,-1:-4, -12, 4, -6, 0, -2, 6, 6, 12, -2, 16, -14
9,-1:-4, -12, 4, -6, 0, -2, 6, 6, 12, -2, 16, -4
13,2:-4, -12, 4, -6, 2, -4, 4, 4, 10, 4, -18, 14
13,2:-4, -12, 4, -6, 2, -4, 4, 4, 10, 4, -18, 18
13,2:-4, -12, 4, -6, 2, -4, 4, 4, 10, 4, 14, -18
14,3:-4, -12, 4, -6, 2, 6, 6, 10, -18, 0, 8, 10
14,3:-4, -12, 4, -6, 2, 6, 6, 10, -18, 0, 8, 12
14,3:-4, -12, 4, -6, 2, 6, 6, 10, -18, 0, 8, 14
9,-1:-4, -12, 4, 6, 6, 12, -6, -8, 4, -2, -2, 14
9,-1:-4, -12, 4, 6, 6, 12, -6, -8, 10, 8, -2, 0
9,-1:-4, -12, 4, 6, 6, 12, -6, -8, 10, 8, -2, 10
8,1:-4, -6, -14, -2, -2, -2, 6, 0, 8, 6, 6, -14
20,3:-4, -6, -14, 6, -2, -22, -10, -4, -10, -6, -24, 0
20,3:-4, -6, -14, 6, -2, -22, -10, -4, -10, -6, -24, 2
20,3:-4, -6, -14, 6, -2, -22, -10, -4, -10, -6, -24, 4
20,3:-4, -6, -14, 6, -2, -20, -10, -4, -10, 4, -24, -30
20,3:-4, -6, -14, 6, -2, -20, -10, -4, -10, 4, -24, -26
4,-6:-4, -6, -14, 6, -2, -18, -16, -14, -16, -14, -4, -8
5,6:-4, -6, -14, 6, 0, 8, 14, 8, 16, 14, 14, -6
8,3:-4, -6, -14, 6, 4, 0, 8, 2, 10, 8, 8, -12
16,-7:-4, -6, -8, -20, -20, -10, -16, -8, -8, -12, -30, -4
11,-12:-4, -6, -8, -18, -2, -14, -6, -10, -16, -8, -30, -8
11,-12:-4, -6, -8, -18, -2, -14, -6, -10, -16, -8, -30, -6
11,-12:-4, -6, -8, -18, -2, -14, -6, -10, -16, -8, -30, -4
-1,-13:-4, -6, -8, -16, -28, -28, -28, -14, -8, -26, 2, -22
12,-9:-4, -6, -8, -16, -28, -24, -14, -8, -14, -8, -28, 0
12,-9:-4, -6, -8, -16, -28, -24, -14, -8, -14, -8, -28, 2
12,-17:-4, -6, -8, -16, -28, -22, -14, 6, 0, -14, 4, -18
24,-1:-4, -6, -8, -4, -14, -20, -20, -20, -12, -18, -32, -14
24,-1:-4, -6, -8, -4, -14, -20, -20, -20, -12, -18, -14, -32
22,-25:-4, -6, -8, -4, -14, -2, -38, -34, -40, -34, -54, -30
22,-25:-4, -6, -8, -4, -14, -2, -38, -34, -40, -34, -54, -28
22,-25:-4, -6, -8, -4, -14, -2, -38, -34, -40, -34, -54, -26
22,-25:-4, -6, -8, -4, -14, -2, -38, -34, -40, -34, -30, -54
15,-6:-4, -6, 0, -8, -18, -14, -20, -16, -22, -20, -4, 0
10,-5:-4, -6, 0, -8, -2, -8, 0, 0, -4, 6, -22, 0
10,-5:-4, -6, 0, -8, -2, -8, 0, 0, -4, 6, -22, 2
10,-5:-4, -6, 0, -8, -2, -8, 0, 0, -4, 6, -22, 4
10,-5:-4, -6, 0, -8, -2, -8, 0, 0, 6, 0, -22, 10
10,-5:-4, -6, 0, -8, -2, -8, 0, 0, 6, 0, -22, 14
14,-1:-4, -6, 6, -8, -18, -20, -10, -2, -8, 6, 2, -22
18,-1:-4, -6, 6, -8, 10, -2, -22, -20, -6, -6, -12, -26
-6,1:-4, -6, 6, -2, -14, 12, 20, 14, 22, 20, 20, 0
-3,0:-4, -6, 6, -2, -10, 12, 10, 8, 12, 2, 14, 12
-3,0:-4, -6, 6, -2, -10, 12, 10, 8, 12, 2, 14, 14
-3,0:-4, -6, 6, -2, -10, 12, 10, 8, 12, 2, 14, 16
-6,1:-4, -6, 6, -2, 12, 20, 14, 22, 20, 20, 0, -14
-6,1:-4, -6, 6, -2, 12, 20, 14, 22, 20, 20, 0, -6
10,-5:-4, -6, 6, 0, -8, -2, -8, 0, -2, -22, 16, 10
10,-5:-4, -6, 6, 0, -8, -2, -8, 0, -2, -22, 16, 12
10,-5:-4, -6, 6, 0, -8, -2, -8, 0, -2, -22, 16, 14
10,-5:-4, -6, 6, 0, -8, -2, -8, 0, 0, -4, -22, 2
10,-5:-4, -6, 6, 0, -8, -2, -8, 0, 0, -4, -22, 10
10,-5:-4, -6, 6, 0, -8, -2, -8, 0, 0, 2, -22, 4
10,-5:-4, -6, 6, 0, -8, -2, -8, 0, 0, 2, -22, 8
10,-5:-4, -6, 6, 0, 14, -14, -8, -2, -8, -4, -22, -2
10,-5:-4, -6, 6, 0, 14, -14, -8, -2, -8, -4, -22, 8
10,-5:-4, -6, 6, 0, 14, -14, -8, -2, -8, -2, -22, 8
10,-5:-4, -6, 6, 0, 14, -14, -8, -2, -8, -2, -22, 12
10,-5:-4, -6, 6, 0, 14, -14, -8, -2, -8, -2, 2, -22
-1,-2:-4, -6, 6, 4, -8, -12, 10, -2, -14, -24, -8, -10
-1,-2:-4, -6, 6, 4, -8, -12, 10, -2, -14, -8, -10, -24
-1,-2:-4, -6, 6, 4, -8, -12, 10, -2, -14, -8, -10, -14
-1,-2:-4, -6, 6, 4, -8, -4, 10, -2, -14, -20, -16, -20
-1,-2:-4, -6, 6, 4, -8, -4, 10, -2, -14, -20, -16, -10
-1,-2:-4, -6, 6, 4, -8, -4, 10, -2, -14, -20, -10, -16
-1,-2:-4, -6, 6, 4, -8, -4, 10, -2, -14, -20, -10, -12
-1,-2:-4, -6, 6, 4, -8, -2, -8, -20, 10, -2, -8, -14
10,-3:-4, -6, 6, 4, -2, -30, -4, -4, 0, -6, 0, -20
10,-5:-4, -6, 6, 6, 2, -8, -2, -8, 2, -6, -22, 10
10,-5:-4, -6, 6, 6, 2, -8, -2, -8, 2, 0, -22, 8
10,-5:-4, -6, 6, 6, 2, -8, -2, -8, 2, 0, -22, 12
7,-9:-4, 2, 0, -8, -4, -16, -14, -8, -4, -4, -4, -10
20,-21:-4, 2, 0, -8, 4, -32, -28, -34, -28, -48, -16, -22
20,-21:-4, 2, 0, -8, 4, -32, -28, -34, -28, -48, -16, -20
20,-21:-4, 2, 0, -8, 4, -32, -28, -34, -28, -48, -16, -18
22,3:-4, 2, 2, -8, -14, -14, -14, -6, -12, -26, 4, -6
18,-5:-4, 2, 6, 0, 14, -16, -18, -6, -10, -16, -30, -4
18,-5:-4, 2, 6, 0, 14, -16, -18, -6, -10, -16, -10, -30
-3,-3:-4, 2, 6, 6, 12, 18, 8, 16, 10, -10, 12, -16
-3,-3:-4, 2, 6, 6, 12, 18, 8, 16, 10, -10, 12, -6
20,-7:-4, 4, -10, 2, -16, -18, -12, -20, -14, -20, -6, -34
18,-3:-4, 4, -10, 2, -16, -8, -14, -6, -8, -8, -28, -4
12,7:-4, 4, -2, -12, -6, 2, 8, 2, 10, 8, 8, -12
12,-7:-4, 4, -2, -8, -10, -2, -10, -14, -6, -12, -6, -26
16,1:-4, 4, -2, -8, -10, -2, -8, 0, -2, -2, -22, -4
16,1:-4, 4, -2, -8, -10, -2, -8, 0, -2, -2, -22, 0
43,-6:-4, 4, -2, 6, 4, 0, -30, -36, -48, -46, -50, -26
43,-6:-4, 4, -2, 6, 4, 0, -30, -36, -48, -46, -50, -22
43,-6:-4, 4, -2, 6, 4, 0, -30, -36, -48, -46, -26, -50
8,-1:-4, 4, -2, 6, 4, 10, 10, 12, 14, -16, 8, 22
8,-1:-4, 4, -2, 6, 4, 10, 10, 12, 14, -16, 26, 20
8,-1:-4, 4, -2, 6, 4, 10, 10, 12, 14, -16, 26, 22
8,-1:-4, 4, -2, 6, 6, 2, 12, -16, 2, 12, 2, 4
8,-1:-4, 4, -2, 6, 6, 2, 12, -16, 2, 12, 2, 6
8,-1:-4, 4, -2, 6, 6, 2, 12, -16, 2, 12, 2, 8
8,-1:-4, 4, -2, 6, 6, 2, 12, -16, 12, 2, 6, 10
8,-1:-4, 4, -2, 6, 6, 2, 12, -16, 12, 2, 6, 20
8,-1:-4, 4, -2, 6, 6, 2, 12, -16, 12, 4, 22, 8
8,-1:-4, 4, -2, 6, 6, 2, 12, -16, 12, 4, 22, 12
8,-1:-4, 4, -2, 6, 6, 2, 12, -16, 12, 14, 8, 12
8,-1:-4, 4, -2, 6, 6, 2, 12, -16, 12, 14, 8, 22
8,-1:-4, 4, -2, 6, 6, 12, 2, 16, 8, 2, -16, 4
8,-1:-4, 4, -2, 6, 6, 12, 2, 16, 8, 2, -16, 14
8,-1:-4, 4, -2, 6, 6, 12, 6, -16, 10, 10, 8, 14
8,-1:-4, 4, -2, 6, 6, 12, 6, -16, 10, 10, 8, 16
8,-1:-4, 4, -2, 6, 6, 12, 6, -16, 10, 10, 8, 18
8,-1:-4, 4, -2, 6, 6, 12, 6, -16, 10, 10, 14, 8
8,-1:-4, 4, -2, 6, 6, 12, 6, -16, 10, 10, 14, 10
8,-1:-4, 4, -2, 6, 6, 12, 6, -16, 10, 10, 14, 12
8,-1:-4, 4, -2, 6, 6, 12, 6, -16, 10, 12, 6, 8
8,-1:-4, 4, -2, 6, 6, 12, 6, -16, 10, 12, 6, 10
8,-1:-4, 4, -2, 6, 6, 12, 6, -16, 10, 12, 6, 12
8,-1:-4, 4, -2, 6, 6, 12, 6, -16, 18, 8, 6, 14
8,-1:-4, 4, -2, 6, 6, 12, 6, -16, 18, 18, 8, 10
8,-1:-4, 4, -2, 6, 6, 12, 6, -16, 18, 18, 8, 12
8,-1:-4, 4, -2, 6, 6, 12, 6, -16, 18, 18, 8, 14
8,-1:-4, 4, -2, 6, 6, 12, 16, 4, 2, -16, 2, 6
8,-1:-4, 4, -2, 6, 6, 12, 16, 4, 2, -16, 2, 16
8,-1:-4, 4, -2, 6, 6, 12, 16, 4, 10, -16, 4, 8
8,-1:-4, 4, -2, 6, 6, 12, 16, 4, 10, -16, 4, 18
8,-1:-4, 4, -2, 6, 6, 12, 16, 4, 10, -16, 18, 4
8,-1:-4, 4, -2, 6, 6, 12, 16, 4, 10, -16, 18, 8
19,10:-4, 4, 4, 4, -4, -4, -4, 4, -2, -16, 4, 2
19,10:-4, 4, 4, 4, -4, -4, -4, 4, -2, 4, 2, -16
1,-1:-4, 4, 6, 4, -8, 4, -24, -4, -28, -4, 6, 4
3,-10:-4, 4, 6, 6, -4, -14, 0, -6, 2, 0, 0, -20
15,-6:6, -4, -4, -12, -8, -18, -14, -8, -14, -8, -28, 2
15,-6:6, -4, -4, -12, -8, -18, -14, -8, -14, -8, -28, 4
15,-6:6, -4, -4, -12, -8, -18, -14, -8, -14, -8, -28, 6
1,-6:6, -4, -4, -12, -8, -2, 8, -2, -10, -22, -14, 8
1,-6:6, -4, -4, -12, -8, -2, 8, -2, -10, -22, -14, 10
1,-6:6, -4, -4, -12, -8, -2, 8, -2, -10, -22, -14, 12
1,-6:6, -4, -4, -12, -8, -2, 8, -2, -10, -22, 8, -14
1,-6:6, -4, -4, -12, -8, -2, 8, -2, -10, 4, -4, -20
1,-6:6, -4, -4, -12, -8, -2, 8, -2, -10, 4, -4, -10
3,-7:6, -4, -4, -12, 4, -6, -14, -8, -20, -20, -4, -8
13,-2:6, -4, -4, -6, 0, -8, -2, -8, 0, -2, -2, -22
18,3:6, -4, -4, -6, 6, -8, -12, -28, 6, -4, -24, -24
18,3:6, -4, -4, -6, 6, -8, -12, -28, 6, -4, -24, -22
13,-2:6, -4, -4, -6, 6, 0, -8, -2, -8, -2, 6, -22
21,0:6, -4, -4, 4, -10, 6, 0, -16, -8, -14, 14, -28
19,4:6, -4, -4, 4, -2, -14, -8, -10, -2, -8, 2, -22
15,4:6, -4, -4, 4, -2, -14, 6, 4, -2, 2, -4, -18
1,5:6, -4, -4, 4, -2, -14, 6, 6, 2, -2, 10, 6
11,2:6, -4, -4, 4, -2, 6, 6, 2, 12, -16, 2, 6
11,2:6, -4, -4, 4, -2, 6, 6, 2, 12, -16, 2, 8
11,2:6, -4, -4, 4, -2, 6, 6, 12, 6, -16, 18, 10
11,2:6, -4, -4, 4, -2, 6, 6, 12, 6, -16, 18, 12
11,2:6, -4, -4, 4, -2, 6, 6, 12, 6, -16, 18, 14
14,5:6, -4, 6, -4, -4, 4, -2, 6, 6, 2, -16, 10
17,10:6, -4, 6, 6, -2, -2, -2, 6, 0, -14, 16, 6
17,10:6, -4, 6, 6, -2, -2, -2, 6, 0, 16, 6, -14
7,10:6, 6, -4, 0, 10, 16, 10, 18, 18, 14, -4, 22
-5,8:6, 6, -4, 2, 10, -2, 20, 26, 20, 24, 6, 24
-5,8:6, 6, -4, 2, 10, -2, 20, 26, 20, 24, 6, 26
-5,8:6, 6, -4, 2, 10, -2, 20, 26, 20, 24, 24, 6
-5,8:6, 6, -4, 2, 10, -2, 20, 26, 20, 38, 6, 28
-5,8:6, 6, -4, 2, 10, -2, 20, 26, 20, 38, 6, 38
13,14:6, 6, -4, 2, 10, 0, 16, 6, 14, 18, 18, 22
14,7:6, 6, -2, -4, -4, -2, -2, 6, 0, -14, 6, 4
10,1:6, 6, -2, -4, -2, -4, -4, 4, -2, 12, 8, -16
-6,4:6, 6, -2, -4, 12, 12, 14, 2, 14, 22, 24, -12
14,7:6, 6, -2, -2, -2, 6, 0, -14, 10, 4, 16, 12
14,7:6, 6, -2, -2, -2, 6, 0, -14, 10, 4, 16, 22
14,7:6, 6, -2, -2, -2, 6, 0, -14, 10, 20, 22, 6
10,-1:6, 6, -2, 4, 8, 4, -6, 2, -4, 2, -18, 18
10,-1:6, 6, -2, 4, 8, 4, -6, 2, -4, 2, 18, -18
10,-1:6, 6, -2, 4, 8, 4, -6, 2, -4, 14, -18, 8
10,-1:6, 6, -2, 4, 8, 4, -6, 2, -4, 14, -18, 14
5,-5:6, 6, -2, 4, 8, 4, 12, -6, -8, -22, -8, 14
5,-5:6, 6, -2, 4, 8, 4, 12, -6, -8, -22, 14, -8
5,-5:6, 6, -2, 4, 8, 4, 12, -6, -8, -22, 14, -4
5,-5:6, 6, -2, 4, 8, 4, 12, -6, -8, -8, 14, -22
5,-5:6, 6, -2, 4, 8, 4, 12, -6, -8, -8, 14, -20
5,-5:6, 6, -2, 4, 8, 4, 12, -6, -8, -8, 14, -18
-3,-5:6, 6, -2, 4, 10, 12, 14, 8, 4, 2, 0, 0
-3,-5:6, 6, -2, 4, 10, 12, 14, 8, 4, 2, 0, 2
-3,-5:6, 6, -2, 4, 10, 12, 14, 8, 4, 2, 0, 4
8,13:6, 6, -2, 12, 2, 10, 18, 12, 20, 18, 18, -2
15,0:6, 6, 8, -4, -8, -10, -2, -8, 0, 8, -22, 0
15,0:6, 6, 8, -4, -8, -10, -2, -8, 0, 8, -22, 2
15,0:6, 6, 8, -4, -8, -10, -2, -8, 0, 8, -22, 4
15,0:6, 6, 8, -4, -8, -10, -2, -8, 0, 8, 0, -22
15,0:6, 6, 8, -4, -8, -10, -2, -8, 16, 6, -22, 0
15,0:6, 6, 8, -4, -8, -10, -2, 16, 4, -8, -22, -2
15,0:6, 6, 8, -4, -8, 8, 6, -10, -2, -8, -22, 8
15,0:6, 6, 8, -4, -8, 8, 6, -10, -2, -8, -22, 12
7,-4:6, 6, 8, -4, 2, -6, 2, 6, 2, -4, 2, -18
3,12:6, 6, 8, 10, 2, 16, 22, 16, 24, 22, 22, 2
-8,7:6, 6, 8, 10, 18, -2, 28, 22, 30, 28, 28, 8
3,6:6, 6, 14, 6, 10, 8, 16, 10, 18, 16, 16, -4
14,3:6, 6, 14, 10, 6, 6, 10, 12, -6, 2, -4, -18
14,13:6, 6, 16, -16, 4, 12, 6, 14, 14, 10, -8, 18
14,13:6, 6, 16, -8, 4, 12, 6, 14, 12, 12, -8, -14
14,13:6, 6, 16, -8, 4, 12, 6, 14, 12, 12, -8, -12
14,13:6, 6, 16, -8, 4, 12, 6, 14, 12, 12, -8, -10
