4,-5:-4, 2, 0, -8, -14, -14, 4, -10
11,-4:-4, 4, -2, -12, -2, -2, -2, 8
6,-9:-4, -6, -8, -4, -14, -20, -20, -2, -16
-2,-1:-4, -6, 6, 0, -8, 14, -10, -20, -10
11,-4:-4, 4, -2, -12, -2, -2, -2, -2, 10
11,-4:-4, 4, -2, -12, -2, -2, -2, -2, 12
11,-4:-4, 4, -2, -12, -2, -2, -2, -2, 14
11,-4:-4, 4, -2, -12, -2, -2, -2, 10, -2
11,-4:-4, 4, -2, -12, -2, -2, -2, 10, 0
11,-4:-4, 4, -2, -12, -2, -2, -2, 10, 2
-3,5:6, 6, -4, 2, 10, 16, 16, -2, 12
-2,12:6, 6, -2, 4, 8, 4, 4, 4, -6
6,-9:-4, -12, -8, -14, -20, -20, -2, -16, 2, -2
6,-9:-4, -12, -8, -14, -20, -20, -2, -16, 2, 2
4,-5:-4, 2, 6, 0, -8, -14, -14, 4, -10, 2
4,-5:-4, 2, 6, 0, -8, -14, -14, 4, -10, 12
8,-2:-4, 2, 6, 0, -8, -14, 6, 8, 10, 2
0,10:-4, 2, 6, 0, -8, -4, -10, -14, -2, -10
11,-4:-4, 4, -2, -12, -2, -2, -2, -2, 6, 8
11,-4:-4, 4, -2, -12, -2, -2, -2, -2, 6, 10
11,-4:-4, 4, -2, -12, -2, -2, -2, -2, 6, 12
11,-4:-4, 4, -2, -12, -2, -2, -2, 6, 10, 0
11,-4:-4, 4, -2, -12, -2, -2, -2, 6, 10, 2
11,-4:-4, 4, -2, -12, -2, -2, -2, 6, 10, 4
4,-5:-4, 4, 6, 4, -8, -14, -14, 4, -10, 0
4,-5:-4, 4, 6, 4, -8, -14, -14, 4, -10, 2
7,-2:6, -4, -4, 2, 0, -8, -14, -14, 4, -10
14,-1:6, -4, -4, 4, -2, -12, -2, -2, -2, 8
-2,12:6, 6, -2, 4, 8, 4, 4, 4, -12, 0
-2,12:6, 6, -2, 4, 8, 4, 4, 4, -12, 2
-2,12:6, 6, -2, 4, 8, 4, 4, 4, -12, 4
-2,12:6, 6, -2, 4, 8, 4, 4, 4, 0, -12
-2,12:6, 6, -2, 4, 8, 4, 4, 4, 0, -10
-2,12:6, 6, -2, 4, 8, 4, 4, 4, 0, -8
1,-1:6, 6, 8, -4, 2, 10, -12, 12, 22, 12
-7,7:6, 6, 8, 10, 2, 16, 22, 22, 4, 18
-12,10:-4, -14, -8, 20, 10, 16, 24, 30, 30, 12, 26
-11,17:-4, -14, -8, 20, 12, 18, 22, 18, 18, 18, 8
-2,3:-4, -14, 10, 10, 16, 14, 6, 0, 0, 18, 4
8,8:-4, -14, 14, -2, -12, -6, 2, 8, 8, -10, 4
9,15:-4, -14, 14, -2, -10, -4, 0, -4, -4, -4, -14
6,-9:-4, -12, -8, -14, -20, -20, -2, -16, -4, 2, 0
6,-9:-4, -12, -8, -14, -20, -20, -2, -16, -4, 2, 2
6,-9:-4, -12, -8, -14, -20, -20, -2, -16, -4, 2, 4
6,-9:-4, -12, -8, -14, -20, -20, -2, -6, -4, -4, -16
6,-9:-4, -12, 4, 6, -8, -14, -20, -20, -2, -16, 4
13,-8:-4, -6, 0, -8, -2, -8, -18, -8, -8, -8, 2
4,9:-4, -6, 0, -2, -30, -4, 2, 6, 6, 16, 6
4,9:-4, -6, 0, -2, -30, -4, 2, 6, 6, 16, 8
4,9:-4, -6, 0, -2, -30, -4, 2, 6, 6, 16, 10
24,13:-4, -6, 0, -2, -14, -20, -14, -10, -10, 0, -10
24,13:-4, -6, 0, -2, -14, -20, -14, -10, -10, 0, -8
24,13:-4, -6, 0, -2, -14, -20, -14, -10, -10, 0, -6
27,19:-4, 2, 2, -14, -10, 4, -2, -6, -6, -16, -10
27,19:-4, 2, 2, -14, -10, 4, -2, -6, -6, -16, -8
27,19:-4, 2, 2, -14, -10, 4, -2, -6, -6, -16, -6
23,-1:-4, 2, 2, -14, 6, -12, -18, -22, -22, -32, -26
23,-1:-4, 2, 2, -14, 6, -12, -18, -22, -22, -32, -24
23,-1:-4, 2, 2, -14, 6, -12, -18, -22, -22, -32, -22
5,1:-4, 2, 2, -8, -16, -10, -2, 4, 4, -14, 0
6,8:-4, 2, 2, -8, -14, -8, -4, -8, -8, -8, -18
10,-2:-4, 2, 6, -14, -22, -8, -12, -18, 2, -2, 4
10,-2:-4, 2, 6, -14, -22, -8, -12, 2, -2, 4, -18
4,-5:-4, 2, 6, -8, -14, -14, 6, 4, -10, 2, 4
4,-5:-4, 2, 6, -8, -14, -14, 6, 4, -10, 2, 6
4,-5:-4, 2, 6, -8, -14, -14, 6, 4, -10, 2, 8
4,-5:-4, 2, 6, 0, -8, -14, -14, 4, 8, -4, -10
8,-2:-4, 2, 6, 0, -8, -14, 6, 8, 10, -2, 4
8,-2:-4, 2, 6, 0, -8, -14, 6, 8, 10, -2, 6
8,-2:-4, 2, 6, 0, -8, -14, 6, 8, 10, 4, -2
8,-2:-4, 2, 6, 0, -8, -14, 6, 8, 10, 4, 0
8,-2:-4, 2, 6, 0, -8, -14, 6, 8, 10, 8, 2
0,10:-4, 2, 6, 0, -8, -4, -10, -14, -2, -16, -4
0,10:-4, 2, 6, 0, -8, -4, -10, -14, -2, -16, -2
0,10:-4, 2, 6, 0, -8, -4, -10, -14, -2, -16, 0
0,10:-4, 2, 6, 0, -8, -4, -10, -14, -2, -4, -16
0,10:-4, 2, 6, 0, -8, -4, -10, -14, -2, -4, -14
0,10:-4, 2, 6, 0, -8, -4, -10, -14, -2, -4, -12
18,-2:-4, 4, -10, -12, -12, -12, -4, -10, -20, -10, -14
11,-4:-4, 4, -2, -12, -2, -2, -2, -4, -6, 10, 2
11,-4:-4, 4, -2, -12, -2, -2, -2, -2, 6, 16, 10
11,-4:-4, 4, -2, -12, -2, -2, -2, -2, 6, 16, 12
11,-4:-4, 4, -2, -12, -2, -2, -2, -2, 6, 16, 14
11,-4:-4, 4, -2, -12, -2, -2, -2, -2, 16, 18, 10
11,-4:-4, 4, -2, -12, -2, -2, -2, 6, -4, 10, -2
11,-4:-4, 4, -2, -12, -2, -2, -2, 6, -4, 10, 0
11,-4:-4, 4, -2, -12, -2, -2, -2, 6, -4, 10, 2
13,2:-4, 4, -2, 6, 6, 12, 10, 16, 8, -4, 10
13,2:-4, 4, -2, 6, 6, 12, 10, 16, 8, -4, 12
13,2:-4, 4, -2, 6, 6, 12, 10, 16, 8, -4, 14
4,-5:-4, 4, 6, 4, -8, -14, -14, 4, -10, 6, 0
4,-5:-4, 4, 6, 4, -8, -14, -14, 4, -10, 6, 2
4,-5:-4, 4, 6, 4, -8, -14, -14, 4, -10, 6, 4
9,-6:6, -4, -4, -6, -8, -4, -14, -20, -20, -2, -16
1,2:6, -4, -4, -6, 6, 0, -8, 14, -10, -20, -10
41,1:6, -4, -4, 4, -10, 2, -16, -26, -40, -8, -32
14,-1:6, -4, -4, 4, -2, -12, -2, -2, -2, -2, 10
14,-1:6, -4, -4, 4, -2, -12, -2, -2, -2, -2, 12
14,-1:6, -4, -4, 4, -2, -12, -2, -2, -2, -2, 14
14,-1:6, -4, -4, 4, -2, -12, -2, -2, -2, 10, -2
14,-1:6, -4, -4, 4, -2, -12, -2, -2, -2, 10, 0
14,-1:6, -4, -4, 4, -2, -12, -2, -2, -2, 10, 2
0,8:6, -4, 6, 6, -4, 2, 10, 16, 16, -2, 12
1,15:6, -4, 6, 6, -2, 4, 8, 4, 4, 4, -6
0,9:6, 6, -4, -4, 2, 10, -4, -6, 16, -8, 0
12,1:6, 6, -4, -4, 2, 10, 6, 12, 16, 4, 12
-3,5:6, 6, -4, -4, 2, 10, 16, 16, -2, 12, -10
-3,5:6, 6, -4, -4, 2, 10, 16, 16, -2, 12, 0
-3,5:6, 6, -2, -4, -2, 10, 16, 16, -2, 12, 0
-3,5:6, 6, -2, -4, -2, 10, 16, 16, -2, 12, 2
-2,12:6, 6, -2, 4, 8, 4, 4, 4, -12, -4, -2
-2,12:6, 6, -2, 4, 8, 4, 4, 4, -12, -4, 0
-2,12:6, 6, -2, 4, 8, 4, 4, 4, -12, -4, 2
-2,12:6, 6, -2, 4, 8, 4, 4, 4, 0, -4, -10
-2,12:6, 6, -2, 4, 8, 4, 4, 4, 0, -4, -8
-2,12:6, 6, -2, 4, 8, 4, 4, 4, 0, -4, -6
-7,7:6, 6, 14, 10, -4, 16, 22, 22, 4, 18, 0
-7,7:6, 6, 14, 10, -4, 16, 22, 22, 4, 18, 4
18,1:-4, -14, -12, 14, -12, -6, -8, -16, -22, -22, -4, -18
25,2:-4, -14, -12, 14, -12, -4, -10, -20, -10, -10, -10, 0
5,4:-4, -14, -8, 10, 10, 18, 12, 2, 12, 12, 12, 22
-11,17:-4, -14, -8, 20, 12, 18, 22, 18, 18, 18, 2, 14
-11,17:-4, -14, -8, 20, 12, 18, 22, 18, 18, 18, 2, 16
-11,17:-4, -14, -8, 20, 12, 18, 22, 18, 18, 18, 2, 18
-11,17:-4, -14, -8, 20, 12, 18, 22, 18, 18, 18, 14, 2
-11,17:-4, -14, -8, 20, 12, 18, 22, 18, 18, 18, 14, 4
-11,17:-4, -14, -8, 20, 12, 18, 22, 18, 18, 18, 14, 6
-8,4:-4, -14, -8, 20, 22, 10, 16, 24, 2, 26, 36, 26
-16,12:-4, -14, -8, 20, 22, 24, 16, 30, 36, 36, 18, 32
-6,18:-4, -14, 10, 10, 16, 20, 14, 6, -4, -8, 12, 4
-6,18:-4, -14, 10, 10, 16, 20, 14, 6, -4, 2, 12, 10
-6,18:-4, -14, 10, 10, 16, 20, 14, 6, -4, 2, 12, 12
5,4:-4, -14, 10, 10, 18, 12, 2, 12, 12, 12, 22, -8
5,4:-4, -14, 10, 10, 18, 12, 2, 12, 12, 12, 22, -6
9,15:-4, -14, 14, -2, -10, -4, 0, -4, -4, -4, -20, -8
9,15:-4, -14, 14, -2, -10, -4, 0, -4, -4, -4, -20, -6
9,15:-4, -14, 14, -2, -10, -4, 0, -4, -4, -4, -20, -4
9,15:-4, -14, 14, -2, -10, -4, 0, -4, -4, -4, -8, -20
9,15:-4, -14, 14, -2, -10, -4, 0, -4, -4, -4, -8, -18
9,15:-4, -14, 14, -2, -10, -4, 0, -4, -4, -4, -8, -16
12,2:-4, -14, 14, -2, 0, -12, -6, 2, -20, 4, 14, 4
4,10:-4, -14, 14, -2, 0, 2, -6, 8, 14, 14, -4, 10
1,-3:-4, -12, -14, 4, -6, -8, 4, -4, -4, -2, 2, -10
9,-8:-4, -12, -14, 4, -6, 6, -12, -16, -22, -22, -4, -18
7,14:-4, -12, -8, -18, -20, -2, 8, 8, 0, 0, 18, -6
7,14:-4, -12, -8, -18, -20, -2, 8, 8, 0, 0, 18, -4
-13,3:-4, -12, -8, -18, -14, -24, -26, -16, 8, 10, -2, -4
17,-6:-4, -12, -8, -18, -2, -2, 4, 4, -14, -26, -6, -12
17,-6:-4, -12, -8, -18, -2, -2, 4, 4, -14, -26, -4, -8
17,-6:-4, -12, -8, -18, -2, -2, 4, 4, -14, -26, -4, 2
17,-6:-4, -12, -8, -18, -2, -2, 4, 4, -14, -26, 2, -4
9,7:-4, -12, -8, -14, -20, -20, -4, -6, -18, -12, -22, -18
9,7:-4, -12, -8, -14, -20, -20, -4, -6, -18, -12, -22, -14
6,-9:-4, -12, -8, -14, -20, -20, -2, -16, -4, -4, 2, -2
6,-9:-4, -12, -8, -14, -20, -20, -2, -16, -4, -4, 2, 0
6,-9:-4, -12, -8, -14, -20, -20, -2, -16, -4, -4, 2, 2
3,8:-4, -12, -8, -4, -14, 0, -4, -14, -22, -2, 2, -14
1,-3:-4, -12, -4, -8, -6, -16, -10, -2, 4, 4, -14, 0
2,4:-4, -12, -4, -8, -6, -14, -8, -4, -8, -8, -8, -18
10,-6:-4, -12, -4, 2, 6, 10, -6, -2, 12, 2, 10, 12
10,-6:-4, -12, -4, 2, 6, 10, -6, -2, 12, 2, 10, 22
10,-6:-4, -12, -4, 2, 6, 10, -6, -2, 12, 8, 6, 10
10,-6:-4, -12, -4, 2, 6, 10, -6, -2, 12, 8, 6, 20
10,-6:-4, -12, -4, 2, 6, 10, -6, -2, 12, 8, 10, 6
10,-6:-4, -12, -4, 2, 6, 10, -6, -2, 12, 16, 22, 2
10,-6:-4, -12, -4, 2, 6, 10, -6, -2, 12, 18, 8, 20
10,-6:-4, -12, -4, 2, 6, 10, -6, -2, 12, 18, 8, 24
10,-6:-4, -12, -4, 2, 6, 10, -6, -2, 12, 18, 20, 8
10,-6:-4, -12, -4, 2, 6, 10, -6, -2, 12, 18, 20, 12
9,-2:-4, -12, 4, -6, 0, -2, -10, -16, -16, 2, -12, 2
9,-2:-4, -12, 4, -6, 0, -2, 2, -10, -16, -16, 2, -12
9,10:-4, -12, 4, -6, 6, -10, 0, 6, 10, 6, 20, 4
9,10:-4, -12, 4, -6, 6, -10, 0, 6, 10, 6, 20, 6
6,-9:-4, -12, 4, 4, -8, -2, -14, -20, -20, -2, -16, 2
6,-9:-4, -12, 4, 4, -8, -2, -14, -20, -20, -2, -16, 4
6,-9:-4, -12, 4, 4, -8, -2, -14, -20, -20, -2, -16, 6
6,-9:-4, -12, 4, 4, -8, -2, -14, -20, -20, -2, -6, -16
12,3:-4, -12, 4, 4, -8, -2, -2, -14, -20, 0, -4, -4
2,-2:-4, -12, 4, 4, 4, -4, -6, -4, -6, -6, -2, -12
6,-9:-4, -12, 4, 6, -8, -14, -20, -20, -2, -16, 0, -6
6,-9:-4, -12, 4, 6, -8, -14, -20, -20, -2, -16, 0, 2
6,-9:-4, -12, 4, 6, -8, -14, -20, -20, -2, -16, 6, 0
6,-9:-4, -12, 4, 6, -8, -14, -20, -20, -2, -16, 6, 6
6,-9:-4, -12, 4, 6, -8, -14, -20, -20, -2, -16, 6, 8
6,-9:-4, -12, 4, 6, -8, -14, -20, -20, -2, -16, 10, 6
6,-9:-4, -12, 4, 6, -8, -14, -20, -20, -2, -16, 10, 8
6,-9:-4, -12, 4, 6, -8, -14, -20, -20, -2, -16, 10, 10
-6,4:-4, -6, -14, -2, 8, -2, 4, 12, 18, 18, 0, 14
-5,11:-4, -6, -14, -2, 8, 0, 6, 10, 6, 6, 6, -4
12,-11:-4, -6, -8, -20, -20, -12, -14, -22, -28, -28, -10, -24
19,-10:-4, -6, -8, -20, -20, -10, -16, -26, -16, -16, -16, -6
2,-14:-4, -6, -8, -16, -28, -22, -14, -8, -8, -26, 4, -12
3,-7:-4, -6, -8, -16, -26, -20, -16, -20, -20, -20, -30, 4
3,-7:-4, -6, -8, -16, -26, -20, -16, -20, -20, -20, 4, -30
8,-13:-4, -6, 0, -8, -12, -14, -10, -20, -26, -26, -8, -22
0,-5:-4, -6, 0, -8, -12, 0, -6, -14, 8, -16, -26, -16
41,-13:-4, -6, 0, -8, -2, -16, -4, -22, -32, -14, -48, -46
13,-8:-4, -6, 0, -8, -2, -8, -18, -8, -8, -8, -8, 4
13,-8:-4, -6, 0, -8, -2, -8, -18, -8, -8, -8, -8, 6
13,-8:-4, -6, 0, -8, -2, -8, -18, -8, -8, -8, -8, 8
13,-8:-4, -6, 0, -8, -2, -8, -18, -8, -8, -8, 4, -8
13,-8:-4, -6, 0, -8, -2, -8, -18, -8, -8, -8, 4, -6
13,-8:-4, -6, 0, -8, -2, -8, -18, -8, -8, -8, 4, -4
4,9:-4, -6, 0, -2, -30, -4, 2, 6, 6, 16, 14, 8
4,9:-4, -6, 0, -2, -30, -4, 2, 6, 6, 16, 14, 10
4,9:-4, -6, 0, -2, -30, -4, 2, 6, 6, 16, 14, 12
24,13:-4, -6, 0, -2, -14, -20, -14, -10, -10, 0, -2, -8
24,13:-4, -6, 0, -2, -14, -20, -14, -10, -10, 0, -2, -6
24,13:-4, -6, 0, -2, -14, -20, -14, -10, -10, 0, -2, -4
-7,2:-4, -6, 6, -8, -18, -10, -18, -10, 10, 4, -16, 4
-7,2:-4, -6, 6, -8, -18, -10, -18, -10, 10, 4, -16, 8
-7,2:-4, -6, 6, -8, -18, -10, -18, -10, 10, 4, 4, -16
-7,2:-4, -6, 6, -8, -18, -10, -18, -10, 10, 4, 4, -6
10,-9:-4, -6, 6, -8, -8, -22, -16, -22, 0, 4, -4, 4
-4,6:-4, -6, 6, -8, -8, -16, -14, -22, -16, -12, 0, -10
6,-9:-4, -6, 6, -8, 0, 2, -14, -20, -20, -2, -16, 0
6,-9:-4, -6, 6, -8, 0, 2, -14, -20, -20, -2, -16, 2
6,-9:-4, -6, 6, -8, 0, 2, -14, -20, -20, -2, -16, 4
6,-9:-4, -6, 6, -8, 0, 2, -14, -20, -20, -2, -6, -16
4,-8:-4, -6, 6, -2, 12, 4, 12, 8, 0, 0, -2, 6
4,-8:-4, -6, 6, -2, 12, 4, 12, 8, 0, 0, -2, 10
4,-8:-4, -6, 6, -2, 12, 4, 12, 8, 0, 0, 6, -2
2,9:-4, -6, 6, 0, -8, -18, -20, -2, -12, -4, -10, 4
-7,7:-4, -6, 6, 0, -8, 8, 4, 16, 6, -20, -14, -10
19,24:-4, -6, 6, 0, 14, 0, -4, 2, 6, 6, 16, 6
19,24:-4, -6, 6, 0, 14, 0, -4, 2, 6, 6, 16, 8
19,24:-4, -6, 6, 0, 14, 0, -4, 2, 6, 6, 16, 10
11,-2:-4, -6, 6, 4, -8, -4, -4, -14, -10, -16, 0, 10
5,-11:-4, -6, 6, 6, 2, 12, 2, 2, 0, -2, -16, 4
5,-11:-4, -6, 6, 6, 2, 12, 2, 2, 0, -2, -16, 6
5,-11:-4, -6, 6, 6, 2, 12, 2, 2, 0, -2, -16, 8
5,-11:-4, -6, 6, 6, 2, 12, 2, 2, 0, -2, 4, -16
5,-11:-4, -6, 6, 6, 2, 12, 2, 2, 0, -2, 4, -6
5,1:-4, 2, 0, -8, -16, -10, -2, 4, 4, -14, 0, -14
4,-5:-4, 2, 0, -8, -14, -14, 4, 6, -2, 16, 4, -10
27,19:-4, 2, 2, -14, -10, 4, -2, -6, -6, -16, -14, -12
27,19:-4, 2, 2, -14, -10, 4, -2, -6, -6, -16, -14, -10
27,19:-4, 2, 2, -14, -10, 4, -2, -6, -6, -16, -14, -8
23,-1:-4, 2, 2, -14, 6, -12, -18, -22, -22, -32, -30, -28
23,-1:-4, 2, 2, -14, 6, -12, -18, -22, -22, -32, -30, -26
23,-1:-4, 2, 2, -14, 6, -12, -18, -22, -22, -32, -30, -24
6,8:-4, 2, 2, -8, -14, -8, -4, -8, -8, -8, -24, -12
6,8:-4, 2, 2, -8, -14, -8, -4, -8, -8, -8, -24, -10
6,8:-4, 2, 2, -8, -14, -8, -4, -8, -8, -8, -24, -8
6,8:-4, 2, 2, -8, -14, -8, -4, -8, -8, -8, -12, -24
6,8:-4, 2, 2, -8, -14, -8, -4, -8, -8, -8, -12, -22
6,8:-4, 2, 2, -8, -14, -8, -4, -8, -8, -8, -12, -20
9,-5:-4, 2, 2, -8, -4, -16, -10, -2, -24, 0, 10, 0
1,3:-4, 2, 2, -8, -4, -2, -10, 4, 10, 10, -8, 6
10,-2:-4, 2, 6, -14, -22, -8, -12, -22, 2, -2, 4, -18
10,-2:-4, 2, 6, -14, -22, -8, -12, -18, 2, -2, -6, -10
10,-2:-4, 2, 6, -14, -22, -8, -12, -18, 2, -2, -6, -8
10,-2:-4, 2, 6, -14, -22, -8, -12, -18, 2, -2, -6, -6
4,-5:-4, 2, 6, -8, -14, -14, 6, 4, -10, 2, 12, 6
4,-5:-4, 2, 6, -8, -14, -14, 6, 4, -10, 2, 12, 8
4,-5:-4, 2, 6, -8, -14, -14, 6, 4, -10, 2, 12, 10
4,-5:-4, 2, 6, -8, -14, -14, 6, 4, -10, 12, 2, 6
4,-5:-4, 2, 6, -8, -14, -14, 6, 4, -10, 12, 6, 16
4,-5:-4, 2, 6, -8, -14, -14, 6, 4, -10, 12, 6, 20
4,-5:-4, 2, 6, -8, -14, -14, 6, 4, -10, 12, 16, 6
4,-5:-4, 2, 6, -8, -14, -14, 6, 4, -10, 12, 16, 8
15,-6:-4, 2, 6, -8, -14, -8, -4, 2, -6, -6, -14, -6
5,-8:-4, 2, 6, 0, -8, -14, -16, -8, 6, -12, -12, -4
5,-8:-4, 2, 6, 0, -8, -14, -16, -8, 6, -12, -4, -12
5,-8:-4, 2, 6, 0, -8, -14, -16, -8, 6, -12, -4, -10
5,-8:-4, 2, 6, 0, -8, -14, -16, -8, 6, -12, -4, -8
4,-5:-4, 2, 6, 0, -8, -14, -14, 4, -10, 8, 4, 12
4,-5:-4, 2, 6, 0, -8, -14, -14, 4, -4, 8, -10, 10
4,-5:-4, 2, 6, 0, -8, -14, -14, 4, -4, 8, -10, 12
4,-5:-4, 2, 6, 0, -8, -14, -14, 4, -4, 8, -10, 14
4,-5:-4, 2, 6, 0, -8, -14, -14, 4, -4, 8, -4, -10
4,-5:-4, 2, 6, 0, -8, -14, -14, 4, 8, -4, -4, -10
8,-2:-4, 2, 6, 0, -8, -14, 6, 8, 10, -2, 8, 8
8,-2:-4, 2, 6, 0, -8, -14, 6, 8, 10, -2, 8, 10
8,-2:-4, 2, 6, 0, -8, -14, 6, 8, 10, -2, 8, 12
8,-2:-4, 2, 6, 0, -8, -14, 6, 8, 10, -2, 12, 4
8,-2:-4, 2, 6, 0, -8, -14, 6, 8, 10, -2, 12, 8
8,-2:-4, 2, 6, 0, -8, -14, 6, 8, 10, 4, 4, -2
8,-2:-4, 2, 6, 0, -8, -14, 6, 8, 10, 4, 4, 0
8,-2:-4, 2, 6, 0, -8, -14, 6, 8, 10, 4, 4, 2
8,-2:-4, 2, 6, 0, -8, -14, 6, 8, 10, 8, 4, 2
8,-2:-4, 2, 6, 0, -8, -14, 6, 8, 10, 8, 4, 8
8,-2:-4, 2, 6, 0, -8, -14, 6, 8, 10, 14, 2, 4
8,-2:-4, 2, 6, 0, -8, -14, 6, 8, 10, 14, 2, 6
8,-2:-4, 2, 6, 0, -8, -14, 6, 8, 10, 14, 2, 8
0,10:-4, 2, 6, 0, -8, -4, -10, -14, -2, -16, -8, -6
0,10:-4, 2, 6, 0, -8, -4, -10, -14, -2, -16, -8, -4
0,10:-4, 2, 6, 0, -8, -4, -10, -14, -2, -16, -8, -2
0,10:-4, 2, 6, 0, -8, -4, -10, -14, -2, -4, -8, -14
0,10:-4, 2, 6, 0, -8, -4, -10, -14, -2, -4, -8, -12
0,10:-4, 2, 6, 0, -8, -4, -10, -14, -2, -4, -8, -10
24,15:-4, 2, 6, 0, -4, -22, -22, 2, -18, 0, -8, -2
24,15:-4, 2, 6, 0, -4, -22, -22, 2, -18, 0, -8, 0
17,-9:-4, 2, 6, 0, 14, -16, -18, -22, -6, -18, -20, -14
17,-9:-4, 2, 6, 0, 14, -16, -18, -22, -6, -18, -20, -4
17,-9:-4, 2, 6, 0, 14, -16, -18, -22, -6, -18, -4, -20
17,-9:-4, 2, 6, 0, 14, -16, -18, -22, -6, -18, -4, -18
17,-9:-4, 2, 6, 0, 14, -16, -18, -22, -6, -18, -4, -16
-1,5:-4, 2, 6, 6, 12, -14, -18, -18, -6, 10, -4, 4
-1,5:-4, 2, 6, 6, 12, -14, -18, -18, -6, 10, -4, 6
-1,5:-4, 2, 6, 6, 12, -14, -18, -18, -6, 10, -4, 8
4,2:-4, 2, 6, 6, 12, -14, -8, -10, 2, 2, 12, 14
8,2:-4, 4, -10, 0, -8, -18, -12, -4, 2, 2, -16, -2
9,9:-4, 4, -10, 0, -8, -16, -10, -6, -10, -10, -10, -20
-3,-2:-4, 4, -10, 6, 0, -6, -6, -14, -16, -16, -6, -18
-3,-2:-4, 4, -10, 6, 0, -6, -6, -14, -16, -16, -6, -16
-3,-2:-4, 4, -10, 6, 0, -6, -6, -14, -16, -16, -6, -14
11,-4:-4, 4, -2, -12, -2, -2, -2, -4, -6, -14, 10, -4
11,-4:-4, 4, -2, -12, -2, -2, -2, -4, -6, -14, 10, 0
11,-4:-4, 4, -2, -12, -2, -2, -2, -4, -6, 0, 10, -14
11,-4:-4, 4, -2, -12, -2, -2, -2, -4, -6, 0, 10, -4
11,-4:-4, 4, -2, -12, -2, -2, -2, -4, 2, 2, 10, -12
11,-4:-4, 4, -2, -12, -2, -2, -2, -4, 2, 2, 10, -2
11,-4:-4, 4, -2, -12, -2, -2, -2, -4, 10, -14, -8, 14
11,-4:-4, 4, -2, -12, -2, -2, -2, -4, 10, -14, -8, 16
11,-4:-4, 4, -2, -12, -2, -2, -2, -4, 10, -14, -8, 18
11,-4:-4, 4, -2, -12, -2, -2, -2, -4, 10, -14, 14, -8
11,-4:-4, 4, -2, -12, -2, -2, -2, -4, 10, -14, 14, -6
11,-4:-4, 4, -2, -12, -2, -2, -2, -4, 10, -14, 14, -4
11,-4:-4, 4, -2, -12, -2, -2, -2, -2, 6, 6, 4, 12
11,-4:-4, 4, -2, -12, -2, -2, -2, -2, 6, 16, 6, 8
11,-4:-4, 4, -2, -12, -2, -2, -2, -2, 6, 16, 6, 10
11,-4:-4, 4, -2, -12, -2, -2, -2, -2, 6, 16, 6, 12
11,-4:-4, 4, -2, -12, -2, -2, -2, -2, 16, 6, 10, 14
11,-4:-4, 4, -2, -12, -2, -2, -2, -2, 16, 6, 10, 24
11,-4:-4, 4, -2, -12, -2, -2, -2, -2, 16, 8, 26, 12
11,-4:-4, 4, -2, -12, -2, -2, -2, -2, 16, 8, 26, 16
11,-4:-4, 4, -2, -12, -2, -2, -2, -2, 16, 18, 12, 16
11,-4:-4, 4, -2, -12, -2, -2, -2, -2, 16, 18, 12, 26
11,-4:-4, 4, -2, -12, -2, -2, -2, -2, 16, 26, -4, 16
11,-4:-4, 4, -2, -12, -2, -2, -2, -2, 16, 26, -4, 18
11,-4:-4, 4, -2, -12, -2, -2, -2, -2, 16, 26, -4, 20
11,-4:-4, 4, -2, -12, -2, -2, -2, -2, 16, 26, 16, -4
11,-4:-4, 4, -2, -12, -2, -2, -2, -2, 16, 26, 16, -2
11,-4:-4, 4, -2, -12, -2, -2, -2, 6, -4, 6, 10, 0
11,-4:-4, 4, -2, -12, -2, -2, -2, 6, -4, 6, 10, 2
11,-4:-4, 4, -2, -12, -2, -2, -2, 6, -4, 6, 10, 4
13,2:-4, 4, -2, 6, 6, 12, 10, 16, 8, -4, 18, 12
13,2:-4, 4, -2, 6, 6, 12, 10, 16, 8, -4, 18, 14
13,2:-4, 4, -2, 6, 6, 12, 10, 16, 8, -4, 18, 16
-4,0:-4, 4, -2, 6, 6, 12, 18, 8, -6, 8, 4, -12
2,8:-4, 4, 4, 4, -14, -6, -4, 8, 14, 14, -4, 10
2,8:-4, 4, 4, 4, -14, -6, 8, 14, 14, -4, 10, -4
2,8:-4, 4, 4, 4, -14, -6, 8, 14, 14, -4, 10, 0
9,-6:6, -4, -4, -12, -8, -14, -20, -20, -2, -16, 2, -2
9,-6:6, -4, -4, -12, -8, -14, -20, -20, -2, -16, 2, 2
7,-2:6, -4, -4, 2, 6, 0, -8, -14, -14, 4, -10, 2
7,-2:6, -4, -4, 2, 6, 0, -8, -14, -14, 4, -10, 12
11,1:6, -4, -4, 2, 6, 0, -8, -14, 6, 8, 10, 2
3,13:6, -4, -4, 2, 6, 0, -8, -4, -10, -14, -2, -10
41,1:6, -4, -4, 4, -10, 2, -16, -26, -40, -12, -32, -10
41,1:6, -4, -4, 4, -10, 2, -16, -26, -40, -12, -32, -8
41,1:6, -4, -4, 4, -10, 2, -16, -26, -40, -12, -32, -6
14,-1:6, -4, -4, 4, -2, -12, -2, -2, -2, -2, 6, 8
14,-1:6, -4, -4, 4, -2, -12, -2, -2, -2, -2, 6, 10
14,-1:6, -4, -4, 4, -2, -12, -2, -2, -2, -2, 6, 12
14,-1:6, -4, -4, 4, -2, -12, -2, -2, -2, 6, 10, 0
14,-1:6, -4, -4, 4, -2, -12, -2, -2, -2, 6, 10, 2
14,-1:6, -4, -4, 4, -2, -12, -2, -2, -2, 6, 10, 4
7,-2:6, -4, -4, 4, 6, 4, -8, -14, -14, 4, -10, 0
7,-2:6, -4, -4, 4, 6, 4, -8, -14, -14, 4, -10, 2
10,1:6, -4, 6, -4, -4, 2, 0, -8, -14, -14, 4, -10
17,2:6, -4, 6, -4, -4, 4, -2, -12, -2, -2, -2, 8
1,15:6, -4, 6, 6, -2, 4, 8, 4, 4, 4, -12, 0
1,15:6, -4, 6, 6, -2, 4, 8, 4, 4, 4, -12, 2
1,15:6, -4, 6, 6, -2, 4, 8, 4, 4, 4, -12, 4
1,15:6, -4, 6, 6, -2, 4, 8, 4, 4, 4, 0, -12
1,15:6, -4, 6, 6, -2, 4, 8, 4, 4, 4, 0, -10
1,15:6, -4, 6, 6, -2, 4, 8, 4, 4, 4, 0, -8
4,2:6, -4, 6, 6, 8, -4, 2, 10, -12, 12, 22, 12
-4,10:6, -4, 6, 6, 8, 10, 2, 16, 22, 22, 4, 18
-3,5:6, 6, -4, -4, -4, 0, 10, 16, 16, -2, 12, -6
-3,5:6, 6, -4, -4, -4, 0, 10, 16, 16, -2, 12, -4
-3,5:6, 6, -4, -4, -4, 0, 10, 16, 16, -2, 12, -2
0,9:6, 6, -4, -4, 2, 10, -4, -6, 16, -8, -6, 0
0,9:6, 6, -4, -4, 2, 10, -4, -6, 16, -8, -4, 2
0,9:6, 6, -4, -4, 2, 10, -4, -6, 16, -8, -4, 4
0,9:6, 6, -4, -4, 2, 10, -4, -6, 16, -8, 2, -4
0,9:6, 6, -4, -4, 2, 10, -4, -6, 16, -8, 2, -2
12,1:6, 6, -4, -4, 2, 10, 6, 12, 16, 4, 2, 14
12,1:6, 6, -4, -4, 2, 10, 6, 12, 16, 4, 2, 16
12,1:6, 6, -4, -4, 2, 10, 6, 12, 16, 4, 2, 18
12,1:6, 6, -4, -4, 2, 10, 6, 12, 16, 4, 14, 2
12,1:6, 6, -4, -4, 2, 10, 6, 12, 16, 4, 14, 4
12,1:6, 6, -4, -4, 2, 10, 6, 12, 16, 4, 14, 6
-3,5:6, 6, -4, -4, 2, 10, 16, 16, -2, -6, 6, 12
0,11:6, 6, -4, -4, 16, 10, 24, 14, 0, 4, -2, 20
0,11:6, 6, -4, -4, 16, 10, 24, 14, 0, 4, 20, -2
3,6:6, 6, -4, 0, 10, 14, 12, 4, -2, -2, 16, 2
10,7:6, 6, -4, 0, 10, 16, 10, 0, 10, 10, 10, 20
1,24:6, 6, -4, 0, 16, -12, 14, 20, 24, 24, 34, 24
1,24:6, 6, -4, 0, 16, -12, 14, 20, 24, 24, 34, 26
1,24:6, 6, -4, 0, 16, -12, 14, 20, 24, 24, 34, 28
21,28:6, 6, -4, 0, 16, 4, -2, 4, 8, 8, 18, 8
21,28:6, 6, -4, 0, 16, 4, -2, 4, 8, 8, 18, 10
21,28:6, 6, -4, 0, 16, 4, -2, 4, 8, 8, 18, 12
4,14:6, 6, -2, -4, -4, -10, -8, -14, 4, -6, 6, -12
4,14:6, 6, -2, -4, -4, -10, -8, -14, 4, -6, 6, -10
4,14:6, 6, -2, -4, -4, -10, -8, -14, 4, -6, 6, -8
-3,5:6, 6, -2, -4, -2, 10, 16, 16, -2, 12, -4, -2
-3,5:6, 6, -2, -4, -2, 10, 16, 16, -2, 12, -4, 0
-3,5:6, 6, -2, -4, -2, 10, 16, 16, -2, 12, -4, 2
-7,7:6, 6, -2, -4, 14, 10, 16, 22, 22, 4, 18, -2
-2,12:6, 6, -2, 4, 8, 4, 4, 4, -14, -16, 0, -8
-2,12:6, 6, -2, 4, 8, 4, 4, 4, -12, -4, 6, 0
-2,12:6, 6, -2, 4, 8, 4, 4, 4, -12, -4, 6, 2
-2,12:6, 6, -2, 4, 8, 4, 4, 4, -12, -4, 6, 4
-2,12:6, 6, -2, 4, 8, 4, 4, 4, -12, 6, 8, 0
-2,12:6, 6, -2, 4, 8, 4, 4, 4, 0, -4, -14, -12
-2,12:6, 6, -2, 4, 8, 4, 4, 4, 0, -4, -14, -10
-2,12:6, 6, -2, 4, 8, 4, 4, 4, 0, -4, -14, -8
0,19:6, 6, -2, 12, 12, 14, 14, 6, 12, 16, 12, 16
15,25:6, 6, 8, 2, 4, 8, 22, 16, 12, 12, 2, 8
15,25:6, 6, 8, 2, 4, 8, 22, 16, 12, 12, 2, 10
15,25:6, 6, 8, 2, 4, 8, 22, 16, 12, 12, 2, 12
11,5:6, 6, 8, 2, 4, 24, 6, 0, -4, -4, -14, -8
11,5:6, 6, 8, 2, 4, 24, 6, 0, -4, -4, -14, -6
11,5:6, 6, 8, 2, 4, 24, 6, 0, -4, -4, -14, -4
-6,14:6, 6, 8, 2, 10, 4, 10, 14, 10, 10, 10, 0
-7,7:6, 6, 14, 10, -4, 6, 16, 22, 22, 4, 18, -2
-7,7:6, 6, 14, 10, -4, 6, 16, 22, 22, 4, 18, 0
-7,7:6, 6, 14, 10, -4, 6, 16, 22, 22, 4, 18, 2
-7,7:6, 6, 14, 10, 6, 6, 16, 22, 22, 4, 6, 18
10,9:6, 6, 16, -16, 4, 10, 8, 0, -6, -6, 12, -2
17,10:6, 6, 16, -16, 4, 12, 6, -4, 6, 6, 6, 16
5,-1:6, 6, 16, -8, -8, -18, -12, -4, 2, 2, -16, -2
