4,-11:-4, -6, -8, -2, -20
-2,-1:-4, -12, -8, -18, -20, 2
-2,-1:-4, -12, -8, -18, -20, 4
-2,-1:-4, -12, -8, -18, -20, 6
-2,-1:-4, -12, -8, -18, 2, -20
-2,-1:-4, -12, -8, -18, 2, -10
3,4:-4, -6, -14, 6, 12, 20
3,4:-4, -6, -14, 6, 12, 22
3,4:-4, -6, -14, 6, 12, 24
-10,6:6, 6, 8, 10, 4, 22
-2,-1:-4, -12, -8, -18, -20, -2, 0
-2,-1:-4, -12, -8, -18, -20, -2, 2
-2,-1:-4, -12, -8, -18, -20, -2, 4
3,4:-4, -6, -14, 6, 12, 28, 22
3,4:-4, -6, -14, 6, 12, 28, 24
3,4:-4, -6, -14, 6, 12, 28, 26
-1,0:-4, -6, 6, 10, -6, -10, 6
-1,0:-4, -6, 6, 10, -6, -10, 8
-1,0:-4, -6, 6, 10, -6, -10, 10
-1,0:-4, -6, 6, 10, -6, 6, -10
-1,0:-4, -6, 6, 10, -6, 6, -6
7,-8:6, -4, -4, -6, -8, -2, -20
5,5:6, 6, -2, -4, 16, -10, -22
5,5:6, 6, -2, -4, 16, -10, -20
5,5:6, 6, -2, -4, 16, -10, -18
0,0:6, 6, 14, 10, -4, 10, 12
0,0:6, 6, 14, 10, -4, 10, 22
0,0:6, 6, 14, 10, 10, 12, -4
0,0:6, 6, 14, 10, 10, 12, -2
0,0:6, 6, 14, 10, 10, 12, 0
-19,11:-4, -14, -8, 20, 22, 24, 18, 36
1,9:-4, -14, 14, -2, 0, 2, -4, 14
-2,-1:-4, -12, -8, -18, -20, -2, 8, 2
-2,-1:-4, -12, -8, -18, -20, -2, 8, 4
-2,-1:-4, -12, -8, -18, -20, -2, 8, 6
-2,-1:-4, -12, -8, -18, -20, 8, 10, 2
-2,-1:-4, -12, -8, -18, -14, -18, 2, -10
-2,-1:-4, -12, -8, -14, -22, -16, -20, 0
-2,-1:-4, -12, -8, -14, 2, -2, -34, -30
4,-6:-4, -12, -4, -4, -10, -18, -2, -4
4,-6:-4, -12, -4, -4, -10, -2, -4, -18
4,-6:-4, -12, -4, -4, -10, -2, -4, -14
4,5:-4, -12, 4, 4, -8, -10, -20, -20
4,5:-4, -12, 4, 4, -8, -10, -20, -10
4,5:-4, -12, 4, 4, -8, -10, -10, -20
4,5:-4, -12, 4, 4, -8, -10, -10, -16
16,-4:-4, -12, 4, 4, -8, -10, -10, -2
16,-4:-4, -12, 4, 4, -8, -10, -10, 2
16,-4:-4, -12, 4, 4, -8, -10, -2, -10
3,4:-4, -6, -14, 6, 12, 28, 18, 20
3,4:-4, -6, -14, 6, 12, 28, 18, 22
3,4:-4, -6, -14, 6, 12, 28, 18, 24
11,5:-4, -6, -8, -18, -20, -10, -16, -28
11,5:-4, -6, -8, -18, -20, -10, -16, -26
11,5:-4, -6, -8, -18, -20, -10, -16, -24
6,-15:-4, -6, 0, -8, -12, -14, -8, -26
-5,6:-4, -6, 6, 0, 8, 4, 0, 4
-1,0:-4, -6, 6, 10, -6, -8, 6, -16
-1,0:-4, -6, 6, 10, -6, -8, 6, -14
-1,0:-4, -6, 6, 10, -6, -8, 6, -12
-1,0:-4, -6, 6, 10, 2, -6, -10, 4
-1,0:-4, -6, 6, 10, 2, -6, -10, 6
-1,0:-4, -6, 6, 10, 2, -6, -10, 8
-1,7:-4, -6, 6, 10, 12, 14, 4, 16
-2,2:-4, 2, 2, -8, -4, -2, -8, 10
-5,6:-4, 2, 6, 0, 8, 4, -10, 4
15,-1:-4, 4, -2, 6, 6, 12, -16, 16
15,-1:-4, 4, -2, 6, 6, 12, -16, 20
15,-1:-4, 4, -2, 6, 6, 12, 16, -16
1,2:6, -4, -4, -12, -8, -18, -20, 2
1,2:6, -4, -4, -12, -8, -18, -20, 4
1,2:6, -4, -4, -12, -8, -18, -20, 6
1,2:6, -4, -4, -12, -8, -18, 2, -20
1,2:6, -4, -4, -12, -8, -18, 2, -10
6,7:6, -4, -4, -6, -14, 6, 12, 20
6,7:6, -4, -4, -6, -14, 6, 12, 22
6,7:6, -4, -4, -6, -14, 6, 12, 24
-7,9:6, -4, 6, 6, 8, 10, 4, 22
5,5:6, 6, -2, -4, 16, -10, -26, -24
5,5:6, 6, -2, -4, 16, -10, -26, -22
5,5:6, 6, -2, -4, 16, -10, -26, -20
1,1:6, 6, 8, -4, -8, -8, 8, 8
1,1:6, 6, 8, -4, -8, -8, 8, 12
1,1:6, 6, 8, -4, -8, 8, 8, -8
1,1:6, 6, 8, -4, -8, 8, 8, -6
1,1:6, 6, 8, -4, -8, 8, 8, -4
0,0:6, 6, 14, 10, 4, 10, 12, -2
0,0:6, 6, 14, 10, 4, 10, 12, 0
0,0:6, 6, 14, 10, 4, 10, 12, 2
18,-5:-4, -14, -12, 14, -12, -14, -16, -10, -28
-2,-3:-4, -14, -8, 10, 10, 8, 6, 12, -6
-4,10:-4, -14, -8, 20, 12, 10, 30, 4, -8
-4,10:-4, -14, -8, 20, 12, 10, 30, 4, -6
-4,10:-4, -14, -8, 20, 12, 10, 30, 4, -4
-9,5:-4, -14, -8, 20, 28, 24, 10, 24, 26
-9,5:-4, -14, -8, 20, 28, 24, 10, 24, 36
-9,5:-4, -14, -8, 20, 28, 24, 24, 26, 10
-9,5:-4, -14, -8, 20, 28, 24, 24, 26, 12
-9,5:-4, -14, -8, 20, 28, 24, 24, 26, 14
1,9:-4, -14, 10, -2, 0, 2, -4, 14, 16
-8,7:-4, -14, 10, 10, 2, 6, 0, -2, 16
-8,7:-4, -14, 10, 10, 2, 6, 0, -2, 18
-8,7:-4, -14, 10, 10, 2, 6, 0, -2, 20
-8,7:-4, -14, 10, 10, 2, 6, 0, 16, -2
-16,12:-4, -14, 10, 10, 2, 18, 2, -10, 2
-16,12:-4, -14, 10, 10, 2, 18, 2, -10, 4
-16,12:-4, -14, 10, 10, 2, 18, 2, -10, 6
-16,12:-4, -14, 10, 10, 2, 18, 2, 2, -10
16,8:-4, -14, 14, -2, -10, -12, 8, -18, -30
16,8:-4, -14, 14, -2, -10, -12, 8, -18, -28
16,8:-4, -14, 14, -2, -10, -12, 8, -18, -26
11,3:-4, -14, 14, -2, 6, 2, -12, 2, 4
11,3:-4, -14, 14, -2, 6, 2, -12, 2, 14
11,3:-4, -14, 14, -2, 6, 2, 2, 4, -12
11,3:-4, -14, 14, -2, 6, 2, 2, 4, -10
11,3:-4, -14, 14, -2, 6, 2, 2, 4, -8
-3,-3:-4, -12, -14, 4, -6, -8, -4, -4, -18
-2,-1:-4, -12, -8, -18, -20, -2, -2, -4, 4
-2,-1:-4, -12, -8, -18, -20, -2, 8, -2, 0
-2,-1:-4, -12, -8, -18, -20, -2, 8, -2, 2
-2,-1:-4, -12, -8, -18, -20, -2, 8, -2, 4
-2,-1:-4, -12, -8, -18, -20, 8, -2, 2, 6
-2,-1:-4, -12, -8, -18, -20, 8, -2, 2, 16
-2,-1:-4, -12, -8, -18, -20, 8, 0, 18, 4
-2,-1:-4, -12, -8, -18, -20, 8, 0, 18, 8
-2,-1:-4, -12, -8, -18, -20, 8, 10, 4, 8
-2,-1:-4, -12, -8, -18, -20, 8, 10, 4, 18
-2,-1:-4, -12, -8, -18, -14, -18, -26, 2, -16
-2,-1:-4, -12, -8, -18, -14, -18, -26, 2, -12
-2,-1:-4, -12, -8, -18, -14, -18, -12, 2, -26
-2,-1:-4, -12, -8, -18, -14, -18, -12, 2, -16
-2,-1:-4, -12, -8, -18, -14, -10, -10, 2, -24
-2,-1:-4, -12, -8, -18, -14, -10, -10, 2, -14
-2,-1:-4, -12, -8, -14, -22, -18, -20, 2, -14
-2,-1:-4, -12, -8, -14, -22, -18, -20, 2, -4
-2,-1:-4, -12, -8, -14, -20, -2, -10, 2, -16
-2,-1:-4, -12, -8, -14, -20, -2, -10, 2, -12
-2,-1:-4, -12, -8, -14, -10, -16, -20, -2, -6
-2,-1:-4, -12, -8, -14, -10, -16, -20, 2, -12
-2,-1:-4, -12, -8, -14, -10, -16, -20, 2, -2
-2,-1:-4, -12, -8, -14, -10, -16, -14, -2, -16
-2,-1:-4, -12, -8, -14, -10, -16, -14, -2, -10
-2,-1:-4, -12, -8, -14, 0, -20, -16, -20, -8
-2,-1:-4, -12, -8, -14, 0, -20, -16, -20, 0
-2,-1:-4, -12, -8, -14, 0, 0, -12, -10, -20
-2,-1:-4, -12, -8, -14, 0, 0, -12, -10, -18
-2,-1:-4, -12, -8, -14, 0, 0, -12, -10, -16
-2,-1:-4, -12, -8, -14, 2, -2, -42, -28, -30
-2,-1:-4, -12, -8, -14, 2, -2, -42, -28, -28
-2,-1:-4, -12, -8, -14, 2, -2, -42, -28, -26
-2,-1:-4, -12, -8, -14, 2, -2, -34, -28, -40
-2,-1:-4, -12, -8, -14, 2, -2, -28, -28, -42
-2,-1:-4, -12, -8, -14, 2, -2, -28, -28, -40
-2,-1:-4, -12, -8, -14, 2, -2, -24, -32, -12
-2,-1:-4, -12, -8, -14, 2, -2, -24, -18, -34
-2,-1:-4, -12, -8, -14, 2, -2, -24, -18, -32
14,3:-4, -12, -8, -4, -2, 8, -10, 2, -4
14,3:-4, -12, -8, -4, -2, 8, -10, 2, -2
14,3:-4, -12, -8, -4, -2, 8, -10, 2, 0
-2,-1:-4, -12, -8, -2, -2, -14, -20, 4, -2
-2,-1:-4, -12, -8, -2, -2, -14, -20, 4, 2
-6,-2:-4, -12, -4, -8, -6, -4, -2, -8, 10
4,-6:-4, -12, -4, -4, -10, -16, -2, -4, -12
4,-6:-4, -12, -4, -4, -10, -16, -2, -4, -10
4,-6:-4, -12, -4, -4, -10, -16, -2, -4, -8
10,0:-4, -12, -4, 2, 6, 6, -6, -2, 10
10,0:-4, -12, -4, 2, 6, 6, -6, 10, -2
4,5:-4, -12, 4, 4, -8, -10, -14, -10, -22
4,5:-4, -12, 4, 4, -8, -10, -14, -10, -20
4,5:-4, -12, 4, 4, -8, -10, -14, -10, -18
16,-4:-4, -12, 4, 4, -8, -10, -10, -4, 0
16,-4:-4, -12, 4, 4, -8, -10, -10, -4, 2
16,-4:-4, -12, 4, 4, -8, -10, -10, -4, 4
-2,-1:-4, -12, 4, 4, 4, 6, -8, -20, 4
-2,-1:-4, -12, 4, 4, 4, 6, -8, -20, 14
-4,5:-4, -12, 4, 4, 4, 10, -12, -4, 8
-4,5:-4, -12, 4, 4, 4, 10, -12, 8, -4
-4,5:-4, -12, 4, 4, 4, 10, -12, 8, -2
-4,5:-4, -12, 4, 4, 4, 10, -12, 8, 0
3,-6:-4, -12, 4, 4, 4, 10, -4, 6, 8
-4,5:-4, -12, 4, 4, 4, 10, -4, 8, -12
-4,5:-4, -12, 4, 4, 4, 10, -4, 8, -8
3,-6:-4, -12, 4, 4, 4, 10, -4, 8, 6
3,-6:-4, -12, 4, 4, 4, 10, -4, 8, 10
3,-6:-4, -12, 4, 4, 4, 10, 6, 8, -4
3,-6:-4, -12, 4, 4, 4, 10, 6, 8, -2
3,-6:-4, -12, 4, 4, 4, 10, 6, 8, 0
-13,5:-4, -6, -14, -2, 8, 10, 12, 6, 24
12,-17:-4, -6, -8, -20, -20, -20, -22, -16, -34
11,5:-4, -6, -8, -18, -20, -10, -16, -32, -30
11,5:-4, -6, -8, -18, -20, -10, -16, -32, -28
11,5:-4, -6, -8, -18, -20, -10, -16, -32, -26
0,0:-4, -6, -8, -18, -2, -14, -18, -20, -12
-5,-13:-4, -6, -8, -16, -16, -14, -20, -6, -2
17,-11:-4, -6, -8, -16, -16, -14, 6, -8, -8
0,-5:-4, -6, 0, -8, -18, -14, -24, -26, -4
0,-5:-4, -6, 0, -8, -18, -14, -24, -26, -2
0,-5:-4, -6, 0, -8, -18, -14, -24, -26, 0
0,-5:-4, -6, 0, -8, -18, -14, -24, -4, -26
0,-5:-4, -6, 0, -8, -18, -14, -24, -4, -16
5,0:-4, -6, 0, -8, -12, -20, 0, 6, 14
5,0:-4, -6, 0, -8, -12, -20, 0, 6, 16
5,0:-4, -6, 0, -8, -12, -20, 0, 6, 18
-1,10:-4, -6, 6, -8, -10, -14, -22, 2, -16
10,1:-4, -6, 6, -2, -10, -4, 14, 2, 10
10,1:-4, -6, 6, -2, -10, -4, 14, 2, 12
10,1:-4, -6, 6, -2, -10, -4, 14, 2, 14
17,0:-4, -6, 6, -2, 14, -12, -12, -6, 2
17,0:-4, -6, 6, -2, 14, -12, -12, -6, 4
17,0:-4, -6, 6, -2, 14, -12, -12, -6, 6
10,-8:-4, -6, 6, 0, -8, 10, -14, -10, -6
8,11:-4, -6, 6, 0, 8, -2, 6, 4, 10
-5,6:-4, -6, 6, 0, 8, 4, 0, -8, 0
-5,6:-4, -6, 6, 0, 8, 4, 0, -8, 2
-5,6:-4, -6, 6, 0, 8, 4, 0, -8, 4
-5,6:-4, -6, 6, 0, 8, 4, 0, 0, -4
-5,6:-4, -6, 6, 0, 8, 4, 0, 0, -2
-5,6:-4, -6, 6, 0, 8, 4, 0, 0, 0
-5,6:-4, -6, 6, 0, 8, 4, 0, 2, -8
-5,6:-4, -6, 6, 0, 8, 4, 0, 2, -6
-5,6:-4, -6, 6, 0, 8, 4, 0, 2, -4
3,-3:-4, -6, 6, 10, -14, -4, -2, 4, 6
3,-3:-4, -6, 6, 10, -14, -4, -2, 4, 10
4,-2:-4, -6, 6, 10, -14, 12, 2, 22, 22
-1,0:-4, -6, 6, 10, -6, -16, -16, 6, -8
-1,0:-4, -6, 6, 10, -6, -16, -14, 6, -16
-1,0:-4, -6, 6, 10, -6, -16, -14, 6, -14
-1,0:-4, -6, 6, 10, -6, -16, -14, 6, -12
-1,0:-4, -6, 6, 10, -6, -16, -10, 6, -22
-1,0:-4, -6, 6, 10, -6, -16, -10, 6, -12
14,2:-4, -6, 6, 10, -6, -16, 2, -22, -34
14,2:-4, -6, 6, 10, -6, -16, 2, -22, -32
14,2:-4, -6, 6, 10, -6, -16, 2, -22, -30
-1,0:-4, -6, 6, 10, -6, -8, -8, 6, -14
-1,0:-4, -6, 6, 10, -6, -8, -8, 6, -12
-1,0:-4, -6, 6, 10, -6, -8, -8, 6, -10
5,2:-4, -6, 6, 10, 2, -6, -10, 12, 0
-1,0:-4, -6, 6, 10, 2, -6, -10, 12, 6
-1,0:-4, -6, 6, 10, 2, -6, -10, 12, 8
-1,0:-4, -6, 6, 10, 2, -6, -10, 12, 10
5,2:-4, -6, 6, 10, 2, -6, 12, 0, -10
-2,-2:-4, -6, 6, 10, 12, -6, -10, 2, 2
-2,-2:-4, -6, 6, 10, 12, -6, 2, 2, -10
-2,-2:-4, -6, 6, 10, 12, -6, 2, 2, -6
13,1:-4, 2, 2, -8, -14, -16, 4, -22, -34
13,1:-4, 2, 2, -8, -14, -16, 4, -22, -32
13,1:-4, 2, 2, -8, -14, -16, 4, -22, -30
8,-4:-4, 2, 2, -8, 2, -2, -16, -2, 0
8,-4:-4, 2, 2, -8, 2, -2, -16, -2, 10
8,-4:-4, 2, 2, -8, 2, -2, -2, 0, -16
8,-4:-4, 2, 2, -8, 2, -2, -2, 0, -14
8,-4:-4, 2, 2, -8, 2, -2, -2, 0, -12
1,8:-4, 2, 6, -8, 2, -6, -2, -14, -2
1,8:-4, 2, 6, -8, 2, -6, -2, -2, -14
1,8:-4, 2, 6, -8, 2, -6, -2, -2, -4
-5,6:-4, 2, 6, 0, 8, -2, -10, 4, 12
-5,6:-4, 2, 6, 0, 8, -2, -10, 4, 16
-5,6:-4, 2, 6, 0, 8, 4, -10, -4, -10
11,-3:-4, 4, -10, -8, 0, -4, 2, -6, 6
11,-3:-4, 4, -10, -8, 0, -4, 2, -6, 8
11,-3:-4, 4, -10, -8, 0, -4, 2, -6, 10
1,3:-4, 4, -10, 0, -8, -6, -4, -10, 8
5,16:-4, 4, -10, 6, 4, 0, 16, 22, 30
5,16:-4, 4, -10, 6, 4, 0, 16, 22, 32
5,16:-4, 4, -10, 6, 4, 0, 16, 22, 34
4,4:-4, 4, -2, -14, -8, 6, 6, 2, 4
-6,4:-4, 4, -2, -12, 6, -12, 6, 0, -12
-6,4:-4, 4, -2, -12, 6, -12, 6, 0, -10
-6,4:-4, 4, -2, -12, 6, -12, 6, 0, -8
4,4:-4, 4, -2, -8, 6, 6, 2, 4, -14
15,-1:-4, 4, -2, 6, 6, 12, -16, 18, 10
15,-1:-4, 4, -2, 6, 6, 12, -16, 18, 12
15,-1:-4, 4, -2, 6, 6, 12, -16, 18, 14
4,-11:-4, 4, 4, -6, 4, -8, -2, -20, 10
4,-11:-4, 4, 4, -6, 4, -8, -2, -20, 20
4,-11:-4, 4, 4, 4, 6, -8, -2, -20, 4
4,-11:-4, 4, 4, 4, 6, -8, -2, -20, 14
1,2:6, -4, -4, -12, -8, -18, -20, -2, 0
1,2:6, -4, -4, -12, -8, -18, -20, -2, 2
1,2:6, -4, -4, -12, -8, -18, -20, -2, 4
6,7:6, -4, -4, -6, -14, 6, 12, 28, 22
6,7:6, -4, -4, -6, -14, 6, 12, 28, 24
6,7:6, -4, -4, -6, -14, 6, 12, 28, 26
2,3:6, -4, -4, -6, 6, 10, -6, -10, 6
2,3:6, -4, -4, -6, 6, 10, -6, -10, 8
2,3:6, -4, -4, -6, 6, 10, -6, -10, 10
2,3:6, -4, -4, -6, 6, 10, -6, 6, -10
2,3:6, -4, -4, -6, 6, 10, -6, 6, -6
10,-5:6, -4, 6, -4, -4, -6, -8, -2, -20
8,8:6, -4, 6, 6, -2, -4, 16, -10, -22
8,8:6, -4, 6, 6, -2, -4, 16, -10, -20
8,8:6, -4, 6, 6, -2, -4, 16, -10, -18
3,3:6, -4, 6, 6, 14, 10, -4, 10, 12
3,3:6, -4, 6, 6, 14, 10, -4, 10, 22
3,3:6, -4, 6, 6, 14, 10, 10, 12, -4
3,3:6, -4, 6, 6, 14, 10, 10, 12, -2
3,3:6, -4, 6, 6, 14, 10, 10, 12, 0
7,-3:6, 6, -4, -4, 2, -6, -2, 12, -2
3,0:6, 6, -4, 0, 10, 6, 4, 10, -8
0,17:6, 6, -2, -4, -4, -10, -18, 4, 18
0,17:6, 6, -2, -4, -4, -10, 4, 18, -18
0,17:6, 6, -2, -4, -4, -10, 4, 18, -14
5,5:6, 6, -2, -4, 16, -10, -26, -16, -22
5,5:6, 6, -2, -4, 16, -10, -26, -16, -20
5,5:6, 6, -2, -4, 16, -10, -26, -16, -18
-3,18:6, 6, -2, -2, 14, 10, 12, 0, 12
-3,18:6, 6, -2, -2, 14, 10, 12, 12, 0
-3,18:6, 6, -2, -2, 14, 10, 12, 12, 4
6,6:6, 6, -2, -2, 14, 10, 12, 12, 18
6,6:6, 6, -2, -2, 14, 10, 12, 12, 22
6,6:6, 6, -2, -2, 14, 10, 12, 18, 12
6,6:6, 6, -2, -2, 14, 10, 12, 18, 22
8,1:6, 6, 8, -4, -8, -10, -12, -2, -14
1,1:6, 6, 8, -4, -8, -8, 8, 10, 14
1,1:6, 6, 8, -4, -8, -8, 8, 10, 16
1,1:6, 6, 8, -4, -8, -8, 8, 10, 18
1,1:6, 6, 8, -4, -8, 0, 8, 8, -6
1,1:6, 6, 8, -4, -8, 0, 8, 8, -4
1,1:6, 6, 8, -4, -8, 0, 8, 8, -2
7,-3:6, 6, 8, -4, 2, -6, -2, 2, -2
-14,8:6, 6, 8, 2, 10, 14, 16, 10, 28
6,13:6, 6, 8, 10, 20, 12, 22, 18, 26
6,13:6, 6, 8, 10, 20, 12, 22, 18, 28
6,13:6, 6, 8, 10, 20, 12, 22, 18, 30
-5,6:6, 6, 14, 6, 6, 12, 4, 6, 16
-5,6:6, 6, 14, 6, 6, 12, 4, 6, 20
-5,6:6, 6, 14, 6, 6, 12, 4, 16, 6
0,0:6, 6, 14, 10, -4, 10, 16, 20, 12
0,0:6, 6, 14, 10, -4, 16, 4, 36, 32
0,0:6, 6, 14, 10, 4, -6, 10, 12, -4
0,0:6, 6, 14, 10, 4, -6, 10, 12, -2
0,0:6, 6, 14, 10, 4, -6, 10, 12, 0
0,0:6, 6, 14, 10, 10, 12, -6, -8, 0
0,0:6, 6, 14, 10, 16, 20, 18, 22, 2
10,3:6, 6, 16, -16, 4, 2, 0, 6, -12
4,12:-4, -14, -12, -2, 14, -2, 0, 2, -4, 14
12,5:-4, -14, -12, 14, -12, -20, -16, -26, -28, -6
12,5:-4, -14, -12, 14, -12, -20, -16, -26, -28, -4
12,5:-4, -14, -12, 14, -12, -20, -16, -26, -28, -2
12,5:-4, -14, -12, 14, -12, -20, -16, -26, -6, -28
12,5:-4, -14, -12, 14, -12, -20, -16, -26, -6, -18
17,10:-4, -14, -12, 14, -12, -14, -22, -2, 4, 12
17,10:-4, -14, -12, 14, -12, -14, -22, -2, 4, 14
17,10:-4, -14, -12, 14, -12, -14, -22, -2, 4, 16
-8,7:-4, -14, -8, 10, 10, 2, 6, -4, 16, -6
-8,7:-4, -14, -8, 10, 10, 2, 6, -4, 16, 4
-3,12:-4, -14, -8, 10, 10, 8, 0, 20, 26, 34
-3,12:-4, -14, -8, 10, 10, 8, 0, 20, 26, 36
-3,12:-4, -14, -8, 10, 10, 8, 0, 20, 26, 38
-16,14:-4, -14, -8, 10, 20, 20, 22, 24, 18, 36
-4,10:-4, -14, -8, 20, 12, 10, 30, 4, -12, -10
-4,10:-4, -14, -8, 20, 12, 10, 30, 4, -12, -8
-4,10:-4, -14, -8, 20, 12, 10, 30, 4, -12, -6
-8,6:-4, -14, -8, 20, 22, 10, 6, 6, 22, 22
-8,6:-4, -14, -8, 20, 22, 10, 6, 6, 22, 26
-8,6:-4, -14, -8, 20, 22, 10, 6, 22, 22, 6
-8,6:-4, -14, -8, 20, 22, 10, 6, 22, 22, 8
-8,6:-4, -14, -8, 20, 22, 10, 6, 22, 22, 10
-9,5:-4, -14, -8, 20, 28, 24, 18, 24, 26, 12
-9,5:-4, -14, -8, 20, 28, 24, 18, 24, 26, 14
-9,5:-4, -14, -8, 20, 28, 24, 18, 24, 26, 16
1,9:-4, -14, 10, -2, 0, 2, -4, 14, 20, 16
11,3:-4, -14, 10, -2, 0, 20, 10, 20, 20, 26
11,3:-4, -14, 10, -2, 6, 2, -12, 2, 4, 12
11,3:-4, -14, 10, -2, 6, 2, -12, 2, 4, 14
11,3:-4, -14, 10, -2, 6, 2, -12, 2, 4, 16
11,3:-4, -14, 10, -2, 6, 2, -12, 2, 20, 6
11,3:-4, -14, 10, -2, 6, 20, 10, 2, -12, 10
-8,7:-4, -14, 10, 10, 2, 6, 0, -8, -4, 14
-8,7:-4, -14, 10, 10, 2, 6, 0, -2, 12, 14
-8,7:-4, -14, 10, 10, 2, 6, 0, -2, 12, 16
-8,7:-4, -14, 10, 10, 2, 6, 0, -2, 12, 18
-8,7:-4, -14, 10, 10, 2, 6, 0, 0, 16, 4
-8,7:-4, -14, 10, 10, 2, 6, 0, 12, 16, 2
-8,7:-4, -14, 10, 10, 2, 6, 6, 4, 16, -8
-8,7:-4, -14, 10, 10, 2, 6, 6, 4, 16, -6
-8,7:-4, -14, 10, 10, 2, 6, 6, 4, 16, -4
1,0:-4, -14, 10, 20, 10, 10, 8, 6, 12, -6
16,8:-4, -14, 14, -2, -10, -12, 8, -18, -34, -28
12,4:-4, -14, 14, -2, 0, -12, -16, -16, 0, 0
12,4:-4, -14, 14, -2, 0, -12, -16, -16, 0, 4
12,4:-4, -14, 14, -2, 0, -12, -16, 0, 0, -16
12,4:-4, -14, 14, -2, 0, -12, -16, 0, 0, -14
12,4:-4, -14, 14, -2, 0, -12, -16, 0, 0, -12
11,3:-4, -14, 14, -2, 6, 2, -4, 2, 4, -10
11,3:-4, -14, 14, -2, 6, 2, -4, 2, 4, -8
11,3:-4, -14, 14, -2, 6, 2, -4, 2, 4, -6
9,-8:-4, -12, -14, 4, -6, -8, -10, -4, -22, -4
9,-8:-4, -12, -14, 4, -6, -8, -10, -4, -22, 0
9,-8:-4, -12, -14, 4, -6, -8, -10, -4, 0, -22
-4,-3:-4, -12, -14, 4, -6, 2, -4, -14, 6, 4
-2,-1:-4, -12, -8, -18, -20, -2, -2, -4, 2, -12
-2,-1:-4, -12, -8, -18, -20, -2, -2, -4, 2, -2
-2,-1:-4, -12, -8, -18, -20, -2, -2, 4, 4, -10
-2,-1:-4, -12, -8, -18, -20, -2, -2, 4, 4, 0
-2,-1:-4, -12, -8, -18, -20, -2, 8, -2, 8, 2
-2,-1:-4, -12, -8, -18, -20, -2, 8, -2, 8, 4
-2,-1:-4, -12, -8, -18, -20, -2, 8, -2, 8, 6
-2,-1:-4, -12, -8, -18, -20, -2, 8, 8, 10, 2
-2,-1:-4, -12, -8, -18, -20, 8, 0, 6, 10, 8
-2,-1:-4, -12, -8, -18, -20, 8, 10, -2, -2, 6
-2,-1:-4, -12, -8, -18, -20, 8, 10, 12, 24, 18
-2,-1:-4, -12, -8, -18, -20, 8, 10, 12, 24, 20
-2,-1:-4, -12, -8, -18, -20, 8, 16, 8, 12, 12
-2,-1:-4, -12, -8, -18, -20, 8, 16, 8, 12, 14
-2,-1:-4, -12, -8, -18, -20, 8, 16, 8, 12, 16
-2,-1:-4, -12, -8, -18, -14, -18, -26, -14, 2, -10
-2,-1:-4, -12, -8, -18, -14, -18, -26, -14, 2, -8
-2,-1:-4, -12, -8, -18, -14, -18, -20, -32, 2, -28
-2,-1:-4, -12, -8, -18, -14, -18, -20, -32, 2, -26
-2,-1:-4, -12, -8, -18, -14, -18, -20, -14, 2, -28
-2,-1:-4, -12, -8, -18, -14, -8, -14, -24, 2, -28
-2,-1:-4, -12, -8, -18, -14, -8, -14, -24, 2, -24
-2,-1:-4, -12, -8, -18, -14, -8, -14, -24, 2, -16
-2,-1:-4, -12, -8, -14, -22, -22, -22, -18, 0, -8
-2,-1:-4, -12, -8, -14, -22, -22, -20, 0, -10, -22
-2,-1:-4, -12, -8, -14, -22, -22, -20, 0, -10, -20
-2,-1:-4, -12, -8, -14, -22, -22, -20, 0, -10, -18
-2,-1:-4, -12, -8, -14, -22, -22, -16, 0, -10, -28
-2,-1:-4, -12, -8, -14, -22, -22, -16, 0, -10, -18
-2,-1:-4, -12, -8, -14, -22, -18, -20, -8, -20, -14
-2,-1:-4, -12, -8, -14, -22, -18, -20, -8, -20, -12
-2,-1:-4, -12, -8, -14, -22, -18, -20, -8, -20, -10
-2,-1:-4, -12, -8, -14, -20, -14, -10, -4, 2, -20
-2,-1:-4, -12, -8, -14, -20, -6, -6, 2, -2, -22
-2,-1:-4, -12, -8, -14, -20, -6, -6, 2, -2, -12
-2,-1:-4, -12, -8, -14, -20, -2, -10, -14, 2, -22
-2,-1:-4, -12, -8, -14, -20, -2, -10, -14, 2, -20
-2,-1:-4, -12, -8, -14, -20, -2, -10, -14, 2, -18
-2,-1:-4, -12, -8, -14, -20, -2, -8, -20, 2, -16
-2,-1:-4, -12, -8, -14, -20, -2, -8, -20, 2, -14
-2,-1:-4, -12, -8, -14, -20, -2, -8, -20, 2, -12
-2,-1:-4, -12, -8, -14, -10, -16, -20, -2, -4, -6
-2,-1:-4, -12, -8, -14, -10, -16, -20, -2, -4, -4
-2,-1:-4, -12, -8, -14, -10, -16, -20, -2, -4, -2
-2,-1:-4, -12, -8, -14, -10, -16, -14, -2, -14, -18
-2,-1:-4, -12, -8, -14, -10, -16, -14, -2, -14, -16
-2,-1:-4, -12, -8, -14, -10, -16, -14, -2, -14, -14
15,5:-4, -12, -8, -14, -4, -12, -10, -16, -20, 4
15,5:-4, -12, -8, -14, -4, -12, -10, -16, -20, 6
15,5:-4, -12, -8, -14, -4, -12, -10, -16, -20, 8
15,5:-4, -12, -8, -14, -4, -12, -10, -16, 4, -20
-2,-1:-4, -12, -8, -14, -4, -12, -8, -20, 2, -8
-2,-1:-4, -12, -8, -14, -4, -12, -8, -20, 2, -6
-2,-1:-4, -12, -8, -14, -4, -12, -8, -20, 2, -4
5,9:-4, -12, -8, -14, -4, -2, 8, -8, -6, 4
5,9:-4, -12, -8, -14, -4, -2, 8, -8, 4, -6
5,9:-4, -12, -8, -14, -4, -2, 8, -8, 4, -4
-2,-1:-4, -12, -8, -14, 0, -24, 0, -12, -10, -22
-2,-1:-4, -12, -8, -14, 0, -24, 0, -12, -10, -20
-2,-1:-4, -12, -8, -14, 0, -24, 0, -12, -10, -18
-2,-1:-4, -12, -8, -14, 0, -20, -16, -20, -10, -10
-2,-1:-4, -12, -8, -14, 0, -20, -16, -20, -10, -6
-2,-1:-4, -12, -8, -14, 0, -20, -16, -20, -10, 0
-2,-1:-4, -12, -8, -14, 0, -20, -16, -20, -4, -4
-2,-1:-4, -12, -8, -14, 0, -20, -16, -20, -4, 0
8,-2:-4, -12, -8, -14, 0, -20, -16, -14, -10, 6
8,-2:-4, -12, -8, -14, 0, -20, -16, -14, 6, -10
8,-2:-4, -12, -8, -14, 0, -20, -16, -14, 6, -8
8,-2:-4, -12, -8, -14, 0, -20, -16, -14, 6, -6
-2,-1:-4, -12, -8, -14, 0, -20, -12, -10, -14, -16
-2,-1:-4, -12, -8, -14, 2, -2, -42, -28, -22, -28
-2,-1:-4, -12, -8, -14, 2, -2, -42, -28, -22, -26
-2,-1:-4, -12, -8, -14, 2, -2, -42, -28, -22, -24
-2,-1:-4, -12, -8, -14, 2, -2, -42, -24, -18, -30
-2,-1:-4, -12, -8, -14, 2, -2, -42, -24, -18, -28
-2,-1:-4, -12, -8, -14, 2, -2, -42, -24, -18, -26
-2,-1:-4, -12, -8, -14, 2, -2, -42, -24, -16, -22
-2,-1:-4, -12, -8, -14, 2, -2, -42, -24, -16, -20
-2,-1:-4, -12, -8, -14, 2, -2, -42, -24, -16, -18
-2,-1:-4, -12, -8, -14, 2, -2, -36, -28, -30, -36
-2,-1:-4, -12, -8, -14, 2, -2, -36, -28, -30, -32
-2,-1:-4, -12, -8, -14, 2, -2, -34, -28, -28, -32
-2,-1:-4, -12, -8, -14, 2, -2, -34, -28, -26, -36
-2,-1:-4, -12, -8, -14, 2, -2, -28, -28, -30, -34
-2,-1:-4, -12, -8, -14, 2, -2, -28, -28, -30, -32
-2,-1:-4, -12, -8, -14, 2, -2, -28, -28, -30, -30
-2,-1:-4, -12, -8, -14, 2, -2, -28, -22, -22, -16
16,5:-4, -12, -8, -4, -14, -10, -22, -18, -22, -30
16,5:-4, -12, -8, -4, -14, -10, -22, -18, -22, -20
6,-6:-4, -12, -8, -4, -4, -14, -6, 2, -8, -2
6,-6:-4, -12, -8, -4, -4, -14, -6, 2, -8, 0
6,-6:-4, -12, -8, -4, -4, -14, -6, 2, -8, 2
6,-6:-4, -12, -8, -4, -4, -14, -6, 2, 2, -8
-2,-1:-4, -12, -8, -2, -14, -22, -22, -2, -6, -8
-2,-1:-4, -12, -8, -2, -14, -22, -16, -8, -4, -20
-2,-1:-4, -12, -8, -2, -14, -20, -14, 0, -10, -20
-2,-1:-4, -12, -8, -2, -14, -20, -14, 0, -10, -18
-2,-1:-4, -12, -8, -2, -14, -20, -14, 0, -10, -16
-2,-1:-4, -12, -8, -2, -2, -14, -20, 4, 0, 4
-2,-1:-4, -12, -8, -2, -2, -14, -20, 4, 0, 6
-2,-1:-4, -12, -8, -2, -2, -14, -20, 4, 0, 8
-2,-1:-4, -12, -8, -2, 8, -2, -14, -8, -20, -20
-2,-1:-4, -12, -8, -2, 8, -2, -14, -8, -20, -18
11,-16:-4, -12, -4, -8, -16, -16, -18, -20, -14, -32
9,-3:-4, -12, -4, -8, -6, -14, -16, 4, -22, -34
9,-3:-4, -12, -4, -8, -6, -14, -16, 4, -22, -32
9,-3:-4, -12, -4, -8, -6, -14, -16, 4, -22, -30
4,-8:-4, -12, -4, -8, -6, 2, -2, -16, -2, 0
4,-8:-4, -12, -4, -8, -6, 2, -2, -16, -2, 10
4,-8:-4, -12, -4, -8, -6, 2, -2, -2, 0, -16
4,-8:-4, -12, -4, -8, -6, 2, -2, -2, 0, -14
4,-8:-4, -12, -4, -8, -6, 2, -2, -2, 0, -12
4,-6:-4, -12, -4, -4, -10, -16, -16, -2, -4, -14
4,-6:-4, -12, -4, -4, -10, -16, -16, -2, -4, -12
4,-6:-4, -12, -4, -4, -10, -16, -16, -2, -4, -10
19,6:-4, -12, -4, -4, -10, -4, -8, 2, -2, 6
19,6:-4, -12, -4, -4, -10, -4, -8, 2, -2, 8
19,6:-4, -12, -4, -4, -10, -4, -8, 2, -2, 10
4,-6:-4, -12, -4, -4, -10, -2, -4, -8, -14, -12
4,-6:-4, -12, -4, -4, -10, -2, -4, -8, -14, -2
4,-6:-4, -12, -4, -4, -10, -2, -4, -8, -10, -12
4,-6:-4, -12, -4, -4, -10, -2, -4, -8, -10, -10
4,-6:-4, -12, -4, -4, -10, -2, -4, -8, -10, -8
4,-6:-4, -12, -4, -4, -10, -2, -4, -8, -8, -16
2,6:-4, -12, -4, -4, 0, 6, 10, 6, 0, 2
2,8:-4, -12, -4, -2, 2, 4, -2, -8, -12, -24
2,8:-4, -12, -4, -2, 2, 4, -2, -8, -12, -20
-3,9:-4, -12, -4, -2, 2, 4, 6, 0, 18, 2
1,3:-4, -12, -4, -2, 6, 10, -14, 12, 18, 20
0,6:-4, -12, -4, 2, 2, -6, -2, 0, -6, 12
10,0:-4, -12, -4, 2, 6, 6, -6, -14, 10, -6
10,0:-4, -12, -4, 2, 6, 6, -6, -14, 10, 4
10,0:-4, -12, -4, 2, 6, 6, -6, -12, 10, -2
10,0:-4, -12, -4, 2, 6, 6, -6, 4, 10, -14
10,0:-4, -12, -4, 2, 6, 6, -6, 4, 10, -10
10,0:-4, -12, -4, 2, 6, 6, -6, 10, -6, 0
10,0:-4, -12, -4, 2, 6, 6, -6, 10, -6, 2
10,0:-4, -12, -4, 2, 6, 6, -6, 10, -6, 4
10,0:-4, -12, -4, 2, 6, 6, -6, 10, 2, -2
10,0:-4, -12, -4, 2, 6, 6, -6, 10, 2, 2
-1,-2:-4, -12, 4, -6, 0, -16, -10, -4, 10, -4
4,-14:-4, -12, 4, -6, 0, -2, -10, 2, -28, -10
4,-14:-4, -12, 4, -6, 0, -2, -10, 2, -28, -8
4,-14:-4, -12, 4, -6, 0, -2, -10, 2, -28, -6
4,-14:-4, -12, 4, -6, 0, -2, -10, 2, -10, -28
4,-14:-4, -12, 4, -6, 0, -2, -10, 2, -10, -20
7,-2:-4, -12, 4, -6, 2, -4, -14, 4, -18, -2
9,10:-4, -12, 4, 4, -8, -18, -20, 6, 12, 20
9,10:-4, -12, 4, 4, -8, -18, -20, 6, 12, 22
9,10:-4, -12, 4, 4, -8, -18, -20, 6, 12, 24
4,5:-4, -12, 4, 4, -8, -10, -20, -14, -18, -10
4,5:-4, -12, 4, 4, -8, -10, -20, -8, -36, -20
4,5:-4, -12, 4, 4, -8, -10, -20, -8, -36, -12
4,5:-4, -12, 4, 4, -8, -10, -20, -8, -20, -36
4,5:-4, -12, 4, 4, -8, -10, -20, -8, -20, -28
4,5:-4, -12, 4, 4, -8, -10, -14, -24, -26, -8
4,5:-4, -12, 4, 4, -8, -10, -14, -14, -10, -20
4,5:-4, -12, 4, 4, -8, -10, -14, -14, -10, -18
4,5:-4, -12, 4, 4, -8, -10, -14, -14, -10, -16
16,-4:-4, -12, 4, 4, -8, -10, -10, -4, -4, -2
16,-4:-4, -12, 4, 4, -8, -10, -10, -4, -4, 0
16,-4:-4, -12, 4, 4, -8, -10, -10, -4, -4, 2
16,-4:-4, -12, 4, 4, -8, -10, -8, -36, -2, -12
16,-4:-4, -12, 4, 4, -8, -10, -8, -12, -2, -36
-5,9:-4, -12, 4, 4, 4, 6, 8, 2, 20, 2
-4,5:-4, -12, 4, 4, 4, 10, -14, -4, 8, -10
-4,5:-4, -12, 4, 4, 4, 10, -14, -4, 8, -8
-4,5:-4, -12, 4, 4, 4, 10, -14, -4, 8, -6
-4,5:-4, -12, 4, 4, 4, 10, -12, -4, 18, 18
-4,5:-4, -12, 4, 4, 4, 10, -12, -4, 18, 20
-4,5:-4, -12, 4, 4, 4, 10, -12, -4, 18, 22
-4,5:-4, -12, 4, 4, 4, 10, -12, 4, 8, -2
-4,5:-4, -12, 4, 4, 4, 10, -12, 4, 8, 0
-4,5:-4, -12, 4, 4, 4, 10, -12, 4, 8, 2
3,-6:-4, -12, 4, 4, 4, 10, -4, 4, 8, 8
3,-6:-4, -12, 4, 4, 4, 10, -4, 4, 8, 10
3,-6:-4, -12, 4, 4, 4, 10, -4, 4, 8, 12
3,-6:-4, -12, 4, 4, 4, 10, -4, 6, 18, 18
3,-6:-4, -12, 4, 4, 4, 10, -4, 6, 18, 20
3,-6:-4, -12, 4, 4, 4, 10, -4, 6, 18, 22
3,-6:-4, -12, 4, 4, 4, 10, 4, 6, 8, -2
3,-6:-4, -12, 4, 4, 4, 10, 4, 6, 8, 0
3,-6:-4, -12, 4, 4, 4, 10, 4, 6, 8, 2
-2,-1:-4, -12, 4, 4, 4, 12, -8, -20, -8, -16
-2,-1:-4, -12, 4, 4, 4, 12, -8, -20, 14, -4
-2,-1:-4, -12, 4, 4, 4, 12, -8, -20, 14, -2
17,-13:-4, -12, 4, 4, 6, 6, 12, 18, -8, -12
17,-13:-4, -12, 4, 4, 6, 6, 12, 18, -8, -2
11,-10:-4, -12, 4, 6, 4, 6, -8, -8, -12, -10
11,-10:-4, -12, 4, 6, 4, 6, -8, -8, -12, -6
11,-10:-4, -12, 4, 6, 4, 6, -8, -8, -10, -12
4,-9:-4, -6, -14, -2, -2, -2, -4, -6, 0, -18
2,4:-4, -6, -14, -2, 8, 0, -2, 18, -8, -20
2,4:-4, -6, -14, -2, 8, 0, -2, 18, -8, -18
2,4:-4, -6, -14, -2, 8, 0, -2, 18, -8, -16
-3,-1:-4, -6, -14, -2, 8, 16, 12, -2, 12, 14
-3,-1:-4, -6, -14, -2, 8, 16, 12, -2, 12, 24
-3,-1:-4, -6, -14, -2, 8, 16, 12, 12, 14, -2
-3,-1:-4, -6, -14, -2, 8, 16, 12, 12, 14, 0
-3,-1:-4, -6, -14, -2, 8, 16, 12, 12, 14, 2
12,13:-4, -6, -14, 6, -2, -22, -16, 6, 12, 20
12,13:-4, -6, -14, 6, -2, -22, -16, 6, 12, 22
12,13:-4, -6, -14, 6, -2, -22, -16, 6, 12, 24
7,8:-4, -6, -14, 6, -2, -22, -10, -14, -22, -10
19,-5:-4, -6, -14, 6, -2, -20, -16, -2, -22, -4
7,8:-4, -6, -14, 6, -2, -10, -14, -22, -10, -22
7,8:-4, -6, -14, 6, -2, -10, -14, -22, -10, -14
1,-4:-4, -6, -14, 6, 0, 8, 4, 2, 8, -10
4,-7:-4, -6, -14, 6, 4, 0, -2, -4, 2, -16
1,15:-4, -6, -14, 6, 6, 12, 6, 10, 4, -8
1,15:-4, -6, -14, 6, 6, 12, 6, 10, 4, -6
1,15:-4, -6, -14, 6, 6, 12, 6, 10, 4, -4
6,-7:-4, -6, -8, -20, -20, -26, -22, -32, -34, -12
6,-7:-4, -6, -8, -20, -20, -26, -22, -32, -34, -10
6,-7:-4, -6, -8, -20, -20, -26, -22, -32, -34, -8
6,-7:-4, -6, -8, -20, -20, -26, -22, -32, -12, -34
6,-7:-4, -6, -8, -20, -20, -26, -22, -32, -12, -24
11,-2:-4, -6, -8, -20, -20, -20, -28, -8, -2, 6
11,-2:-4, -6, -8, -20, -20, -20, -28, -8, -2, 8
11,-2:-4, -6, -8, -20, -20, -20, -28, -8, -2, 10
11,5:-4, -6, -8, -18, -20, -10, -16, -32, -22, -28
11,5:-4, -6, -8, -18, -20, -10, -16, -32, -22, -26
11,5:-4, -6, -8, -18, -20, -10, -16, -32, -22, -24
8,-19:-4, -6, -8, -18, -4, -14, -18, -20, -14, -32
0,-1:-4, -6, -8, -18, -2, -14, -26, 4, 2, -12
0,0:-4, -6, -8, -18, -2, -14, -18, -28, -20, -18
0,0:-4, -6, -8, -18, -2, -14, -18, -28, -20, -14
0,0:-4, -6, -8, -18, -2, -14, -18, -20, -14, -28
0,0:-4, -6, -8, -18, -2, -14, -18, -20, -14, -18
0,-1:-4, -6, -8, -18, -2, -14, 4, 2, -12, -26
0,-1:-4, -6, -8, -18, -2, -14, 4, 2, -12, -16
10,-14:-4, -6, -8, -16, -26, -28, -8, -6, -34, -46
10,-14:-4, -6, -8, -16, -26, -28, -8, -6, -34, -44
10,-14:-4, -6, -8, -16, -26, -28, -8, -6, -34, -42
11,-13:-4, -6, -8, -16, -26, -26, -10, -14, -12, -12
11,-13:-4, -6, -8, -16, -26, -26, -10, -14, -12, -2
11,-13:-4, -6, -8, -16, -16, -28, -22, -14, -32, -12
7,-7:-4, -6, -8, -16, -16, -14, 0, -16, -6, -4
7,-7:-4, -6, -8, -16, -16, -14, 0, -16, -6, -2
7,-7:-4, -6, -8, -16, -16, -14, 0, -16, -6, 0
17,-11:-4, -6, -8, -16, -16, -14, 6, -8, -12, -10
17,-11:-4, -6, -8, -16, -16, -14, 6, -8, -12, 0
17,-11:-4, -6, -8, -16, -16, -14, 6, -8, -6, -8
17,-11:-4, -6, -8, -16, -16, -14, 6, -8, -6, -6
17,-11:-4, -6, -8, -16, -16, -14, 6, -8, -6, -4
17,-11:-4, -6, -8, -16, -16, -14, 6, -8, 0, -12
17,-11:-4, -6, -8, -16, -16, -14, 6, -8, 0, -10
17,-11:-4, -6, -8, -16, -16, -14, 6, -8, 0, -8
5,-19:-4, -6, -8, -16, -10, -14, -28, -14, -12, -6
5,-19:-4, -6, -8, -16, -10, -14, -28, -14, -12, 4
5,-19:-4, -6, -8, -16, -10, -14, -28, -14, -6, -12
5,-19:-4, -6, -8, -16, -10, -14, -28, -14, -6, -2
5,-19:-4, -6, -8, -16, -10, -14, -28, 6, -12, -4
5,-19:-4, -6, -8, -16, -10, -14, -28, 6, -12, -2
5,-19:-4, -6, -8, -16, -10, -14, -28, 6, -12, 0
5,-19:-4, -6, -8, -16, -10, -14, -14, -12, -6, -28
5,-19:-4, -6, -8, -16, -10, -14, -14, -12, -6, -26
5,-19:-4, -6, -8, -16, -10, -14, -14, -12, -6, -24
2,25:-4, -6, -8, -10, -20, -2, 2, -8, 12, 10
16,-6:-4, -6, -8, -2, -2, -16, -6, -26, -12, -8
16,-6:-4, -6, -8, -2, -2, -16, -6, -26, -12, 2
16,-6:-4, -6, -8, -2, -2, -16, -6, -26, -8, -12
0,-5:-4, -6, 0, -8, -18, -14, -24, -26, -8, -6
0,-5:-4, -6, 0, -8, -18, -14, -24, -26, -8, -4
0,-5:-4, -6, 0, -8, -18, -14, -24, -26, -8, -2
5,0:-4, -6, 0, -8, -12, -20, 0, 6, 22, 16
5,0:-4, -6, 0, -8, -12, -20, 0, 6, 22, 18
5,0:-4, -6, 0, -8, -12, -20, 0, 6, 22, 20
1,-4:-4, -6, 0, -8, -12, 0, 4, -12, -16, 0
1,-4:-4, -6, 0, -8, -12, 0, 4, -12, -16, 2
1,-4:-4, -6, 0, -8, -12, 0, 4, -12, -16, 4
1,-4:-4, -6, 0, -8, -12, 0, 4, -12, 0, -16
1,-4:-4, -6, 0, -8, -12, 0, 4, -12, 0, -12
7,-2:-4, -6, 6, -8, -18, -14, -10, 0, -4, -16
-1,4:-4, -6, 6, -8, -18, -14, -6, 6, -4, -22
-1,4:-4, -6, 6, -8, -18, -14, -6, 6, -4, -20
-1,4:-4, -6, 6, -8, -18, -14, -6, 6, -4, -18
-3,-10:-4, -6, 6, -8, -18, -14, -6, 10, -2, 8
-3,-10:-4, -6, 6, -8, -18, -14, -6, 10, -2, 10
-3,-10:-4, -6, 6, -8, -18, -14, -6, 10, -2, 12
7,-10:-4, -6, 6, -8, -12, 4, -2, -20, -10, -4
7,-10:-4, -6, 6, -8, -12, 4, -2, -20, -10, 2
7,-10:-4, -6, 6, -8, -12, 4, -2, -20, -10, 4
7,-10:-4, -6, 6, -8, -12, 4, -2, -20, -4, -10
7,-10:-4, -6, 6, -8, -12, 4, -2, -20, -4, -8
7,-10:-4, -6, 6, -8, -12, 4, -2, -20, -4, -6
-1,10:-4, -6, 6, -8, -10, -20, -14, -16, 2, -16
-1,10:-4, -6, 6, -8, -10, -20, -14, 2, -10, -16
-1,10:-4, -6, 6, -8, -10, -14, -16, 2, -16, -20
-1,10:-4, -6, 6, -8, -10, -14, -16, 2, -16, -10
7,-2:-4, -6, 6, -8, -8, -16, -24, 0, -4, -16
12,-2:-4, -6, 6, -8, 10, -2, -22, -20, -10, -6
12,-2:-4, -6, 6, -8, 10, -2, -22, -10, -6, -20
-10,-9:-4, -6, 6, -2, -14, 12, 10, 8, 14, -4
10,1:-4, -6, 6, -2, -10, -4, 14, 2, 18, 12
10,1:-4, -6, 6, -2, -10, -4, 14, 2, 18, 14
10,1:-4, -6, 6, -2, -10, -4, 14, 2, 18, 16
17,0:-4, -6, 6, -2, 14, -12, -12, -6, 10, 4
17,0:-4, -6, 6, -2, 14, -12, -12, -6, 10, 6
17,0:-4, -6, 6, -2, 14, -12, -12, -6, 10, 8
0,-5:-4, -6, 6, 0, -8, -18, -14, -24, -26, 10
0,-5:-4, -6, 6, 0, -8, -18, -14, -24, -26, 14
6,-15:-4, -6, 6, 0, -8, -12, -14, -8, -26, 2
6,-15:-4, -6, 6, 0, -8, -12, -14, -8, -26, 12
10,-8:-4, -6, 6, 0, -8, 10, -14, -4, -6, -22
10,-8:-4, -6, 6, 0, -8, 10, -14, -4, -6, -18
-5,1:-4, -6, 6, 0, -2, -30, -4, -14, 4, -6
-5,1:-4, -6, 6, 0, -2, -30, -4, -14, 4, -2
-5,1:-4, -6, 6, 0, -2, -30, -4, -12, -12, 4
-5,6:-4, -6, 6, 0, 8, 4, 0, -8, -4, -2
-5,6:-4, -6, 6, 0, 8, 4, 0, -8, -4, 0
-5,6:-4, -6, 6, 0, 8, 4, 0, -8, -4, 2
-5,6:-4, -6, 6, 0, 8, 4, 0, 0, -8, -6
-5,6:-4, -6, 6, 0, 8, 4, 0, 0, -8, -4
-5,6:-4, -6, 6, 0, 8, 4, 0, 0, -8, -2
-5,6:-4, -6, 6, 0, 8, 4, 0, 2, 0, -6
-5,6:-4, -6, 6, 0, 8, 4, 0, 2, 0, -4
-5,6:-4, -6, 6, 0, 8, 4, 0, 2, 0, -2
6,-15:-4, -6, 6, 4, -8, -12, -14, -8, -26, 2
6,-15:-4, -6, 6, 4, -8, -12, -14, -8, -26, 4
6,-15:-4, -6, 6, 4, -8, -12, -14, -8, -26, 6
6,-1:-4, -6, 6, 6, 2, 12, 2, -8, -16, 0
3,-3:-4, -6, 6, 10, -14, -4, -2, 4, 8, 12
3,-3:-4, -6, 6, 10, -14, -4, -2, 4, 8, 14
3,-3:-4, -6, 6, 10, -14, -4, -2, 4, 8, 16
4,-2:-4, -6, 6, 10, -14, 12, 2, 22, 0, 10
4,-2:-4, -6, 6, 10, -14, 12, 2, 22, 0, 20
4,-2:-4, -6, 6, 10, -14, 12, 2, 22, 20, 0
4,-2:-4, -6, 6, 10, -14, 12, 2, 22, 20, 4
-1,0:-4, -6, 6, 10, -6, -16, -16, -18, 6, -12
-1,0:-4, -6, 6, 10, -6, -16, -16, -18, 6, -10
-1,0:-4, -6, 6, 10, -6, -16, -16, -18, 6, -8
-1,0:-4, -6, 6, 10, -6, -16, -16, -12, 6, -18
-1,0:-4, -6, 6, 10, -6, -16, -16, -12, 6, -16
-1,0:-4, -6, 6, 10, -6, -16, -16, -12, 6, -14
-1,0:-4, -6, 6, 10, -6, -16, -14, -20, 6, -18
-1,0:-4, -6, 6, 10, -6, -16, -14, -20, 6, -16
-1,0:-4, -6, 6, 10, -6, -16, -14, -20, 6, -14
14,2:-4, -6, 6, 10, -6, -16, 2, -22, -38, -36
14,2:-4, -6, 6, 10, -6, -16, 2, -22, -38, -34
14,2:-4, -6, 6, 10, -6, -16, 2, -22, -38, -32
-1,0:-4, -6, 6, 10, -6, -8, -18, -20, 6, -12
-1,0:-4, -6, 6, 10, -6, -8, -8, -18, 6, -16
-1,0:-4, -6, 6, 10, -6, -8, -8, -18, 6, -14
-1,0:-4, -6, 6, 10, -6, -8, -8, -18, 6, -12
8,-5:-4, -6, 6, 10, -4, 6, 0, 10, 14, -12
8,-5:-4, -6, 6, 10, -4, 6, 0, 10, 14, -6
8,-5:-4, -6, 6, 10, -4, 6, 0, 10, 14, -4
-1,0:-4, -6, 6, 10, 2, -6, -10, 2, 0, 8
-1,0:-4, -6, 6, 10, 2, -6, -10, 12, 2, 4
-1,0:-4, -6, 6, 10, 2, -6, -10, 12, 2, 6
-1,0:-4, -6, 6, 10, 2, -6, -10, 12, 2, 8
5,2:-4, -6, 6, 10, 2, -6, -8, 12, 0, -16
5,2:-4, -6, 6, 10, 2, -6, -8, 12, 0, -14
5,2:-4, -6, 6, 10, 2, -6, -8, 12, 0, -12
-1,0:-4, -6, 6, 10, 2, -6, 2, 0, -4, 2
-1,0:-4, -6, 6, 10, 2, -6, 2, 0, -4, 6
-1,0:-4, -6, 6, 10, 2, -6, 2, 0, 6, -4
-2,-2:-4, -6, 6, 10, 12, -6, -10, 4, 2, 8
-2,-2:-4, -6, 6, 10, 12, -6, -10, 4, 2, 10
-2,-2:-4, -6, 6, 10, 12, -6, -10, 4, 2, 12
-1,0:-4, -6, 6, 10, 12, -6, -10, 4, 22, 8
-1,0:-4, -6, 6, 10, 12, -6, -10, 4, 22, 12
-2,-2:-4, -6, 6, 10, 12, -6, -10, 14, 2, 16
-2,-2:-4, -6, 6, 10, 12, -6, -10, 14, 2, 20
-1,0:-4, -6, 6, 10, 12, -6, -10, 14, 8, 12
-1,0:-4, -6, 6, 10, 12, -6, -10, 14, 8, 22
-2,-2:-4, -6, 6, 10, 12, -6, -8, 2, 2, -16
-2,-2:-4, -6, 6, 10, 12, -6, -8, 2, 2, -14
-2,-2:-4, -6, 6, 10, 12, -6, -8, 2, 2, -12
-1,0:-4, -6, 6, 10, 12, 2, 6, -6, -10, 10
-1,0:-4, -6, 6, 10, 12, 2, 6, -6, -10, 20
3,-6:-4, 2, 0, -8, -4, -16, -2, -14, 6, 8
3,-6:-4, 2, 0, -8, -4, -16, -2, 6, 8, -14
9,-3:-4, 2, 0, -8, 4, -30, -22, -16, -16, -10
1,-11:-4, 2, 0, -8, 4, -18, -24, -8, -28, -22
1,-11:-4, 2, 0, -8, 4, -18, -24, -8, -28, -20
1,-11:-4, 2, 0, -8, 4, -18, -24, -8, -28, -18
1,-10:-4, 2, 0, -8, 4, -18, -20, -20, -24, -12
1,-10:-4, 2, 0, -8, 4, -18, -20, -20, -24, -10
1,-10:-4, 2, 0, -8, 4, -18, -20, -20, -24, -8
1,-10:-4, 2, 0, -8, 4, -18, -20, -20, -12, -24
1,-10:-4, 2, 0, -8, 4, -18, -20, -20, -12, -22
1,-10:-4, 2, 0, -8, 4, -18, -20, -20, -12, -20
13,1:-4, 2, 2, -8, -14, -16, 4, -22, -38, -36
13,1:-4, 2, 2, -8, -14, -16, 4, -22, -38, -34
13,1:-4, 2, 2, -8, -14, -16, 4, -22, -38, -32
9,-3:-4, 2, 2, -8, -4, -16, -20, -20, -4, -4
9,-3:-4, 2, 2, -8, -4, -16, -20, -20, -4, 0
9,-3:-4, 2, 2, -8, -4, -16, -20, -4, -4, -20
9,-3:-4, 2, 2, -8, -4, -16, -20, -4, -4, -18
9,-3:-4, 2, 2, -8, -4, -16, -20, -4, -4, -16
8,-4:-4, 2, 2, -8, 2, -2, -8, -2, 0, -14
8,-4:-4, 2, 2, -8, 2, -2, -8, -2, 0, -12
8,-4:-4, 2, 2, -8, 2, -2, -8, -2, 0, -10
13,-8:-4, 2, 6, -14, -22, -12, -8, 6, 2, -18
13,-8:-4, 2, 6, -14, -22, -12, -8, 6, 2, -16
13,-8:-4, 2, 6, -14, -22, -12, -8, 6, 2, -14
0,-1:-4, 2, 6, -14, -22, -6, 0, -2, -6, -20
0,-1:-4, 2, 6, -14, -22, -6, 0, -2, -6, -18
0,-1:-4, 2, 6, -14, -22, -6, 0, -2, -6, -16
-6,9:-4, 2, 6, -14, 6, 10, 10, 6, -6, 14
-6,9:-4, 2, 6, -14, 6, 10, 10, 6, -6, 16
-6,9:-4, 2, 6, -14, 6, 10, 10, 6, -6, 18
-6,9:-4, 2, 6, -14, 6, 10, 10, 6, 14, -6
-6,9:-4, 2, 6, -14, 6, 10, 10, 6, 14, 0
-6,9:-4, 2, 6, -14, 6, 10, 10, 6, 14, 4
12,-2:-4, 2, 6, -8, -16, -16, 6, -2, -6, -20
0,-1:-4, 2, 6, -8, -14, 4, -8, 0, -2, -8
-8,-2:-4, 2, 6, -8, 2, -6, -2, 12, -8, -6
-8,-2:-4, 2, 6, -8, 2, -6, -2, 12, -8, -4
-8,-2:-4, 2, 6, -8, 2, -6, -2, 12, -8, -2
-5,6:-4, 2, 6, 0, 8, -2, -10, 4, 14, 6
-5,6:-4, 2, 6, 0, 8, -2, -10, 4, 14, 8
-5,6:-4, 2, 6, 0, 8, -2, -10, 4, 14, 10
0,11:-4, 2, 6, 0, 8, 14, -4, 16, 22, 30
0,11:-4, 2, 6, 0, 8, 14, -4, 16, 22, 32
0,11:-4, 2, 6, 0, 8, 14, -4, 16, 22, 34
21,0:-4, 2, 6, 0, 14, -12, -18, -16, -10, -2
21,0:-4, 2, 6, 0, 14, -12, -18, -16, -10, 0
21,0:-4, 2, 6, 0, 14, -12, -18, -16, -10, 2
0,9:-4, 2, 6, 6, 2, -4, -4, 0, -4, 10
0,9:-4, 2, 6, 6, 2, -4, -4, 0, -4, 12
0,9:-4, 2, 6, 6, 2, -4, -4, 0, -4, 14
0,9:-4, 2, 6, 6, 2, -4, -4, 0, 10, -4
0,9:-4, 2, 6, 6, 2, -4, -4, 0, 10, -2
0,9:-4, 2, 6, 6, 2, -4, -4, 0, 10, 0
17,6:-4, 2, 6, 6, 12, -8, -6, 2, 0, 8
17,6:-4, 2, 6, 6, 12, -8, -6, 2, 0, 10
17,6:-4, 2, 6, 6, 12, -8, -6, 2, 0, 12
-14,2:-4, 4, -10, -12, -14, 4, 8, 10, 4, 22
4,0:-4, 4, -10, -12, -12, -14, -12, -22, -16, -4
4,0:-4, 4, -10, -12, -12, -14, -12, -22, -4, -16
4,0:-4, 4, -10, -12, -12, -14, -12, -22, -4, -14
4,0:-4, 4, -10, -12, -12, -14, -12, -22, -4, -12
3,9:-4, 4, -10, -12, 6, -4, -14, 2, -4, -16
3,9:-4, 4, -10, -12, 6, -4, -14, 2, -4, -14
3,9:-4, 4, -10, -12, 6, -4, -14, 2, -4, -12
-4,3:-4, 4, -10, -12, 6, -4, -14, 2, 2, -2
-3,-3:-4, 4, -10, -8, -16, -18, 0, -22, -10, -2
16,2:-4, 4, -10, -8, -16, -18, 2, -4, -24, -36
16,2:-4, 4, -10, -8, -16, -18, 2, -4, -24, -34
16,2:-4, 4, -10, -8, -16, -18, 2, -4, -24, -32
8,-2:-4, 4, -10, -8, -6, -18, 6, 0, 0, 6
11,-3:-4, 4, -10, -8, 0, -4, -18, -4, -2, -4
11,-3:-4, 4, -10, -8, 0, -4, -18, -4, -2, 0
11,-3:-4, 4, -10, -8, 0, -4, -4, -2, -4, -18
11,-3:-4, 4, -10, -8, 0, -4, -4, -2, -4, -16
11,-3:-4, 4, -10, -8, 0, -4, -4, -2, -4, -14
11,-3:-4, 4, -10, -8, 0, -4, 2, -6, 2, 4
11,-3:-4, 4, -10, -8, 0, -4, 2, -6, 2, 6
11,-3:-4, 4, -10, -8, 0, -4, 2, -6, 2, 8
11,-3:-4, 4, -10, -8, 0, 6, 4, -4, -18, -4
11,-3:-4, 4, -10, -8, 0, 6, 4, -4, -18, 6
3,4:-4, 4, -10, -8, 2, -30, 6, 12, 20, -8
3,4:-4, 4, -10, -8, 2, -30, 6, 12, 20, -6
3,4:-4, 4, -10, -8, 2, -30, 6, 12, 20, -4
11,-3:-4, 4, -10, 0, -8, 0, -4, -18, -4, -2
11,-3:-4, 4, -10, 0, -8, 0, -4, -18, -4, 8
14,-13:-4, 4, -10, 2, -16, -18, -20, -14, -32, -14
14,-13:-4, 4, -10, 2, -16, -18, -20, -14, -32, -4
14,-13:-4, 4, -10, 2, -16, -18, -20, -14, -4, -32
7,0:-4, 4, -10, 6, 0, -6, -16, -4, 14, 4
7,0:-4, 4, -10, 6, 0, -6, -16, -4, 14, 6
7,0:-4, 4, -10, 6, 0, -6, -16, -4, 14, 8
7,0:-4, 4, -10, 6, 0, -6, -16, 14, 4, -14
2,-3:-4, 4, -10, 6, 0, -6, -6, -16, -12, 6
5,16:-4, 4, -10, 6, 4, 0, 16, 22, 38, 32
5,16:-4, 4, -10, 6, 4, 0, 16, 22, 38, 34
5,16:-4, 4, -10, 6, 4, 0, 16, 22, 38, 36
8,-4:-4, 4, -2, -14, 6, 4, 10, -2, -2, -14
8,-4:-4, 4, -2, -14, 6, 4, 10, -2, -2, -12
8,-4:-4, 4, -2, -14, 6, 4, 10, -2, -2, -10
8,-3:-4, 4, -2, -12, -6, 2, -2, -4, 2, -16
-4,7:-4, 4, -2, -12, -2, -10, -18, -18, -4, -10
11,5:-4, 4, -2, -12, -2, -10, 0, -8, -6, -12
-4,-2:-4, 4, -2, -12, 0, -10, -6, -4, -10, 8
-6,4:-4, 4, -2, -12, 6, -12, 6, 0, -16, -14
-6,4:-4, 4, -2, -12, 6, -12, 6, 0, -16, -12
-6,4:-4, 4, -2, -12, 6, -12, 6, 0, -16, -10
-3,-3:-4, 4, -2, -8, -10, -12, 0, -8, -24, -8
-3,-3:-4, 4, -2, -8, -10, -12, 0, -8, -24, -6
-3,-3:-4, 4, -2, -8, -10, -12, 0, -8, -8, -24
-3,-3:-4, 4, -2, -8, -10, -12, 0, -8, -8, -20
18,-6:-4, 4, -2, -8, -10, -12, 0, -8, -8, 0
18,-6:-4, 4, -2, -8, -10, -12, 0, -8, -8, 4
18,-6:-4, 4, -2, -8, -10, -12, 0, -8, 0, -8
18,-6:-4, 4, -2, -8, -10, -12, 0, -8, 0, -6
19,-3:-4, 4, -2, -8, -10, -2, -8, -18, 2, -10
24,3:-4, 4, -2, -8, -10, 2, -22, -16, -10, -2
24,3:-4, 4, -2, -8, -10, 2, -22, -16, -10, 0
24,3:-4, 4, -2, -8, -10, 2, -22, -16, -10, 2
6,6:-4, 4, -2, -8, 0, 0, -10, -6, -6, 6
2,3:-4, 4, -2, 6, 0, -24, -2, 6, 12, 20
2,3:-4, 4, -2, 6, 0, -24, -2, 6, 12, 22
2,3:-4, 4, -2, 6, 0, -24, -2, 6, 12, 24
21,-5:-4, 4, -2, 6, 4, 0, -30, -36, -48, -40
21,-5:-4, 4, -2, 6, 4, 0, -30, -36, -44, -44
15,-1:-4, 4, -2, 6, 6, 12, -16, 10, 10, 18
15,-1:-4, 4, -2, 6, 6, 12, -16, 10, 12, 10
15,-1:-4, 4, -2, 6, 6, 12, -16, 10, 12, 12
15,-1:-4, 4, -2, 6, 6, 12, -16, 10, 12, 14
15,-1:-4, 4, -2, 6, 6, 12, -16, 10, 16, 4
15,-1:-4, 4, -2, 6, 6, 12, -16, 10, 16, 14
15,-1:-4, 4, -2, 6, 6, 12, -16, 18, 18, 12
15,-1:-4, 4, -2, 6, 6, 12, -16, 18, 18, 14
15,-1:-4, 4, -2, 6, 6, 12, -16, 18, 18, 16
-1,2:-4, 4, -2, 6, 6, 12, 2, -16, -4, 16
-1,2:-4, 4, -2, 6, 6, 12, 2, -16, -4, 20
-1,2:-4, 4, -2, 6, 6, 12, 2, -16, 16, -4
0,8:-4, 4, 4, 4, 6, -8, -10, -20, -14, 0
0,8:-4, 4, 4, 4, 6, -8, -10, -14, 0, -20
0,8:-4, 4, 4, 4, 6, -8, -10, -14, 0, -10
8,3:-4, 4, 4, 6, 6, 4, 10, 10, -6, -8
20,-4:-4, 4, 6, 4, -8, 6, -8, -28, -34, -46
-1,-20:-4, 4, 6, 6, -4, -14, -10, -12, -6, -24
3,-4:-4, 4, 6, 6, -4, -12, -16, 0, -16, -26
3,-4:-4, 4, 6, 6, -4, -12, -16, 0, -16, -22
-13,3:-4, 4, 6, 6, 12, 10, 10, 6, 6, -6
1,2:6, -4, -4, -12, -8, -18, -20, -2, 8, 2
1,2:6, -4, -4, -12, -8, -18, -20, -2, 8, 4
1,2:6, -4, -4, -12, -8, -18, -20, -2, 8, 6
1,2:6, -4, -4, -12, -8, -18, -20, 8, 10, 2
1,2:6, -4, -4, -12, -8, -18, -14, -18, 2, -10
1,2:6, -4, -4, -12, -8, -14, -22, -16, -20, 0
1,2:6, -4, -4, -12, -8, -14, 2, -2, -34, -30
7,-3:6, -4, -4, -12, -4, -4, -10, -18, -2, -4
7,-3:6, -4, -4, -12, -4, -4, -10, -2, -4, -18
7,-3:6, -4, -4, -12, -4, -4, -10, -2, -4, -14
7,8:6, -4, -4, -12, 4, 4, -8, -10, -20, -20
7,8:6, -4, -4, -12, 4, 4, -8, -10, -20, -10
7,8:6, -4, -4, -12, 4, 4, -8, -10, -10, -20
7,8:6, -4, -4, -12, 4, 4, -8, -10, -10, -16
19,-1:6, -4, -4, -12, 4, 4, -8, -10, -10, -2
19,-1:6, -4, -4, -12, 4, 4, -8, -10, -10, 2
19,-1:6, -4, -4, -12, 4, 4, -8, -10, -2, -10
6,7:6, -4, -4, -6, -14, 6, 12, 28, 18, 20
6,7:6, -4, -4, -6, -14, 6, 12, 28, 18, 22
6,7:6, -4, -4, -6, -14, 6, 12, 28, 18, 24
14,8:6, -4, -4, -6, -8, -18, -20, -10, -16, -28
14,8:6, -4, -4, -6, -8, -18, -20, -10, -16, -26
14,8:6, -4, -4, -6, -8, -18, -20, -10, -16, -24
9,-12:6, -4, -4, -6, 0, -8, -12, -14, -8, -26
-2,9:6, -4, -4, -6, 6, 0, 8, 4, 0, 4
2,3:6, -4, -4, -6, 6, 10, -6, -8, 6, -16
2,3:6, -4, -4, -6, 6, 10, -6, -8, 6, -14
2,3:6, -4, -4, -6, 6, 10, -6, -8, 6, -12
2,3:6, -4, -4, -6, 6, 10, 2, -6, -10, 4
2,3:6, -4, -4, -6, 6, 10, 2, -6, -10, 6
2,3:6, -4, -4, -6, 6, 10, 2, -6, -10, 8
2,10:6, -4, -4, -6, 6, 10, 12, 14, 4, 16
1,5:6, -4, -4, 2, 2, -8, -4, -2, -8, 10
-2,9:6, -4, -4, 2, 6, 0, 8, 4, -10, 4
18,2:6, -4, -4, 4, -2, 6, 6, 12, -16, 16
18,2:6, -4, -4, 4, -2, 6, 6, 12, -16, 20
18,2:6, -4, -4, 4, -2, 6, 6, 12, 16, -16
4,5:6, -4, 6, -4, -4, -12, -8, -18, -20, 2
4,5:6, -4, 6, -4, -4, -12, -8, -18, -20, 4
4,5:6, -4, 6, -4, -4, -12, -8, -18, -20, 6
4,5:6, -4, 6, -4, -4, -12, -8, -18, 2, -20
4,5:6, -4, 6, -4, -4, -12, -8, -18, 2, -10
-4,12:6, -4, 6, -4, 6, 6, 8, 10, 4, 22
8,8:6, -4, 6, 6, -2, -4, 16, -10, -26, -24
8,8:6, -4, 6, 6, -2, -4, 16, -10, -26, -22
8,8:6, -4, 6, 6, -2, -4, 16, -10, -26, -20
4,4:6, -4, 6, 6, 8, -4, -8, -8, 8, 8
4,4:6, -4, 6, 6, 8, -4, -8, -8, 8, 12
4,4:6, -4, 6, 6, 8, -4, -8, 8, 8, -8
4,4:6, -4, 6, 6, 8, -4, -8, 8, 8, -6
4,4:6, -4, 6, 6, 8, -4, -8, 8, 8, -4
3,3:6, -4, 6, 6, 14, 10, 4, 10, 12, -2
3,3:6, -4, 6, 6, 14, 10, 4, 10, 12, 0
3,3:6, -4, 6, 6, 14, 10, 4, 10, 12, 2
7,-3:6, 6, -4, -4, 2, -6, -2, 12, 6, 12
7,-3:6, 6, -4, -4, 2, -6, 4, 12, -2, -14
7,-3:6, 6, -4, -4, 2, -6, 4, 12, -2, -10
9,3:6, 6, -4, -4, 10, 0, 8, 4, 4, 6
9,3:6, 6, -4, -4, 10, 0, 8, 4, 4, 16
9,3:6, 6, -4, -4, 10, 0, 8, 4, 16, 4
-3,10:6, 6, -4, 0, 10, 0, 4, -6, -8, 14
-3,10:6, 6, -4, 0, 10, 0, 4, -6, -8, 16
-3,10:6, 6, -4, 0, 10, 0, 4, -6, -8, 18
-3,10:6, 6, -4, 0, 10, 0, 4, -6, 14, -8
-3,10:6, 6, -4, 0, 10, 0, 4, -6, 14, 2
2,15:6, 6, -4, 0, 10, 6, -2, 18, 24, 32
2,15:6, 6, -4, 0, 10, 6, -2, 18, 24, 34
2,15:6, 6, -4, 0, 10, 6, -2, 18, 24, 36
0,17:6, 6, -2, -4, -4, -10, -16, 4, 18, -12
0,17:6, 6, -2, -4, -4, -10, -16, 4, 18, -10
0,17:6, 6, -2, -4, -4, -10, -16, 4, 18, -8
5,6:6, 6, -2, -4, -4, 4, 0, 10, -2, 16
5,6:6, 6, -2, -4, -4, 4, 0, 10, 16, -2
-4,23:6, 6, -2, -4, 4, -2, 2, 32, 38, 46
-4,23:6, 6, -2, -4, 4, -2, 2, 32, 38, 48
-4,23:6, 6, -2, -4, 4, -2, 2, 32, 38, 50
5,-4:6, 6, -2, -4, 4, 8, 14, -4, 2, 10
5,-4:6, 6, -2, -4, 4, 8, 14, -4, 2, 12
5,-4:6, 6, -2, -4, 4, 8, 14, -4, 2, 14
17,7:6, 6, -2, -4, 12, -2, 2, -14, -20, -32
17,7:6, 6, -2, -4, 12, -2, 2, -14, -20, -30
17,7:6, 6, -2, -4, 12, -2, 2, -14, -20, -28
-10,6:6, 6, -2, -2, -2, -4, 10, 4, 22, -12
-10,6:6, 6, -2, -2, -2, -4, 10, 4, 22, -2
-10,6:6, 6, -2, -2, 8, -2, 10, 4, 22, -18
-10,6:6, 6, -2, -2, 8, -2, 10, 4, 22, -8
-5,5:6, 6, -2, -2, 14, -2, -8, -6, -8, 2
-5,5:6, 6, -2, -2, 14, -2, -8, -6, -8, 4
-5,5:6, 6, -2, -2, 14, -2, -8, -6, -8, 6
-5,5:6, 6, -2, -2, 14, -2, -8, -6, 2, -8
-5,5:6, 6, -2, -2, 14, -2, -8, -6, 2, -4
6,-2:6, 6, -2, -2, 14, -2, -8, -6, 2, 10
6,-2:6, 6, -2, -2, 14, -2, -8, -6, 2, 14
6,-2:6, 6, -2, -2, 14, -2, -8, -6, 10, 2
6,-2:6, 6, -2, -2, 14, -2, -8, -6, 10, 4
6,-2:6, 6, -2, -2, 14, -2, -8, -6, 10, 6
-5,5:6, 6, -2, -2, 14, -2, -8, -4, 2, -6
6,-2:6, 6, -2, -2, 14, -2, -8, 2, 10, -6
0,0:6, 6, -2, -2, 14, -2, -4, 10, 12, -12
0,0:6, 6, -2, -2, 14, -2, -4, 10, 12, -2
-3,18:6, 6, -2, -2, 14, 10, 12, 6, 12, -2
-3,18:6, 6, -2, -2, 14, 10, 12, 6, 12, 0
-3,18:6, 6, -2, -2, 14, 10, 12, 6, 12, 2
6,6:6, 6, -2, -2, 14, 10, 12, 12, 16, 20
6,6:6, 6, -2, -2, 14, 10, 12, 12, 16, 22
6,6:6, 6, -2, -2, 14, 10, 12, 12, 16, 24
4,3:6, 6, -2, 12, 2, 10, 8, 6, 12, -6
-2,13:6, 6, -2, 12, 10, 2, 6, 0, 8, -8
-2,13:6, 6, -2, 12, 10, 2, 6, 0, 8, -6
-2,13:6, 6, -2, 12, 10, 2, 6, 0, 8, -4
-2,-1:6, 6, -2, 14, 16, 8, 10, 6, 6, 20
6,-11:6, 6, -2, 16, 4, -6, -8, -10, -4, -22
-1,0:6, 6, 8, -4, -8, -10, -4, 8, 0, 8
-1,0:6, 6, 8, -4, -8, -10, -4, 8, 0, 12
-1,0:6, 6, 8, -4, -8, -10, -4, 8, 8, 0
-1,6:6, 6, 8, -4, -8, -10, -4, 16, -20, -20
1,1:6, 6, 8, -4, -8, -8, 8, 10, 10, 12
1,1:6, 6, 8, -4, -8, -8, 8, 10, 10, 14
1,1:6, 6, 8, -4, -8, -8, 8, 10, 10, 16
1,1:6, 6, 8, -4, -8, -8, 8, 18, 12, 14
1,1:6, 6, 8, -4, -8, -8, 8, 18, 12, 24
1,1:6, 6, 8, -4, -8, -8, 8, 18, 16, 14
1,1:6, 6, 8, -4, -8, -8, 8, 18, 16, 16
1,1:6, 6, 8, -4, -8, -8, 8, 18, 16, 18
1,1:6, 6, 8, -4, -8, -8, 8, 18, 18, 10
3,7:6, 6, 8, -4, -8, 0, -10, 8, 2, 12
1,1:6, 6, 8, -4, -8, 0, -10, 8, 8, -8
1,1:6, 6, 8, -4, -8, 0, -10, 8, 8, -6
1,1:6, 6, 8, -4, -8, 0, -10, 8, 8, -4
3,7:6, 6, 8, -4, -8, 0, -10, 8, 8, 2
3,16:6, 6, 8, -4, -8, 8, 0, 18, 24, 32
3,16:6, 6, 8, -4, -8, 8, 0, 18, 24, 34
3,16:6, 6, 8, -4, -8, 8, 0, 18, 24, 36
-2,5:6, 6, 8, -4, -8, 16, 6, 4, -2, -8
-2,5:6, 6, 8, -4, -8, 16, 6, 4, -2, -4
7,-3:6, 6, 8, -4, 2, -6, -2, 2, 0, 6
7,-3:6, 6, 8, -4, 2, -6, -2, 2, 0, 8
7,-3:6, 6, 8, -4, 2, -6, -2, 2, 0, 10
7,-3:6, 6, 8, -4, 2, -6, -2, 2, 2, 2
7,-3:6, 6, 8, -4, 2, -6, -2, 2, 2, 4
7,-3:6, 6, 8, -4, 2, -6, -2, 2, 2, 6
7,-3:6, 6, 8, -4, 2, -6, -2, 2, 6, -2
7,-3:6, 6, 8, -4, 2, -6, -2, 2, 6, 0
7,-3:6, 6, 8, -4, 2, -6, -2, 2, 6, 2
12,10:6, 6, 8, -4, 2, -6, 4, -4, -2, -8
-7,12:6, 6, 8, -4, 2, 10, -8, 16, 12, 8
2,12:6, 6, 8, -4, 4, -16, 12, 6, 0, -12
2,12:6, 6, 8, -4, 4, -16, 12, 6, 0, -10
2,12:6, 6, 8, -4, 4, -16, 12, 6, 0, -8
1,19:6, 6, 8, -4, 4, -16, 14, 14, 8, -4
1,19:6, 6, 8, -4, 4, -16, 14, 14, 8, -2
1,19:6, 6, 8, -4, 4, -16, 14, 14, 8, 0
11,1:6, 6, 8, -4, 10, 12, 16, 0, 24, 18
1,7:6, 6, 8, 2, 10, 4, 2, 22, -4, -16
1,7:6, 6, 8, 2, 10, 4, 2, 22, -4, -14
1,7:6, 6, 8, 2, 10, 4, 2, 22, -4, -12
-4,2:6, 6, 8, 2, 10, 20, 16, 2, 16, 18
-4,2:6, 6, 8, 2, 10, 20, 16, 2, 16, 28
-4,2:6, 6, 8, 2, 10, 20, 16, 16, 18, 2
-4,2:6, 6, 8, 2, 10, 20, 16, 16, 18, 4
-4,2:6, 6, 8, 2, 10, 20, 16, 16, 18, 6
1,2:6, 6, 8, 10, 4, 20, 16, 20, 22, 14
-12,-3:6, 6, 8, 10, 18, -2, 18, 16, 22, 4
-10,19:6, 6, 8, 10, 18, 18, 16, -4, 10, 10
6,13:6, 6, 8, 10, 20, 12, 22, 18, 34, 28
6,13:6, 6, 8, 10, 20, 12, 22, 18, 34, 30
6,13:6, 6, 8, 10, 20, 12, 22, 18, 34, 32
1,12:6, 6, 14, 6, 0, -4, -4, 8, -8, 4
1,12:6, 6, 14, 6, 0, -4, -4, 8, 4, -8
-5,6:6, 6, 14, 6, 6, 12, 4, 6, 18, 10
-5,6:6, 6, 14, 6, 6, 12, 4, 6, 18, 12
-5,6:6, 6, 14, 6, 6, 12, 4, 6, 18, 14
-1,-4:6, 6, 14, 6, 10, 8, 6, 4, 10, -8
0,0:6, 6, 14, 10, -4, 10, 16, 8, 12, 16
0,0:6, 6, 14, 10, -4, 10, 16, 8, 12, 26
0,0:6, 6, 14, 10, -4, 10, 16, 10, 28, 14
0,0:6, 6, 14, 10, -4, 10, 16, 10, 28, 18
0,0:6, 6, 14, 10, -4, 10, 16, 20, 14, 18
0,0:6, 6, 14, 10, -4, 10, 16, 20, 14, 28
0,0:6, 6, 14, 10, -4, 16, 4, 20, 28, 42
0,0:6, 6, 14, 10, -4, 16, 4, 20, 28, 44
0,0:6, 6, 14, 10, -4, 16, 4, 20, 36, 42
0,0:6, 6, 14, 10, -4, 16, 4, 20, 42, 28
0,0:6, 6, 14, 10, -4, 16, 4, 20, 42, 30
0,0:6, 6, 14, 10, -4, 16, 4, 20, 42, 32
0,0:6, 6, 14, 10, -4, 16, 4, 26, 20, 34
0,0:6, 6, 14, 10, -4, 16, 4, 26, 20, 36
0,0:6, 6, 14, 10, -4, 16, 4, 26, 30, 14
0,0:6, 6, 14, 10, -4, 16, 12, 4, 12, 14
0,0:6, 6, 14, 10, -4, 16, 12, 4, 12, 18
0,0:6, 6, 14, 10, -4, 16, 12, 18, 22, 4
0,0:6, 6, 14, 10, -4, 16, 12, 18, 22, 14
0,0:6, 6, 14, 10, -4, 16, 20, 20, 22, 6
0,0:6, 6, 14, 10, -4, 16, 20, 20, 22, 16
0,0:6, 6, 14, 10, 4, -6, 4, 10, 12, -2
0,0:6, 6, 14, 10, 4, -6, 4, 10, 12, 0
0,0:6, 6, 14, 10, 4, -6, 4, 10, 12, 2
4,16:6, 6, 14, 10, 4, -6, 6, 12, 0, 2
4,16:6, 6, 14, 10, 4, -6, 6, 12, 0, 4
4,16:6, 6, 14, 10, 4, -6, 6, 12, 0, 6
0,0:6, 6, 14, 10, 4, 4, -6, 16, 12, 0
0,0:6, 6, 14, 10, 4, 4, -6, 16, 12, 4
0,0:6, 6, 14, 10, 4, 4, 6, 20, 22, -2
0,0:6, 6, 14, 10, 4, 16, 12, 18, 22, 8
0,0:6, 6, 14, 10, 10, 12, -6, -8, -16, -6
0,0:6, 6, 14, 10, 10, 12, -6, -8, -16, -2
0,0:6, 6, 14, 10, 10, 12, -6, -8, -2, -16
0,0:6, 6, 14, 10, 10, 12, -6, -8, -2, -6
0,0:6, 6, 14, 10, 10, 12, -6, 0, 0, -14
0,0:6, 6, 14, 10, 10, 12, -6, 0, 0, -4
0,0:6, 6, 14, 10, 16, 2, 2, 12, 14, 18
0,0:6, 6, 14, 10, 16, 2, 2, 12, 14, 20
0,0:6, 6, 14, 10, 16, 2, 2, 12, 14, 22
0,0:6, 6, 14, 10, 16, 2, 18, 18, 22, 2
0,0:6, 6, 14, 10, 16, 2, 18, 18, 22, 10
0,0:6, 6, 14, 10, 16, 12, 18, 16, 4, 12
0,0:6, 6, 14, 10, 16, 12, 18, 16, 4, 18
4,13:6, 6, 16, -16, 4, -4, 0, -10, -12, 10
4,13:6, 6, 16, -16, 4, -4, 0, -10, -12, 12
4,13:6, 6, 16, -16, 4, -4, 0, -10, -12, 14
4,13:6, 6, 16, -16, 4, -4, 0, -10, 10, -12
4,13:6, 6, 16, -16, 4, -4, 0, -10, 10, -2
9,18:6, 6, 16, -16, 4, 2, -6, 14, 20, 28
9,18:6, 6, 16, -16, 4, 2, -6, 14, 20, 30
9,18:6, 6, 16, -16, 4, 2, -6, 14, 20, 32
-4,20:6, 6, 16, -16, 14, 14, 16, 18, 12, 30
13,-14:6, 6, 16, -8, -8, -16, 0, 0, -4, 12
13,-14:6, 6, 16, -8, -8, -16, 0, 0, 12, -4
13,-14:6, 6, 16, -8, -8, -16, 0, 0, 12, -2
13,-14:6, 6, 16, -8, -8, -16, 0, 0, 12, 0
-2,0:6, 6, 16, -8, -8, -6, -4, -10, 6, 8
8,-6:6, 6, 16, -8, -8, 0, -4, -18, 2, 4
8,-6:6, 6, 16, -8, -8, 0, -4, 2, 4, -18
8,-6:6, 6, 16, -8, -8, 0, -4, 2, 4, -16
8,-6:6, 6, 16, -8, -8, 0, -4, 2, 4, -14
10,3:6, 6, 16, -8, 4, 2, 0, 6, -12, -14
