-2,3:-4, -6, 6, -8, -12, -14
-2,3:-4, -6, 6, -8, -8, -18
-2,3:-4, -6, 6, -8, -8, -12
10,-4:-4, 2, 6, 0, 14, -4
-2,3:-4, -12, 4, 6, -8, -18, -20
-2,3:-4, -12, 4, 6, -8, -18, -10
-2,3:-4, -6, 6, -8, -18, -20, -8
-2,3:-4, -6, 6, -8, -18, -20, -6
-2,3:-4, -6, 6, -8, -18, -20, -4
-2,3:-4, -6, 6, -8, -10, -20, -12
-2,3:-4, -6, 6, -8, -10, -20, -10
-2,3:-4, -6, 6, -8, -10, -20, -8
-2,3:-4, -6, 6, -8, -8, -16, -20
-2,3:-4, -6, 6, -8, -8, -16, -18
-2,3:-4, -6, 6, -8, -8, -16, -16
-2,3:-4, 2, 6, -14, -18, -18, 2
-2,3:-4, 2, 6, -14, -18, -6, -18
-2,3:-4, 2, 6, -14, -18, -6, -8
-2,3:-4, 2, 6, -14, -18, 2, -18
-2,3:-4, 2, 6, -14, -18, 2, -16
-2,3:-4, 2, 6, -14, -18, 2, -14
-2,3:-4, 4, -10, -12, 6, -14, -6
-2,3:-4, 4, -10, -12, 6, -14, -4
-2,11:6, 6, -4, -4, 2, -12, 6
5,-1:6, 6, 8, -4, 10, 10, 14
5,-1:6, 6, 8, -4, 10, 10, 20
5,-1:6, 6, 8, -4, 10, 14, 16
-8,11:-4, -14, 10, 10, 16, 20, 0, 4
-8,11:-4, -14, 10, 10, 16, 20, 0, 6
13,0:-4, -12, -8, -14, 0, -14, -24, -8
-2,3:-4, -12, 4, 6, -8, -14, -10, -14
10,-20:-4, -6, -8, -16, -28, -28, -8, -24
-2,3:-4, -6, 6, -8, -18, -20, 0, -6
-2,3:-4, -6, 6, -8, -18, -20, 0, -4
-2,3:-4, -6, 6, -8, -18, -20, 0, -2
-2,3:-4, -6, 6, -8, -18, -14, -24, -10
-2,3:-4, -6, 6, -8, -18, -14, -10, -24
-2,3:-4, -6, 6, -8, -18, -14, -10, -14
-2,3:-4, -6, 6, -8, -12, -24, -20, -8
-2,3:-4, -6, 6, -8, -12, -24, -20, -6
-2,3:-4, -6, 6, -8, -12, -24, -8, -20
-2,3:-4, -6, 6, -8, -12, -24, -8, -14
-2,3:-4, -6, 6, -8, -10, -20, -4, -10
-2,3:-4, -6, 6, -8, -10, -20, -4, -8
-2,3:-4, -6, 6, -8, -10, -20, -4, -6
-2,3:-4, -6, 6, -8, -8, -22, -16, -24
-2,3:-4, -6, 6, -8, -8, -16, -24, -22
-2,3:-4, -6, 6, -8, -8, -16, -24, -20
-2,3:-4, -6, 6, -8, -8, -16, -24, -18
-2,3:-4, -6, 6, -8, 0, -12, -20, -2
7,-6:-4, 2, 0, -8, -14, -8, -4, 2
0,2:-4, 2, 0, -8, -14, 2, -2, -2
0,2:-4, 2, 0, -8, -14, 2, -2, 8
13,-5:-4, 2, 0, -8, -4, -16, -2, 2
-2,3:-4, 2, 6, -14, -22, -6, -8, -20
-2,3:-4, 2, 6, -14, -22, -6, -8, -18
-2,3:-4, 2, 6, -14, -22, -6, -8, -16
-2,3:-4, 2, 6, -14, -18, -22, 2, -20
-2,3:-4, 2, 6, -14, -18, -22, 2, -18
-2,3:-4, 2, 6, -14, -18, -22, 2, -16
-2,3:-4, 2, 6, -14, -18, -18, -8, -12
-2,3:-4, 2, 6, -14, -18, -18, -8, -10
-2,3:-4, 2, 6, -14, -18, -18, -8, -8
-2,3:-4, 2, 6, -14, -8, -12, -18, -10
-2,3:-4, 2, 6, -8, -14, 4, -8, -14
-2,3:-4, 2, 6, -8, -14, 4, -8, -12
-2,3:-4, 2, 6, -8, -14, 4, -8, -10
12,5:-4, 2, 6, -8, 2, -6, 2, -22
12,5:-4, 2, 6, -8, 2, -6, 2, -16
8,-3:-4, 4, -2, -8, -10, -18, -2, 2
29,-1:-4, 4, -2, -8, -10, 2, -28, -16
16,-16:-4, 4, 6, 4, -8, 4, -30, -20
1,6:6, -4, -4, -6, 6, -8, -12, -14
1,6:6, -4, -4, -6, 6, -8, -8, -18
1,6:6, -4, -4, -6, 6, -8, -8, -12
13,-1:6, -4, -4, 2, 6, 0, 14, -4
5,-1:6, 6, -4, -4, 16, 0, 16, 16
5,-1:6, 6, -4, -4, 16, 0, 16, 18
5,-1:6, 6, -4, -4, 16, 0, 16, 20
5,-1:6, 6, -4, -4, 16, 16, 8, 10
5,-1:6, 6, -4, -4, 16, 16, 8, 20
5,-1:6, 6, -4, -4, 16, 16, 16, 0
5,-1:6, 6, -2, -4, 12, 12, 16, 6
5,-1:6, 6, -2, -4, 12, 12, 16, 8
5,-1:6, 6, -2, -4, 14, 10, 10, 12
5,-1:6, 6, -2, -4, 14, 10, 10, 22
5,-1:6, 6, 8, -4, 10, 10, 18, 18
5,-1:6, 6, 8, -4, 10, 10, 18, 20
5,-1:6, 6, 8, -4, 10, 10, 18, 22
5,-1:6, 6, 8, -4, 10, 12, 22, 10
5,-1:6, 6, 8, -4, 10, 12, 22, 12
5,-1:6, 6, 8, -4, 10, 12, 22, 14
5,-1:6, 6, 8, -4, 10, 20, 22, 6
5,-1:6, 6, 8, -4, 10, 20, 22, 8
5,-1:6, 6, 8, -4, 10, 20, 22, 10
-11,16:-4, -14, -8, 20, 10, 10, 16, 2, 20
-4,4:-4, -14, -8, 20, 22, 10, 24, 24, 28
-4,4:-4, -14, -8, 20, 22, 10, 24, 24, 34
-4,4:-4, -14, -8, 20, 22, 10, 24, 28, 30
8,7:-4, -14, 10, -2, -12, 20, 10, 12, 4
-8,11:-4, -14, 10, 10, 16, 20, 0, -2, 10
-8,11:-4, -14, 10, 10, 16, 20, 0, -2, 12
-8,11:-4, -14, 10, 10, 16, 20, 0, -2, 14
-8,11:-4, -14, 10, 10, 16, 20, 0, 8, 0
-8,11:-4, -14, 10, 10, 16, 20, 0, 8, 4
-8,11:-4, -14, 10, 10, 16, 20, 0, 10, -2
-8,11:-4, -14, 10, 10, 16, 20, 0, 10, 8
9,14:-4, -14, 14, -2, -12, -12, -6, -20, -2
16,2:-4, -14, 14, -2, 0, -12, 2, 2, 6
16,2:-4, -14, 14, -2, 0, -12, 2, 2, 12
16,2:-4, -14, 14, -2, 0, -12, 2, 6, 8
15,-9:-4, -12, -8, -14, -22, -22, 2, 4, 4
15,-9:-4, -12, -8, -14, -22, -22, 2, 4, 6
15,-9:-4, -12, -8, -14, -22, -22, 2, 4, 8
15,-9:-4, -12, -8, -14, -20, -22, 0, -10, 0
15,-9:-4, -12, -8, -14, -20, -22, 0, -10, 10
15,-9:-4, -12, -8, -14, -20, -22, 0, 10, -10
5,-13:-4, -12, -8, -14, -10, -16, -14, -14, -2
17,-6:-4, -12, -8, -14, 2, 4, -24, -10, -14
17,-6:-4, -12, -8, -14, 2, 4, -24, -10, -12
17,-6:-4, -12, -8, -14, 2, 4, -24, -8, -10
17,-6:-4, -12, -8, -14, 2, 4, -10, -14, -24
2,9:-4, -12, -8, -2, -2, -4, 8, -10, 0
4,-6:-4, -6, -8, -18, -2, -14, 4, -24, -24
4,-6:-4, -6, -8, -18, -2, -14, 4, -24, -16
10,-20:-4, -6, -8, -16, -28, -28, -8, -14, -14
10,-20:-4, -6, -8, -16, -28, -28, -8, -14, -12
10,-20:-4, -6, -8, -16, -28, -28, -8, -14, -10
10,-20:-4, -6, -8, -16, -16, -28, -14, -14, 2
9,-10:-4, -6, -8, -4, -14, -20, -14, -10, -4
2,-2:-4, -6, -8, -4, -14, -20, -4, -8, -8
2,-2:-4, -6, -8, -4, -14, -20, -4, -8, 2
15,-9:-4, -6, -8, -4, -14, -10, -22, -8, -4
0,-1:-4, -6, 0, -8, -12, 0, -14, -18, -20
0,-1:-4, -6, 0, -8, -12, 0, -14, -14, -24
0,-1:-4, -6, 0, -8, -12, 0, -14, -14, -18
12,-8:-4, -6, 0, -8, -4, 0, -6, 8, -10
-2,3:-4, -6, 6, -8, -18, -20, -10, -12, -4
-2,3:-4, -6, 6, -8, -18, -20, 0, -10, -8
-2,3:-4, -6, 6, -8, -18, -20, 0, -10, -6
-2,3:-4, -6, 6, -8, -18, -20, 0, -10, -4
-2,3:-4, -6, 6, -8, -18, -14, -24, -26, -16
-2,3:-4, -6, 6, -8, -18, -14, -24, -26, -12
-2,3:-4, -6, 6, -8, -18, -14, -24, -12, -26
-2,3:-4, -6, 6, -8, -18, -14, -24, -12, -16
-2,3:-4, -6, 6, -8, -12, -28, -8, -14, -18
-2,3:-4, -6, 6, -8, -12, -28, -8, -14, -16
-2,3:-4, -6, 6, -8, -12, -28, -8, -14, -14
12,-10:-4, -6, 6, -8, -12, -28, 6, -4, -20
12,-10:-4, -6, 6, -8, -12, -28, 6, -4, -12
12,-10:-4, -6, 6, -8, -12, -28, 6, -4, -6
-2,3:-4, -6, 6, -8, -12, -24, -20, -12, -10
-2,3:-4, -6, 6, -8, -12, -24, -20, -12, -8
-2,3:-4, -6, 6, -8, -12, -24, -20, -12, -6
-2,3:-4, -6, 6, -8, -12, -24, -16, -8, -16
-2,3:-4, -6, 6, -8, -12, -24, -16, -8, -14
-2,3:-4, -6, 6, -8, -12, -24, -16, -8, -12
-2,3:-4, -6, 6, -8, -12, -16, -14, -8, -24
-2,3:-4, -6, 6, -8, -12, -16, -14, -8, -22
-2,3:-4, -6, 6, -8, -12, -16, -14, -8, -20
-2,3:-4, -6, 6, -8, -12, -16, -8, -16, -24
-2,3:-4, -6, 6, -8, -12, -16, -8, -16, -20
-2,3:-4, -6, 6, -8, -12, -16, -8, -8, -16
-2,3:-4, -6, 6, -8, -12, -8, -12, -16, -24
-2,3:-4, -6, 6, -8, -10, -20, -14, -16, -8
-2,3:-4, -6, 6, -8, -10, -20, -4, -14, -12
-2,3:-4, -6, 6, -8, -10, -20, -4, -14, -10
-2,3:-4, -6, 6, -8, -10, -20, -4, -14, -8
-2,3:-4, -6, 6, -8, -8, -22, -28, -24, -20
-2,3:-4, -6, 6, -8, -8, -22, -28, -24, -10
-2,3:-4, -6, 6, -8, -8, -22, -26, -8, -22
-2,3:-4, -6, 6, -8, -8, -22, -26, -8, -18
-2,3:-4, -6, 6, -8, -8, -22, -16, -22, -18
-2,3:-4, -6, 6, -8, -8, -22, -16, -22, -8
-2,3:-4, -6, 6, -8, -8, -16, -24, -14, -20
-2,3:-4, -6, 6, -8, -8, -16, -24, -14, -18
-2,3:-4, -6, 6, -8, -8, -16, -24, -14, -16
-2,3:-4, -6, 6, -8, -8, -16, -14, -12, -20
-2,3:-4, -6, 6, -8, 0, -12, -20, -12, -16
-2,3:-4, -6, 6, -8, 0, -12, -20, -12, -14
-2,3:-4, -6, 6, -8, 0, -12, -20, -12, -12
10,-2:-4, -6, 6, 0, -8, -18, -20, -10, 6
3,-4:-4, -6, 6, 0, -8, -18, -20, -2, 10
10,-2:-4, -6, 6, 0, -8, -18, -10, 6, -20
3,-4:-4, -6, 6, 0, -8, -18, -2, 10, -20
4,9:-4, -6, 6, 0, -8, 10, 6, -16, -2
-5,10:-4, -6, 6, 0, 8, 4, 16, 0, 4
13,3:-4, -6, 6, 10, -10, -14, -4, -4, 0
4,6:-4, -6, 6, 10, 12, 14, 4, 4, 16
3,-9:-4, 2, 0, -8, -4, -10, -8, -8, 0
3,-9:-4, 2, 0, -8, -4, -10, -8, -8, 2
3,-9:-4, 2, 0, -8, -4, -10, -8, -8, 4
0,2:-4, 2, 0, -8, -4, -2, -12, -8, 4
0,2:-4, 2, 0, -8, -4, -2, -12, 8, -10
0,2:-4, 2, 0, -8, -4, -2, -12, 8, -6
0,2:-4, 2, 0, -8, -4, -2, -10, -2, -12
7,-16:-4, 2, 0, -8, 4, -30, -18, -14, -24
6,7:-4, 2, 2, -8, -16, -16, -10, -24, -6
13,-5:-4, 2, 2, -8, -4, -16, -2, -2, 2
13,-5:-4, 2, 2, -8, -4, -16, -2, -2, 8
13,-5:-4, 2, 2, -8, -4, -16, -2, 2, 4
-2,3:-4, 2, 6, -14, -22, -14, -18, -8, 0
-2,3:-4, 2, 6, -14, -22, -12, -6, -8, -18
-2,3:-4, 2, 6, -14, -22, -12, -6, -8, -16
-2,3:-4, 2, 6, -14, -22, -12, -6, -8, -14
-2,3:-4, 2, 6, -14, -22, -8, -12, -22, -14
-2,3:-4, 2, 6, -14, -22, -8, -12, -18, -12
-2,3:-4, 2, 6, -14, -22, -8, -12, -18, -4
-2,3:-4, 2, 6, -14, -22, -8, -12, -14, -16
13,-2:-4, 2, 6, -14, -22, -8, -12, -14, 4
-2,3:-4, 2, 6, -14, -22, -8, -12, -2, -14
13,-2:-4, 2, 6, -14, -22, -8, -12, 4, -14
-2,3:-4, 2, 6, -14, -18, -22, -12, 2, -18
-2,3:-4, 2, 6, -14, -18, -22, -12, 2, -16
-2,3:-4, 2, 6, -14, -18, -22, -12, 2, -14
-2,3:-4, 2, 6, -14, -18, -18, -8, -4, -10
-2,3:-4, 2, 6, -14, -18, -18, -8, -4, -8
-2,3:-4, 2, 6, -14, -18, -18, -8, -4, -6
-2,3:-4, 2, 6, -14, -18, -6, -12, -16, -8
-2,3:-4, 2, 6, -14, -18, 2, -12, -10, -18
-2,3:-4, 2, 6, -14, -8, -12, -22, -12, -16
-2,3:-4, 2, 6, -14, -8, -12, -22, -12, -14
-2,3:-4, 2, 6, -14, -8, -12, -22, -12, -12
-2,3:-4, 2, 6, -14, -8, -12, -18, -8, -14
-2,3:-4, 2, 6, -14, -8, -12, -18, -8, -8
-2,3:-4, 2, 6, -14, -8, -12, -12, -16, -22
-2,3:-4, 2, 6, -14, -8, -12, -12, -16, -20
-2,3:-4, 2, 6, -14, -8, -12, -12, -16, -18
-2,3:-4, 2, 6, -14, -8, -12, -8, -10, -14
-2,3:-4, 2, 6, -14, -8, -4, -14, -18, -12
-2,3:-4, 2, 6, -14, -8, -4, -14, -18, -10
-2,3:-4, 2, 6, -14, -8, -4, -14, -18, -8
-2,3:-4, 2, 6, -14, -8, -4, -4, 0, -2
-2,3:-4, 2, 6, -8, -14, 4, -8, -6, -12
-2,3:-4, 2, 6, -8, -14, 4, -8, -6, -10
-2,3:-4, 2, 6, -8, -14, 4, -8, -6, -8
12,5:-4, 2, 6, -8, 2, -6, 2, -18, -18
12,5:-4, 2, 6, -8, 2, -6, 2, -18, -16
12,5:-4, 2, 6, -8, 2, -6, 2, -18, -14
16,-16:-4, 2, 6, -8, 6, 4, -30, -20, 0
16,-16:-4, 2, 6, -8, 6, 4, -30, -20, 6
16,-16:-4, 2, 6, -8, 6, 4, -30, -20, 8
16,-4:-4, 4, -10, -8, -16, -18, 2, -2, 0
-4,0:-4, 4, -10, -8, 0, 6, 6, 10, 10
16,4:-4, 4, -2, -8, -10, -18, -10, 2, -20
4,-2:-4, 4, -2, -8, 0, 0, 10, -14, 0
4,-2:-4, 4, -2, -8, 0, 0, 10, -14, 2
4,-2:-4, 4, -2, -8, 0, 0, 10, -14, 4
4,-2:-4, 4, -2, -8, 0, 0, 10, 0, -14
-5,13:-4, 4, 4, -6, -14, 4, 16, 6, 2
-8,15:-4, 4, 4, -6, 4, 16, 12, 24, 2
6,-1:-4, 4, 4, 6, 6, 12, 10, 12, -14
-2,-4:-4, 4, 6, 4, 6, 6, 8, 0, 14
-2,-4:-4, 4, 6, 4, 6, 6, 8, 0, 16
1,6:6, -4, -4, -12, 4, 6, -8, -18, -20
1,6:6, -4, -4, -12, 4, 6, -8, -18, -10
1,6:6, -4, -4, -6, 6, -8, -18, -20, -8
1,6:6, -4, -4, -6, 6, -8, -18, -20, -6
1,6:6, -4, -4, -6, 6, -8, -18, -20, -4
1,6:6, -4, -4, -6, 6, -8, -10, -20, -12
1,6:6, -4, -4, -6, 6, -8, -10, -20, -10
1,6:6, -4, -4, -6, 6, -8, -10, -20, -8
1,6:6, -4, -4, -6, 6, -8, -8, -16, -20
1,6:6, -4, -4, -6, 6, -8, -8, -16, -18
1,6:6, -4, -4, -6, 6, -8, -8, -16, -16
1,6:6, -4, -4, 2, 6, -14, -18, -18, 2
1,6:6, -4, -4, 2, 6, -14, -18, -6, -18
1,6:6, -4, -4, 2, 6, -14, -18, -6, -8
1,6:6, -4, -4, 2, 6, -14, -18, 2, -18
1,6:6, -4, -4, 2, 6, -14, -18, 2, -16
1,6:6, -4, -4, 2, 6, -14, -18, 2, -14
1,6:6, -4, -4, 4, -10, -12, 6, -14, -6
1,6:6, -4, -4, 4, -10, -12, 6, -14, -4
1,14:6, -4, 6, 6, -4, -4, 2, -12, 6
8,2:6, -4, 6, 6, 8, -4, 10, 10, 14
8,2:6, -4, 6, 6, 8, -4, 10, 10, 20
8,2:6, -4, 6, 6, 8, -4, 10, 14, 16
7,13:6, 6, -4, -4, 10, 0, 8, 0, 18
7,13:6, 6, -4, -4, 10, 0, 8, 0, 24
5,-1:6, 6, -4, -4, 10, 16, -2, 10, 12
5,-1:6, 6, -4, -4, 10, 16, -2, 10, 14
5,-1:6, 6, -4, -4, 10, 16, -2, 10, 16
5,-1:6, 6, -4, -4, 16, 0, 16, 24, 18
5,-1:6, 6, -4, -4, 16, 0, 16, 24, 20
5,-1:6, 6, -4, -4, 16, 0, 16, 24, 22
5,-1:6, 6, -4, -4, 16, 10, 14, 18, 12
5,-1:6, 6, -4, -4, 16, 10, 18, 18, 10
5,-1:6, 6, -4, -4, 16, 10, 18, 18, 12
5,-1:6, 6, -4, -4, 16, 10, 18, 18, 14
5,-1:6, 6, -4, -4, 16, 24, 8, 10, 18
5,-1:6, 6, -4, -4, 16, 24, 8, 10, 20
5,-1:6, 6, -4, -4, 16, 24, 8, 10, 22
4,1:6, 6, -4, 2, 10, 0, 16, 4, -6
4,1:6, 6, -4, 2, 10, 0, 16, 4, 4
-3,14:6, 6, -4, 2, 10, 6, 18, 4, 0
-4,8:6, 6, -4, 2, 10, 16, 10, 0, 0
-14,17:6, 6, -2, -4, -2, 10, -2, 32, 22
5,-1:6, 6, -2, -4, 14, 10, 16, 12, 16
1,30:6, 6, -2, 4, 10, 12, 0, 30, 18
-1,9:6, 6, -2, 4, 10, 12, 4, 20, 0
5,-1:6, 6, 8, -4, 10, 2, 14, 22, 4
5,-1:6, 6, 8, -4, 10, 2, 20, 22, 4
5,-1:6, 6, 8, -4, 10, 2, 20, 22, 6
5,-1:6, 6, 8, -4, 10, 2, 20, 22, 8
5,-1:6, 6, 8, -4, 10, 10, 18, 26, 20
5,-1:6, 6, 8, -4, 10, 10, 18, 26, 22
5,-1:6, 6, 8, -4, 10, 10, 18, 26, 24
5,-1:6, 6, 8, -4, 10, 10, 24, 18, 26
5,-1:6, 6, 8, -4, 10, 12, 6, 22, 8
5,-1:6, 6, 8, -4, 10, 12, 6, 22, 10
5,-1:6, 6, 8, -4, 10, 12, 6, 22, 12
5,-1:6, 6, 8, -4, 10, 14, 8, 24, 16
5,-1:6, 6, 8, -4, 10, 14, 8, 24, 22
5,-1:6, 6, 8, -4, 10, 14, 24, 22, 8
5,-1:6, 6, 8, -4, 10, 14, 24, 22, 10
5,-1:6, 6, 8, -4, 10, 20, 16, 12, 16
5,-1:6, 6, 8, -4, 10, 20, 16, 12, 26
5,-1:6, 6, 8, -4, 10, 20, 16, 16, 12
-18,11:6, 6, 8, 10, 18, 26, 30, 10, 26
2,14:6, 6, 14, 10, 16, 2, 16, 22, 10
13,-7:6, 6, 16, -8, -8, -18, -18, 2, -4
13,-7:6, 6, 16, -8, -8, -18, -18, 2, -2
-8,11:-4, -14, -12, 10, 10, 8, 20, 6, 2, 2
-8,11:-4, -14, -12, 10, 10, 16, 20, 0, 8, 12
-8,11:-4, -14, -12, 10, 10, 16, 20, 0, 8, 16
12,9:-4, -14, -12, 14, -12, -14, -2, -16, -20, -22
12,9:-4, -14, -12, 14, -12, -14, -2, -16, -16, -26
12,9:-4, -14, -12, 14, -12, -14, -2, -16, -16, -20
24,2:-4, -14, -12, 14, -12, -6, -2, -8, 6, -12
-8,11:-4, -14, -8, 10, 10, 8, 20, 6, 2, 0
-8,11:-4, -14, -8, 10, 10, 8, 20, 6, 6, -4
-8,11:-4, -14, -8, 10, 10, 8, 20, 6, 6, 2
4,4:-4, -14, -8, 10, 10, 16, 20, 14, 28, 10
-4,4:-4, -14, -8, 20, 10, 10, 30, 14, 30, 30
-4,4:-4, -14, -8, 20, 10, 10, 30, 14, 30, 32
-4,4:-4, -14, -8, 20, 10, 10, 30, 14, 30, 34
-4,4:-4, -14, -8, 20, 10, 10, 30, 30, 22, 24
-4,4:-4, -14, -8, 20, 10, 10, 30, 30, 22, 34
-4,4:-4, -14, -8, 20, 10, 10, 30, 30, 30, 14
-4,4:-4, -14, -8, 20, 12, 10, 26, 26, 30, 20
-4,4:-4, -14, -8, 20, 12, 10, 26, 26, 30, 22
-4,4:-4, -14, -8, 20, 12, 10, 28, 24, 24, 26
-4,4:-4, -14, -8, 20, 12, 10, 28, 24, 24, 36
-4,4:-4, -14, -8, 20, 22, 10, 24, 24, 32, 32
-4,4:-4, -14, -8, 20, 22, 10, 24, 24, 32, 34
-4,4:-4, -14, -8, 20, 22, 10, 24, 24, 32, 36
-4,4:-4, -14, -8, 20, 22, 10, 24, 26, 36, 24
-4,4:-4, -14, -8, 20, 22, 10, 24, 26, 36, 26
-4,4:-4, -14, -8, 20, 22, 10, 24, 26, 36, 28
-4,4:-4, -14, -8, 20, 22, 10, 24, 34, 36, 20
-4,4:-4, -14, -8, 20, 22, 10, 24, 34, 36, 22
-4,4:-4, -14, -8, 20, 22, 10, 24, 34, 36, 24
16,2:-4, -14, 10, -2, 0, -12, 2, 2, 6, 12
16,2:-4, -14, 10, -2, 0, -12, 2, 2, 6, 14
16,2:-4, -14, 10, -2, 0, -12, 2, 2, 6, 16
-8,11:-4, -14, 10, 10, 2, 18, 20, 6, 0, -2
-8,11:-4, -14, 10, 10, 8, 20, 6, 4, 0, -6
-8,11:-4, -14, 10, 10, 8, 20, 6, 4, 0, 4
-8,11:-4, -14, 10, 10, 8, 20, 6, 6, 2, -8
-8,11:-4, -14, 10, 10, 8, 20, 6, 6, 2, -6
-8,11:-4, -14, 10, 10, 8, 20, 6, 6, 2, -4
-8,11:-4, -14, 10, 10, 16, 20, 0, -2, 6, 8
-8,11:-4, -14, 10, 10, 16, 20, 0, -2, 6, 10
-8,11:-4, -14, 10, 10, 16, 20, 0, -2, 6, 12
-8,11:-4, -14, 10, 10, 16, 20, 0, 8, 2, 6
-8,11:-4, -14, 10, 10, 16, 20, 0, 8, 2, 8
-8,11:-4, -14, 10, 10, 16, 20, 0, 8, 2, 10
4,4:-4, -14, 10, 10, 16, 20, 14, 28, 10, -8
4,4:-4, -14, 10, 10, 16, 20, 14, 28, 10, -6
4,4:-4, -14, 10, 10, 16, 20, 14, 28, 10, -4
-5,14:-4, -14, 10, 20, 10, 10, 16, 20, 0, 16
16,2:-4, -14, 14, -2, -12, -12, 8, -8, 8, 8
16,2:-4, -14, 14, -2, -12, -12, 8, -8, 8, 10
16,2:-4, -14, 14, -2, -12, -12, 8, -8, 8, 12
16,2:-4, -14, 14, -2, -12, -12, 8, 8, 0, 2
16,2:-4, -14, 14, -2, -12, -12, 8, 8, 0, 12
16,2:-4, -14, 14, -2, -12, -12, 8, 8, 8, -8
16,2:-4, -14, 14, -2, -10, -12, 4, 4, 8, -2
16,2:-4, -14, 14, -2, -10, -12, 4, 4, 8, 0
16,2:-4, -14, 14, -2, -10, -12, 6, 2, 2, 4
16,2:-4, -14, 14, -2, -10, -12, 6, 2, 2, 14
16,2:-4, -14, 14, -2, 0, -12, 2, 2, 10, 10
16,2:-4, -14, 14, -2, 0, -12, 2, 2, 10, 12
16,2:-4, -14, 14, -2, 0, -12, 2, 2, 10, 14
16,2:-4, -14, 14, -2, 0, -12, 2, 4, 14, 2
16,2:-4, -14, 14, -2, 0, -12, 2, 4, 14, 4
16,2:-4, -14, 14, -2, 0, -12, 2, 4, 14, 6
16,2:-4, -14, 14, -2, 0, -12, 2, 12, 14, -2
16,2:-4, -14, 14, -2, 0, -12, 2, 12, 14, 0
16,2:-4, -14, 14, -2, 0, -12, 2, 12, 14, 2
14,5:-4, -12, -14, -4, -4, -10, -2, -8, 0, -22
-5,7:-4, -12, -14, -4, 4, 2, 8, 20, 14, 4
11,-1:-4, -12, -14, 4, -6, 0, -2, 6, 4, 0
-5,-2:-4, -12, -14, 4, 6, 6, 12, -6, -12, 16
-5,-2:-4, -12, -14, 4, 6, 6, 12, -6, -12, 20
-5,-2:-4, -12, -14, 4, 6, 6, 12, -6, 16, -12
6,3:-4, -12, -8, -18, -14, -24, -4, -4, -4, -10
6,3:-4, -12, -8, -18, -14, -4, -4, -4, -10, -24
6,3:-4, -12, -8, -18, -14, -4, -4, -4, -10, -14
15,-9:-4, -12, -8, -14, -22, -22, 2, 4, 0, 2
15,-9:-4, -12, -8, -14, -22, -22, 2, 4, 0, 4
15,-9:-4, -12, -8, -14, -22, -22, 2, 4, 0, 6
15,-9:-4, -12, -8, -14, -20, -22, 2, 4, 4, -16
15,-9:-4, -12, -8, -14, -20, -22, 2, 4, 4, -14
15,-9:-4, -12, -8, -14, -20, -22, 2, 4, 4, -12
9,-10:-4, -12, -8, -14, -20, -14, -10, -4, 2, -2
9,-10:-4, -12, -8, -14, -20, -14, -10, -4, 2, 2
5,-13:-4, -12, -8, -14, -10, -16, -14, -14, 2, 6
9,4:-4, -12, -8, -14, -10, -6, 0, 6, -16, 0
11,-1:-4, -12, -8, -14, 0, -20, -16, -4, -10, 4
17,-6:-4, -12, -8, -14, 2, 4, -24, -8, -8, -14
17,-6:-4, -12, -8, -14, 2, 4, -24, -8, -8, -8
15,-9:-4, -12, -8, -4, -4, -14, -10, -22, -4, -10
8,-7:-4, -12, -8, -4, -4, -14, -4, -2, -4, 6
2,9:-4, -12, -8, -2, -2, -4, 8, -10, -12, 0
2,3:-4, -12, -4, -8, -6, -16, -16, -10, -24, -6
9,-9:-4, -12, -4, -8, -6, -4, -16, -2, -2, 2
9,-9:-4, -12, -4, -8, -6, -4, -16, -2, -2, 8
9,-9:-4, -12, -4, -8, -6, -4, -16, -2, 2, 4
1,-6:-4, -12, -4, -4, -10, -18, 6, 8, 12, 4
20,2:-4, -12, -4, -4, -10, -4, 6, 10, -6, 2
3,-6:-4, -12, 4, -6, -14, 2, -8, -10, -10, 0
3,6:-4, -12, 4, -6, -8, -16, 4, -8, -16, -10
3,6:-4, -12, 4, -6, -8, -16, 4, -8, -16, -6
3,6:-4, -12, 4, -6, -8, 4, -10, -20, -10, -10
0,-4:-4, -12, 4, -6, -8, 4, 4, -4, -8, 0
-2,3:-4, -12, 4, -6, 0, -2, -10, 6, -2, -12
-2,3:-4, -12, 4, -6, 0, -2, -10, 6, -2, -10
-2,3:-4, -12, 4, -6, 0, -2, -10, 6, -2, -8
16,-4:-4, -12, 4, -6, 0, -2, -2, -16, -10, -22
15,-1:-4, -12, 4, -6, 0, 4, -2, 12, -6, 2
15,-1:-4, -12, 4, -6, 0, 4, -2, 12, 2, -6
3,6:-4, -12, 4, -6, 2, -4, -14, 4, -18, -14
3,6:-4, -12, 4, -6, 2, -4, -14, 4, -18, -4
4,-8:-4, -12, 4, -6, 2, 2, 2, 6, -10, 2
4,-8:-4, -12, 4, -6, 2, 2, 2, 6, -10, 12
4,-8:-4, -12, 4, -6, 2, 2, 2, 6, 2, -10
4,-8:-4, -12, 4, -6, 2, 2, 2, 6, 2, -4
4,-8:-4, -12, 4, -6, 2, 2, 2, 6, 2, 0
17,-2:-4, -12, 4, -6, 2, 6, 6, 10, -10, 12
2,-2:-4, -12, 4, 4, -8, -14, -20, -4, -2, -8
2,-2:-4, -12, 4, 4, -8, -2, -14, 0, -20, -8
-2,3:-4, -12, 4, 4, -6, 6, -8, -12, -14, -4
-2,3:-4, -12, 4, 4, -6, 6, -8, -12, -14, -2
-2,3:-4, -12, 4, 4, -6, 6, -8, -12, -14, 0
-2,3:-4, -12, 4, 6, -8, -14, -22, -18, -20, -14
-2,3:-4, -12, 4, 6, -8, -14, -22, -18, -20, -4
-2,3:-4, -12, 4, 6, -8, -14, -20, -2, -10, -16
-2,3:-4, -12, 4, 6, -8, -14, -20, -2, -10, -12
-2,3:-4, -12, 4, 6, -8, -14, -10, -16, -20, -12
-2,3:-4, -12, 4, 6, -8, -14, -10, -16, -20, -2
-5,10:-4, -6, -14, -2, 8, -2, -2, 4, -10, 8
2,-2:-4, -6, -14, -2, 8, 10, -2, 12, 12, 16
2,-2:-4, -6, -14, -2, 8, 10, -2, 12, 12, 22
2,-2:-4, -6, -14, -2, 8, 10, -2, 12, 16, 18
6,-3:-4, -6, -8, -20, -20, -20, -8, -22, -26, -28
6,-3:-4, -6, -8, -20, -20, -20, -8, -22, -22, -32
6,-3:-4, -6, -8, -20, -20, -20, -8, -22, -22, -26
18,-10:-4, -6, -8, -20, -20, -12, -8, -14, 0, -18
4,-6:-4, -6, -8, -18, -2, -14, 4, -24, -26, -26
4,-6:-4, -6, -8, -18, -2, -14, 4, -24, -26, -22
4,-6:-4, -6, -8, -18, -2, -14, 4, -24, -26, -16
4,-6:-4, -6, -8, -18, -2, -14, 4, -24, -20, -20
4,-6:-4, -6, -8, -18, -2, -14, 4, -24, -20, -16
4,-6:-4, -6, -8, -18, -2, -14, 4, -24, -18, -12
4,-6:-4, -6, -8, -18, -2, -14, 4, -24, -18, -8
3,-8:-4, -6, -8, -16, -28, -28, -22, -36, -18, -6
3,-8:-4, -6, -8, -16, -28, -28, -22, -36, -18, 4
3,-8:-4, -6, -8, -16, -28, -28, -22, -36, -6, -18
10,-20:-4, -6, -8, -16, -28, -28, -8, -14, -18, -16
10,-20:-4, -6, -8, -16, -28, -28, -8, -14, -18, -14
10,-20:-4, -6, -8, -16, -28, -28, -8, -14, -18, -12
8,-8:-4, -6, -8, -16, -26, -28, -28, -20, -12, -4
5,-5:-4, -6, -8, -16, -26, -12, -24, 6, -8, -20
6,-9:-4, -6, -8, -16, -26, -12, 2, -10, -24, -6
6,-9:-4, -6, -8, -16, -26, -12, 2, -10, -6, -24
9,-12:-4, -6, -8, -16, -26, -10, -16, -12, -10, -10
9,-12:-4, -6, -8, -16, -26, -10, -16, -12, -10, -8
10,-20:-4, -6, -8, -16, -16, -28, -14, -14, -10, -6
10,-20:-4, -6, -8, -16, -16, -28, -14, -14, -10, 4
10,-20:-4, -6, -8, -16, -16, -28, -14, -14, -6, -10
10,-20:-4, -6, -8, -16, -16, -28, -14, -14, -6, -4
10,-20:-4, -6, -8, -16, -16, -28, -14, -8, -10, -12
10,-20:-4, -6, -8, -16, -16, -28, -14, -8, -10, -2
10,-20:-4, -6, -8, -16, -16, -28, -14, -8, -2, -10
10,-20:-4, -6, -8, -16, -16, -28, -14, -8, -2, -8
10,-20:-4, -6, -8, -16, -16, -28, -14, -8, -2, -6
10,-20:-4, -6, -8, -16, -16, -28, -14, -6, -10, -8
21,-3:-4, -6, -8, -10, -20, -10, -10, -6, -26, -16
21,-3:-4, -6, -8, -10, -20, -10, -10, -6, -26, -14
21,-3:-4, -6, -8, -10, -20, -10, -10, -6, -26, -12
21,-3:-4, -6, -8, -10, -20, -10, -10, -6, -16, -26
23,5:-4, -6, -8, -10, -20, -10, -10, -6, -8, -22
21,-3:-4, -6, -8, -10, -10, -10, -6, -26, -16, -10
5,-13:-4, -6, -8, -4, -14, -10, -16, -14, -14, -6
5,-13:-4, -6, -8, -4, -14, -10, -16, -14, -14, -4
5,-13:-4, -6, -8, -4, -14, -10, -16, -14, -14, -2
2,-2:-4, -6, -8, -4, -14, -10, -8, -18, -14, -2
2,-2:-4, -6, -8, -4, -14, -10, -8, -18, 2, -16
2,-2:-4, -6, -8, -4, -14, -10, -8, -18, 2, -12
2,-2:-4, -6, -8, -4, -14, -10, -8, -16, -8, -18
9,-20:-4, -6, -8, -4, -14, -2, -36, -24, -20, -30
0,-1:-4, -6, 0, -8, -18, -2, 0, -14, -24, -26
0,-1:-4, -6, 0, -8, -18, -2, 0, -14, -24, -16
0,-1:-4, -6, 0, -8, -12, 0, -14, -24, -26, -14
0,-1:-4, -6, 0, -8, -12, 0, -14, -24, -26, -12
0,-1:-4, -6, 0, -8, -12, 0, -14, -24, -26, -10
0,-1:-4, -6, 0, -8, -12, 0, -14, -16, -26, -18
0,-1:-4, -6, 0, -8, -12, 0, -14, -16, -26, -16
0,-1:-4, -6, 0, -8, -12, 0, -14, -16, -26, -14
0,-1:-4, -6, 0, -8, -12, 0, -14, -14, -22, -26
0,-1:-4, -6, 0, -8, -12, 0, -14, -14, -22, -24
0,-1:-4, -6, 0, -8, -12, 0, -14, -14, -22, -22
0,-1:-4, -6, 0, -8, -4, 0, -20, -24, -24, -4
0,-1:-4, -6, 0, -8, -4, 0, -20, -24, -12, -24
0,-1:-4, -6, 0, -8, -4, 0, -20, -24, -12, -14
0,-1:-4, -6, 0, -8, -4, 0, -20, -24, -4, -24
0,-1:-4, -6, 0, -8, -4, 0, -20, -24, -4, -22
0,-1:-4, -6, 0, -8, -4, 0, -20, -24, -4, -20
0,-1:-4, -6, 0, -8, -2, -16, -18, 0, -20, -12
0,-1:-4, -6, 0, -8, -2, -16, -18, 0, -20, -10
-2,3:-4, -6, 6, -8, -18, -20, -10, -12, -20, -10
-2,3:-4, -6, 6, -8, -18, -20, -10, -12, -20, -6
1,4:-4, -6, 6, -8, -18, -20, -10, -12, -20, -2
-2,3:-4, -6, 6, -8, -18, -20, -10, -4, -4, -18
-2,3:-4, -6, 6, -8, -18, -20, -10, -4, -4, -8
-2,3:-4, -6, 6, -8, -18, -20, 0, -10, 0, -6
-2,3:-4, -6, 6, -8, -18, -20, 0, -10, 0, -4
-2,3:-4, -6, 6, -8, -18, -20, 0, -10, 0, -2
-2,3:-4, -6, 6, -8, -18, -14, -24, -26, -14, -10
-2,3:-4, -6, 6, -8, -18, -14, -24, -26, -14, -8
-2,3:-4, -6, 6, -8, -18, -14, -24, -26, -14, -6
-2,3:-4, -6, 6, -8, -18, -14, -24, -20, -32, -28
-2,3:-4, -6, 6, -8, -18, -14, -24, -20, -32, -26
-2,3:-4, -6, 6, -8, -18, -14, -24, -20, -14, -28
-2,3:-4, -6, 6, -8, -18, -14, -24, -6, -6, -14
-2,3:-4, -6, 6, -8, -18, -14, -12, -20, -16, -20
-2,3:-4, -6, 6, -8, -18, -14, -10, -20, -16, -24
1,4:-4, -6, 6, -8, -18, -10, -12, -20, -2, -20
1,4:-4, -6, 6, -8, -18, -10, -12, -20, -2, -10
-2,3:-4, -6, 6, -8, -18, -10, -2, -16, -18, -20
-2,3:-4, -6, 6, -8, -12, -28, -18, -16, -8, -16
-2,3:-4, -6, 6, -8, -12, -28, -18, -8, -14, -24
-2,3:-4, -6, 6, -8, -12, -28, -18, -8, -14, -22
-2,3:-4, -6, 6, -8, -12, -28, -18, -8, -14, -20
-2,3:-4, -6, 6, -8, -12, -28, -16, -14, -8, -26
-2,3:-4, -6, 6, -8, -12, -28, -16, -14, -8, -24
-2,3:-4, -6, 6, -8, -12, -28, -16, -14, -8, -22
-2,3:-4, -6, 6, -8, -12, -28, -8, -14, -22, -20
-2,3:-4, -6, 6, -8, -12, -28, -8, -14, -22, -18
-2,3:-4, -6, 6, -8, -12, -28, -8, -14, -22, -16
12,-10:-4, -6, 6, -8, -12, -28, 6, -4, -14, -18
12,-10:-4, -6, 6, -8, -12, -28, 6, -4, -14, -12
12,-10:-4, -6, 6, -8, -12, -28, 6, -4, -10, -18
12,-10:-4, -6, 6, -8, -12, -28, 6, -4, -10, -14
8,-9:-4, -6, 6, -8, -12, -28, 10, -4, -2, 0
8,-9:-4, -6, 6, -8, -12, -28, 10, -4, -2, 8
8,-9:-4, -6, 6, -8, -12, -28, 10, -4, 4, 2
8,-9:-4, -6, 6, -8, -12, -28, 10, -4, 4, 4
8,-9:-4, -6, 6, -8, -12, -28, 10, -4, 4, 6
-2,3:-4, -6, 6, -8, -12, -24, -20, -12, -2, -8
-2,3:-4, -6, 6, -8, -12, -24, -20, -12, -2, -6
-2,3:-4, -6, 6, -8, -12, -24, -16, -8, -8, -14
-2,3:-4, -6, 6, -8, -12, -24, -16, -8, -8, -12
-2,3:-4, -6, 6, -8, -12, -24, -16, -8, -8, -10
-2,3:-4, -6, 6, -8, -12, -24, -8, -10, -16, -8
-2,3:-4, -6, 6, -8, -12, -18, -28, -12, -2, -26
-2,3:-4, -6, 6, -8, -12, -18, -28, -12, -2, -16
-2,3:-4, -6, 6, -8, -12, -18, -28, -6, -12, -2
-2,3:-4, -6, 6, -8, -12, -18, -20, -12, -8, -28
-2,3:-4, -6, 6, -8, -12, -18, -10, -18, -8, -32
-2,3:-4, -6, 6, -8, -12, -18, -10, -14, -18, -24
-2,3:-4, -6, 6, -8, -12, -18, -10, -14, -16, -20
-2,3:-4, -6, 6, -8, -12, -18, -10, -14, -16, -18
-2,3:-4, -6, 6, -8, -12, -18, -10, -14, -16, -16
-2,3:-4, -6, 6, -8, -12, -18, -10, -8, -8, -18
-2,3:-4, -6, 6, -8, -12, -16, -18, -20, -6, -14
-2,3:-4, -6, 6, -8, -12, -16, -18, -20, -6, -12
-2,3:-4, -6, 6, -8, -12, -16, -18, -20, -6, -10
-2,3:-4, -6, 6, -8, -12, -16, -18, -16, -8, -22
-2,3:-4, -6, 6, -8, -12, -16, -18, -16, -8, -18
-2,3:-4, -6, 6, -8, -12, -16, -18, -14, -12, -20
-2,3:-4, -6, 6, -8, -12, -16, -8, -16, -22, -18
-2,3:-4, -6, 6, -8, -12, -16, -8, -16, -22, -16
-2,3:-4, -6, 6, -8, -12, -16, -8, -16, -22, -14
-2,3:-4, -6, 6, -8, -12, -8, -12, -28, -24, -20
-2,3:-4, -6, 6, -8, -12, -8, -12, -28, -24, -10
-2,3:-4, -6, 6, -8, -12, -8, -12, -26, -8, -22
-2,3:-4, -6, 6, -8, -12, -8, -12, -26, -8, -18
-2,3:-4, -6, 6, -8, -12, -8, -12, -16, -22, -18
-2,3:-4, -6, 6, -8, -12, -8, -12, -16, -22, -8
-2,3:-4, -6, 6, -8, -12, -8, -10, -18, -12, -4
10,-15:-4, -6, 6, -8, -12, -4, -20, -2, -16, 2
10,-15:-4, -6, 6, -8, -12, -4, -20, -2, 2, -16
4,1:-4, -6, 6, -8, -12, 10, -2, 0, -2, -20
-2,3:-4, -6, 6, -8, -10, -20, -14, -16, -24, -14
-2,3:-4, -6, 6, -8, -10, -20, -14, -16, -24, -10
-2,3:-4, -6, 6, -8, -10, -20, -14, -16, -10, -24
-2,3:-4, -6, 6, -8, -10, -20, -14, -16, -10, -14
-2,3:-4, -6, 6, -8, -10, -20, -14, -8, -8, -22
-2,3:-4, -6, 6, -8, -10, -20, -14, -8, -8, -12
-2,3:-4, -6, 6, -8, -10, -20, -4, -14, -4, -10
-2,3:-4, -6, 6, -8, -10, -20, -4, -14, -4, -8
-2,3:-4, -6, 6, -8, -10, -20, -4, -14, -4, -6
-2,3:-4, -6, 6, -8, -10, -20, -4, -4, -2, -10
-2,3:-4, -6, 6, -8, -10, -14, -6, -12, -24, -12
-2,3:-4, -6, 6, -8, -8, -22, -26, -20, -16, -18
-2,3:-4, -6, 6, -8, -8, -22, -26, -20, -16, -10
-2,3:-4, -6, 6, -8, -8, -22, -26, -20, -16, -6
-2,3:-4, -6, 6, -8, -8, -22, -26, -8, -20, -28
-2,3:-4, -6, 6, -8, -8, -22, -26, -8, -20, -26
-2,3:-4, -6, 6, -8, -8, -22, -26, -8, -20, -24
-2,3:-4, -6, 6, -8, -8, -22, -16, -28, -28, -32
-2,3:-4, -6, 6, -8, -8, -22, -16, -28, -28, -20
-2,3:-4, -6, 6, -8, -8, -22, -16, -14, -20, -6
-2,3:-4, -6, 6, -8, -8, -22, -16, -14, -2, -8
-2,3:-4, -6, 6, -8, -8, -22, -16, -14, -2, -6
-2,3:-4, -6, 6, -8, -8, -22, -10, -18, -14, -14
-2,3:-4, -6, 6, -8, -8, -22, -10, -18, -14, -12
-2,3:-4, -6, 6, -8, -8, -22, -10, -18, -14, -10
-2,3:-4, -6, 6, -8, -8, -16, -24, -14, -24, -22
-2,3:-4, -6, 6, -8, -8, -16, -24, -14, -24, -20
-2,3:-4, -6, 6, -8, -8, -16, -24, -14, -24, -18
-2,3:-4, -6, 6, -8, -8, -16, -14, -24, -20, -16
-2,3:-4, -6, 6, -8, -8, -16, -14, -24, -20, -6
-2,3:-4, -6, 6, -8, -8, -16, -14, -22, -4, -18
-2,3:-4, -6, 6, -8, -8, -16, -14, -22, -4, -14
-2,3:-4, -6, 6, -8, -8, -16, -14, -12, -18, -14
-2,3:-4, -6, 6, -8, -8, -16, -14, -12, -18, -4
-2,3:-4, -6, 6, -8, -8, -16, -14, -4, -36, -14
-2,3:-4, -6, 6, -8, -8, -16, -14, -4, -36, -12
-2,3:-4, -6, 6, -8, -8, -16, -14, -4, -36, -10
-2,3:-4, -6, 6, -8, -8, -16, -14, -4, -14, -36
-2,3:-4, -6, 6, -8, -8, -16, -14, -4, -14, -34
-2,3:-4, -6, 6, -8, -8, -16, -14, -4, -14, -32
-2,3:-4, -6, 6, -8, 0, -12, -20, -12, -8, -14
-2,3:-4, -6, 6, -8, 0, -12, -20, -12, -8, -12
-2,3:-4, -6, 6, -8, 0, -12, -20, -12, -8, -10
15,-10:-4, -6, 6, -8, 10, -2, -28, -20, -14, -6
15,-10:-4, -6, 6, -8, 10, -2, -28, -20, -14, -4
15,-10:-4, -6, 6, -8, 10, -2, -28, -20, -14, -2
15,-10:-4, -6, 6, -8, 10, -2, -28, -20, -2, -14
10,-2:-4, -6, 6, 0, -8, -18, -10, 8, -2, 4
10,-2:-4, -6, 6, 0, -8, -18, -10, 8, 4, 4
8,-8:-4, -6, 6, 0, -8, -2, -2, 0, 14, 8
8,-8:-4, -6, 6, 0, -8, -2, -2, 0, 14, 10
5,-4:-4, -6, 6, 0, -8, 10, -2, -12, -8, 2
5,-4:-4, -6, 6, 0, -8, 10, -2, -12, -4, 2
5,-4:-4, -6, 6, 0, -8, 10, -2, -12, -4, 4
5,-4:-4, -6, 6, 0, -8, 10, -2, -12, -4, 6
5,-4:-4, -6, 6, 0, -8, 10, -2, -12, 0, -4
5,-4:-4, -6, 6, 0, -8, 10, -2, -12, 0, -2
5,-4:-4, -6, 6, 0, -8, 10, -2, -12, 0, 0
5,-4:-4, -6, 6, 0, -8, 10, -2, -12, 4, -4
5,-4:-4, -6, 6, 0, -8, 10, -2, -12, 4, -2
5,-4:-4, -6, 6, 0, -8, 10, -2, -12, 4, 0
4,9:-4, -6, 6, 0, -8, 10, 6, -16, -12, -12
4,9:-4, -6, 6, 0, -8, 10, 6, -16, -12, -10
4,9:-4, -6, 6, 0, -8, 10, 6, -16, -12, -8
4,9:-4, -6, 6, 0, -8, 10, 6, -16, -6, -10
4,9:-4, -6, 6, 0, -8, 10, 6, -16, -6, -6
-5,10:-4, -6, 6, 0, 8, 4, 16, 0, -8, 0
-5,10:-4, -6, 6, 0, 8, 4, 16, 0, -8, 2
-5,10:-4, -6, 6, 0, 8, 4, 16, 0, -8, 4
-5,10:-4, -6, 6, 0, 8, 4, 16, 0, 0, -4
-5,10:-4, -6, 6, 0, 8, 4, 16, 0, 0, -2
-5,10:-4, -6, 6, 0, 8, 4, 16, 0, 0, 0
-5,10:-4, -6, 6, 0, 8, 4, 16, 0, 2, -8
-5,10:-4, -6, 6, 0, 8, 4, 16, 0, 2, -6
-5,10:-4, -6, 6, 0, 8, 4, 16, 0, 2, -4
-5,10:-4, -6, 6, 0, 8, 14, 8, 16, -8, -8
14,8:-4, -6, 6, 10, -14, 2, 2, -8, 10, 10
14,8:-4, -6, 6, 10, -14, 2, 2, -8, 10, 20
14,8:-4, -6, 6, 10, -14, 2, 2, -8, 20, 8
14,8:-4, -6, 6, 10, -14, 2, 2, -8, 20, 10
14,8:-4, -6, 6, 10, -14, 2, 2, -8, 20, 12
-4,11:-4, -6, 6, 10, -14, 12, 2, 8, 6, 6
-1,10:-4, -6, 6, 10, -10, 2, 2, 0, 12, -2
14,-4:-4, -6, 6, 10, -6, -16, -4, -4, -4, 6
14,-4:-4, -6, 6, 10, -6, -16, -4, -4, -4, 8
14,-4:-4, -6, 6, 10, -6, -16, -4, -4, -4, 10
14,-4:-4, -6, 6, 10, -6, -16, -4, -4, 6, -4
14,-4:-4, -6, 6, 10, -6, -16, 6, 4, -4, 6
14,-4:-4, -6, 6, 10, -6, -16, 6, 4, -4, 8
14,-4:-4, -6, 6, 10, -6, -16, 6, 4, -4, 10
14,-4:-4, -6, 6, 10, -6, -16, 6, 4, 6, -4
4,2:-4, -6, 6, 10, -4, 2, 2, -16, 8, -4
4,2:-4, -6, 6, 10, -4, 2, 2, 8, -4, -16
26,-10:-4, -6, 6, 10, -4, 6, -8, -30, -34, -20
14,-4:-4, -6, 6, 10, 12, -6, -16, 4, 22, 10
-4,11:-4, -6, 6, 10, 12, 2, 8, 6, 6, -14
6,7:-4, 2, 0, -8, -16, -16, -10, -24, -6, -14
7,-6:-4, 2, 0, -8, -14, -8, -2, -10, 2, -8
7,-6:-4, 2, 0, -8, -14, -8, -2, -10, 2, -6
7,-6:-4, 2, 0, -8, -14, -8, -2, -10, 2, -4
0,2:-4, 2, 0, -8, -14, 2, -2, 4, 0, 8
16,1:-4, 2, 0, -8, -14, 2, 4, -4, 4, -2
3,-9:-4, 2, 0, -8, -4, -16, -14, -20, -8, -8
13,-5:-4, 2, 0, -8, -4, -16, -2, 6, -8, 8
13,-5:-4, 2, 0, -8, -4, -16, -2, 6, 8, -8
5,-6:-4, 2, 0, -8, -4, -10, -8, -14, 4, -12
3,-9:-4, 2, 0, -8, -4, -10, -8, -8, -4, -2
3,-9:-4, 2, 0, -8, -4, -10, -8, -8, -4, 0
3,-9:-4, 2, 0, -8, -4, -10, -8, -8, -4, 2
0,2:-4, 2, 0, -8, -4, -2, -12, -8, 2, -2
0,2:-4, 2, 0, -8, -4, -2, -12, -8, 2, 0
0,2:-4, 2, 0, -8, -4, -2, -12, -8, 2, 2
0,2:-4, 2, 0, -8, -4, -2, -12, -8, 8, -4
0,2:-4, 2, 0, -8, -4, -2, -12, -8, 8, -2
0,2:-4, 2, 0, -8, -4, -2, -12, -8, 8, 0
0,2:-4, 2, 0, -8, -4, -2, -12, 0, -6, -8
0,2:-4, 2, 0, -8, -4, -2, -12, 0, -6, -6
0,2:-4, 2, 0, -8, -4, -2, -12, 0, -6, -4
7,-16:-4, 2, 0, -8, 4, -30, -18, -22, -24, -18
7,-16:-4, 2, 0, -8, 4, -30, -18, -22, -24, -8
13,-5:-4, 2, 2, -8, -16, -16, 4, -12, 4, 4
13,-5:-4, 2, 2, -8, -16, -16, 4, -12, 4, 6
13,-5:-4, 2, 2, -8, -16, -16, 4, -12, 4, 8
13,-5:-4, 2, 2, -8, -16, -16, 4, 4, -4, -2
13,-5:-4, 2, 2, -8, -16, -16, 4, 4, -4, 8
13,-5:-4, 2, 2, -8, -16, -16, 4, 4, 4, -12
13,-5:-4, 2, 2, -8, -14, -16, 0, 0, 4, -6
13,-5:-4, 2, 2, -8, -14, -16, 0, 0, 4, -4
13,-5:-4, 2, 2, -8, -14, -16, 2, -2, -2, 0
13,-5:-4, 2, 2, -8, -14, -16, 2, -2, -2, 10
13,-5:-4, 2, 2, -8, -4, -16, -2, -2, 6, 6
13,-5:-4, 2, 2, -8, -4, -16, -2, -2, 6, 8
13,-5:-4, 2, 2, -8, -4, -16, -2, -2, 6, 10
13,-5:-4, 2, 2, -8, -4, -16, -2, 0, 10, -2
13,-5:-4, 2, 2, -8, -4, -16, -2, 0, 10, 0
13,-5:-4, 2, 2, -8, -4, -16, -2, 0, 10, 2
13,-5:-4, 2, 2, -8, -4, -16, -2, 8, 10, -6
13,-5:-4, 2, 2, -8, -4, -16, -2, 8, 10, -4
13,-5:-4, 2, 2, -8, -4, -16, -2, 8, 10, -2
-2,3:-4, 2, 6, -14, -22, -14, -22, 2, -22, -22
-2,3:-4, 2, 6, -14, -22, -14, -18, -8, -16, -6
-2,3:-4, 2, 6, -14, -22, -14, -18, -8, -16, -2
-2,3:-4, 2, 6, -14, -22, -14, -18, -8, -2, -16
-2,3:-4, 2, 6, -14, -22, -14, -18, -8, -2, -6
-2,3:-4, 2, 6, -14, -22, -14, -18, 0, 0, -14
-2,3:-4, 2, 6, -14, -22, -14, -18, 0, 0, -4
-2,3:-4, 2, 6, -14, -22, -12, -22, -6, -8, -20
-2,3:-4, 2, 6, -14, -22, -12, -22, -6, -8, -18
-2,3:-4, 2, 6, -14, -22, -12, -22, -6, -8, -16
-2,3:-4, 2, 6, -14, -22, -8, -14, -22, -20, -18
-2,3:-4, 2, 6, -14, -22, -8, -14, -22, -20, -14
-2,3:-4, 2, 6, -14, -22, -8, -14, -16, -18, -12
-2,3:-4, 2, 6, -14, -22, -8, -14, -16, -18, -10
-2,3:-4, 2, 6, -14, -22, -8, -14, -16, -18, -8
-2,3:-4, 2, 6, -14, -22, -8, -12, -18, -8, -12
-2,3:-4, 2, 6, -14, -22, -8, -12, -18, -8, -8
-2,3:-4, 2, 6, -14, -22, -8, -12, -18, -2, -12
-2,3:-4, 2, 6, -14, -22, -8, -12, -18, -2, -6
-2,3:-4, 2, 6, -14, -22, -8, -12, -18, -2, -2
-2,3:-4, 2, 6, -14, -22, -8, -12, -14, -20, -26
-2,3:-4, 2, 6, -14, -22, -8, -12, -14, -20, -18
-2,3:-4, 2, 6, -14, -22, -8, -12, -14, -14, -20
-2,3:-4, 2, 6, -14, -22, -8, -12, -14, -14, -14
-2,3:-4, 2, 6, -14, -22, -8, -12, -14, -14, -12
-2,3:-4, 2, 6, -14, -22, -8, -12, -14, -10, -14
-2,3:-4, 2, 6, -14, -22, -8, -12, -14, -10, -12
-2,3:-4, 2, 6, -14, -22, -8, -12, -14, -10, -10
13,-2:-4, 2, 6, -14, -22, -8, -12, -14, 0, -6
13,-2:-4, 2, 6, -14, -22, -8, -12, -14, 0, 2
13,-2:-4, 2, 6, -14, -22, -8, -12, -14, 6, 0
13,-2:-4, 2, 6, -14, -22, -8, -12, -14, 6, 6
13,-2:-4, 2, 6, -14, -22, -8, -12, -14, 6, 8
13,-2:-4, 2, 6, -14, -22, -8, -12, -14, 10, 6
13,-2:-4, 2, 6, -14, -22, -8, -12, -14, 10, 8
13,-2:-4, 2, 6, -14, -22, -8, -12, -14, 10, 10
-2,3:-4, 2, 6, -14, -18, -22, -12, -22, -8, -12
-2,3:-4, 2, 6, -14, -18, -22, -12, -22, 2, -20
-2,3:-4, 2, 6, -14, -18, -22, -12, -22, 2, -18
-2,3:-4, 2, 6, -14, -18, -22, -12, -22, 2, -16
-2,3:-4, 2, 6, -14, -18, -22, -12, -8, -14, -18
-2,3:-4, 2, 6, -14, -18, -22, -12, -8, -14, -16
-2,3:-4, 2, 6, -14, -18, -22, -12, -8, -14, -14
-2,3:-4, 2, 6, -14, -18, -6, -12, -16, -24, -14
-2,3:-4, 2, 6, -14, -18, -6, -12, -16, -24, -10
-2,3:-4, 2, 6, -14, -18, -6, -12, -16, -10, -24
-2,3:-4, 2, 6, -14, -18, -6, -12, -16, -10, -14
-2,3:-4, 2, 6, -14, -18, -6, -12, -8, -8, -22
-2,3:-4, 2, 6, -14, -18, -6, -12, -8, -8, -12
-2,3:-4, 2, 6, -14, -18, 2, -12, -2, -34, -12
-2,3:-4, 2, 6, -14, -18, 2, -12, -2, -34, -10
-2,3:-4, 2, 6, -14, -18, 2, -12, -2, -34, -8
-2,3:-4, 2, 6, -14, -18, 2, -12, -2, -12, -34
-2,3:-4, 2, 6, -14, -18, 2, -12, -2, -12, -32
-2,3:-4, 2, 6, -14, -18, 2, -12, -2, -12, -30
-2,3:-4, 2, 6, -14, -8, -12, -22, -12, -8, -14
-2,3:-4, 2, 6, -14, -8, -12, -22, -12, -8, -12
-2,3:-4, 2, 6, -14, -8, -12, -22, -12, -8, -10
-2,3:-4, 2, 6, -14, -8, -12, -18, -12, -16, -16
-2,3:-4, 2, 6, -14, -8, -12, -18, -12, -16, -12
-2,3:-4, 2, 6, -14, -8, -12, -18, -8, -10, -10
-2,3:-4, 2, 6, -14, -8, -12, -18, -8, -10, -8
-2,3:-4, 2, 6, -14, -8, -12, -18, -8, -10, -6
-2,3:-4, 2, 6, -14, -8, -12, -18, -2, -4, 4
-2,3:-4, 2, 6, -14, -8, -12, -12, -16, -14, -20
-2,3:-4, 2, 6, -14, -8, -12, -12, -16, -14, -18
-2,3:-4, 2, 6, -14, -8, -12, -12, -16, -14, -16
-2,3:-4, 2, 6, -14, -8, -12, -2, -14, -4, -2
-2,3:-4, 2, 6, -14, -8, -12, -2, -14, -4, 2
-2,3:-4, 2, 6, -14, -8, -12, -2, -14, 0, -10
-2,3:-4, 2, 6, -14, -8, -12, -2, -14, 0, -8
-2,3:-4, 2, 6, -14, -8, -12, -2, -14, 0, -6
-2,3:-4, 2, 6, -14, -8, -12, -2, -4, 2, -14
-2,3:-4, 2, 6, -14, -8, -4, -14, -18, -4, -10
-2,3:-4, 2, 6, -14, -8, -4, -14, -18, -4, -8
-2,3:-4, 2, 6, -14, -8, -4, -14, -18, -4, -6
-2,3:-4, 2, 6, -14, 2, -12, -20, -2, -20, -14
-2,3:-4, 2, 6, -14, 2, -12, -20, -2, -16, -26
-2,3:-4, 2, 6, -14, 2, -12, -20, -2, -16, -20
-2,3:-4, 2, 6, -14, 2, -12, -10, -16, -26, -12
-2,3:-4, 2, 6, -14, 2, -12, -10, -16, -26, -2
14,-2:-4, 2, 6, -8, -14, -16, 2, -2, -8, -2
14,-2:-4, 2, 6, -8, -14, -16, 2, -2, -8, 2
14,-2:-4, 2, 6, -8, -14, -16, 2, -2, 2, -8
13,-5:-4, 2, 6, -8, -14, -16, 4, 4, 0, 0
-2,3:-4, 2, 6, -8, -14, 4, -8, -16, -18, -10
-2,3:-4, 2, 6, -8, -14, 4, -8, -6, -16, -14
-2,3:-4, 2, 6, -8, -14, 4, -8, -6, -16, -12
-2,3:-4, 2, 6, -8, -14, 4, -8, -6, -16, -10
7,-6:-4, 2, 6, -8, -14, 6, -8, -4, 2, -2
7,0:-4, 2, 6, -8, 2, -6, -6, 0, -4, 4
7,0:-4, 2, 6, -8, 2, -6, -6, 0, -4, 8
7,0:-4, 2, 6, -8, 2, -6, -6, 0, 4, -4
16,-16:-4, 2, 6, -8, 6, 4, -30, -20, 10, 4
16,-16:-4, 2, 6, -8, 6, 4, -30, -20, 10, 6
16,-16:-4, 2, 6, -8, 6, 4, -30, -20, 10, 8
16,-16:-4, 2, 6, -8, 6, 4, -30, 2, -20, -10
16,-16:-4, 2, 6, -8, 6, 4, -30, 2, -20, -8
4,6:-4, 2, 6, 0, -8, -4, 14, 2, -2, -8
4,6:-4, 2, 6, 0, -8, -4, 14, 2, -2, -6
4,6:-4, 2, 6, 0, -8, -4, 14, 2, -2, -4
-5,10:-4, 2, 6, 0, 8, 4, -10, -4, 16, -10
-5,10:-4, 2, 6, 0, 8, 4, 16, -14, -8, 0
13,-5:-4, 2, 6, 4, 10, -8, -4, -16, 8, -4
0,8:-4, 2, 6, 6, 12, 2, 0, 10, -4, -14
0,8:-4, 2, 6, 6, 12, 2, 0, 10, -4, -4
0,-1:-4, 2, 6, 6, 12, 10, 10, 4, -8, 8
0,-1:-4, 2, 6, 6, 12, 10, 10, 4, -8, 10
0,-1:-4, 2, 6, 6, 12, 10, 10, 4, 10, -8
16,-4:-4, 4, -10, -8, -6, -18, -4, -4, -4, 0
16,-4:-4, 4, -10, -8, -6, -18, -4, -4, -4, 6
16,-4:-4, 4, -10, -8, -6, -18, -4, -4, 0, -4
16,-4:-4, 4, -10, -8, -6, -18, -4, -4, 0, 0
5,6:-4, 4, -10, -8, -6, -12, 6, 4, 10, 2
5,6:-4, 4, -10, -8, -6, 6, 4, 10, 2, -12
5,6:-4, 4, -10, -8, -6, 6, 4, 10, 2, -8
9,8:-4, 4, -10, 0, -8, -18, -18, -12, -26, -8
16,-4:-4, 4, -10, 0, -8, -6, -18, -4, 0, 2
20,-6:-4, 4, -10, 2, -16, -10, -6, -12, 2, -2
18,2:-4, 4, -10, 6, 6, 2, -14, -6, -10, -6
5,17:-4, 4, -2, -12, -2, 8, -10, -12, 8, -10
6,3:-4, 4, -2, -12, 6, 2, -10, 0, 16, -2
-2,3:-4, 4, -2, -8, -10, -2, -10, 6, -6, -10
-2,3:-4, 4, -2, -8, -10, -2, -10, 6, -6, -4
-2,3:-4, 4, -2, -8, -10, -2, -10, 6, -6, 0
4,-2:-4, 4, -2, -8, 0, 0, 10, -14, 8, 2
4,-2:-4, 4, -2, -8, 0, 0, 10, -14, 8, 4
4,-2:-4, 4, -2, -8, 0, 0, 10, -14, 8, 6
4,-2:-4, 4, -2, -8, 0, 0, 10, -6, 0, -10
4,-2:-4, 4, -2, -8, 0, 0, 10, -6, 0, -6
-2,3:-4, 4, 4, -6, 4, 6, -8, -12, -14, 20
14,2:-4, 4, 4, 6, -6, -2, 16, -12, -14, 18
14,2:-4, 4, 4, 6, -6, -2, 16, -12, -14, 28
0,5:-4, 4, 4, 6, 6, 4, -14, 10, -2, -2
7,-6:-4, 4, 6, 4, -8, -14, -8, -4, 2, 0
7,-6:-4, 4, 6, 4, -8, -14, -8, -4, 2, 2
21,-17:-4, 4, 6, 4, -8, 4, -30, -36, -20, -26
9,3:-4, 4, 6, 4, 6, 6, -4, 0, -10, 12
9,3:-4, 4, 6, 4, 6, 6, -4, 0, -10, 14
9,3:-4, 4, 6, 4, 6, 6, -4, 0, -10, 16
-4,-6:-4, 4, 6, 4, 6, 6, 8, 0, 0, 8
-2,-4:-4, 4, 6, 4, 6, 6, 8, 0, 10, 6
-2,-4:-4, 4, 6, 4, 6, 6, 8, 0, 10, 10
-5,14:6, -4, -4, -14, 10, 10, 16, 20, 0, 4
-5,14:6, -4, -4, -14, 10, 10, 16, 20, 0, 6
16,3:6, -4, -4, -12, -8, -14, 0, -14, -24, -8
1,6:6, -4, -4, -12, 4, 6, -8, -14, -10, -14
13,-17:6, -4, -4, -6, -8, -16, -28, -28, -8, -24
1,6:6, -4, -4, -6, 6, -8, -18, -20, 0, -6
1,6:6, -4, -4, -6, 6, -8, -18, -20, 0, -4
1,6:6, -4, -4, -6, 6, -8, -18, -20, 0, -2
1,6:6, -4, -4, -6, 6, -8, -18, -14, -24, -10
1,6:6, -4, -4, -6, 6, -8, -18, -14, -10, -24
1,6:6, -4, -4, -6, 6, -8, -18, -14, -10, -14
1,6:6, -4, -4, -6, 6, -8, -12, -24, -20, -8
1,6:6, -4, -4, -6, 6, -8, -12, -24, -20, -6
1,6:6, -4, -4, -6, 6, -8, -12, -24, -8, -20
1,6:6, -4, -4, -6, 6, -8, -12, -24, -8, -14
1,6:6, -4, -4, -6, 6, -8, -10, -20, -4, -10
1,6:6, -4, -4, -6, 6, -8, -10, -20, -4, -8
1,6:6, -4, -4, -6, 6, -8, -10, -20, -4, -6
1,6:6, -4, -4, -6, 6, -8, -8, -22, -16, -24
1,6:6, -4, -4, -6, 6, -8, -8, -16, -24, -22
1,6:6, -4, -4, -6, 6, -8, -8, -16, -24, -20
1,6:6, -4, -4, -6, 6, -8, -8, -16, -24, -18
1,6:6, -4, -4, -6, 6, -8, 0, -12, -20, -2
10,-3:6, -4, -4, 2, 0, -8, -14, -8, -4, 2
3,5:6, -4, -4, 2, 0, -8, -14, 2, -2, -2
3,5:6, -4, -4, 2, 0, -8, -14, 2, -2, 8
16,-2:6, -4, -4, 2, 0, -8, -4, -16, -2, 2
1,6:6, -4, -4, 2, 6, -14, -22, -6, -8, -20
1,6:6, -4, -4, 2, 6, -14, -22, -6, -8, -18
1,6:6, -4, -4, 2, 6, -14, -22, -6, -8, -16
1,6:6, -4, -4, 2, 6, -14, -18, -22, 2, -20
1,6:6, -4, -4, 2, 6, -14, -18, -22, 2, -18
1,6:6, -4, -4, 2, 6, -14, -18, -22, 2, -16
1,6:6, -4, -4, 2, 6, -14, -18, -18, -8, -12
1,6:6, -4, -4, 2, 6, -14, -18, -18, -8, -10
1,6:6, -4, -4, 2, 6, -14, -18, -18, -8, -8
1,6:6, -4, -4, 2, 6, -14, -8, -12, -18, -10
1,6:6, -4, -4, 2, 6, -8, -14, 4, -8, -14
1,6:6, -4, -4, 2, 6, -8, -14, 4, -8, -12
1,6:6, -4, -4, 2, 6, -8, -14, 4, -8, -10
15,8:6, -4, -4, 2, 6, -8, 2, -6, 2, -22
15,8:6, -4, -4, 2, 6, -8, 2, -6, 2, -16
11,0:6, -4, -4, 4, -2, -8, -10, -18, -2, 2
32,2:6, -4, -4, 4, -2, -8, -10, 2, -28, -16
19,-13:6, -4, -4, 4, 6, 4, -8, 4, -30, -20
4,9:6, -4, 6, -4, -4, -6, 6, -8, -12, -14
4,9:6, -4, 6, -4, -4, -6, 6, -8, -8, -18
4,9:6, -4, 6, -4, -4, -6, 6, -8, -8, -12
16,2:6, -4, 6, -4, -4, 2, 6, 0, 14, -4
8,2:6, -4, 6, 6, -4, -4, 16, 0, 16, 16
8,2:6, -4, 6, 6, -4, -4, 16, 0, 16, 18
8,2:6, -4, 6, 6, -4, -4, 16, 0, 16, 20
8,2:6, -4, 6, 6, -4, -4, 16, 16, 8, 10
8,2:6, -4, 6, 6, -4, -4, 16, 16, 8, 20
8,2:6, -4, 6, 6, -4, -4, 16, 16, 16, 0
8,2:6, -4, 6, 6, -2, -4, 12, 12, 16, 6
8,2:6, -4, 6, 6, -2, -4, 12, 12, 16, 8
8,2:6, -4, 6, 6, -2, -4, 14, 10, 10, 12
8,2:6, -4, 6, 6, -2, -4, 14, 10, 10, 22
8,2:6, -4, 6, 6, 8, -4, 10, 10, 18, 18
8,2:6, -4, 6, 6, 8, -4, 10, 10, 18, 20
8,2:6, -4, 6, 6, 8, -4, 10, 10, 18, 22
8,2:6, -4, 6, 6, 8, -4, 10, 12, 22, 10
8,2:6, -4, 6, 6, 8, -4, 10, 12, 22, 12
8,2:6, -4, 6, 6, 8, -4, 10, 12, 22, 14
8,2:6, -4, 6, 6, 8, -4, 10, 20, 22, 6
8,2:6, -4, 6, 6, 8, -4, 10, 20, 22, 8
8,2:6, -4, 6, 6, 8, -4, 10, 20, 22, 10
-14,17:6, 6, -4, -4, -4, 10, -2, 32, 22, -6
-14,17:6, 6, -4, -4, -4, 10, -2, 32, 22, -4
-14,17:6, 6, -4, -4, -4, 10, -2, 32, 22, 2
7,13:6, 6, -4, -4, 10, 0, 8, 0, 20, 16
7,13:6, 6, -4, -4, 10, 0, 8, 0, 20, 18
7,13:6, 6, -4, -4, 10, 0, 8, 0, 20, 20
5,-1:6, 6, -4, -4, 10, 16, -2, 10, 8, 10
5,-1:6, 6, -4, -4, 10, 16, -2, 10, 8, 12
5,-1:6, 6, -4, -4, 10, 16, -2, 10, 8, 14
0,14:6, 6, -4, -4, 16, -2, 10, 24, 14, 16
5,-1:6, 6, -4, -4, 16, 0, 16, 14, 12, 20
5,-1:6, 6, -4, -4, 16, 0, 16, 24, 14, 16
5,-1:6, 6, -4, -4, 16, 0, 16, 24, 14, 18
5,-1:6, 6, -4, -4, 16, 0, 16, 24, 14, 20
5,-1:6, 6, -4, -4, 16, 10, 6, 6, 2, 4
5,-1:6, 6, -4, -4, 16, 10, 6, 16, 18, 10
5,-1:6, 6, -4, -4, 16, 10, 6, 16, 18, 12
5,-1:6, 6, -4, -4, 16, 10, 6, 16, 18, 14
5,-1:6, 6, -4, -4, 16, 10, 6, 18, 18, 8
5,-1:6, 6, -4, -4, 16, 10, 6, 18, 18, 10
5,-1:6, 6, -4, -4, 16, 10, 6, 18, 18, 12
5,-1:6, 6, -4, -4, 16, 10, 14, 10, 12, 16
5,-1:6, 6, -4, -4, 16, 10, 14, 10, 18, 10
5,-1:6, 6, -4, -4, 16, 10, 14, 10, 18, 16
5,-1:6, 6, -4, -4, 16, 10, 14, 14, 14, 20
5,-1:6, 6, -4, -4, 16, 10, 14, 14, 14, 22
5,-1:6, 6, -4, -4, 16, 10, 14, 14, 14, 24
5,-1:6, 6, -4, -4, 16, 10, 14, 14, 22, 14
5,-1:6, 6, -4, -4, 16, 10, 14, 14, 22, 16
5,-1:6, 6, -4, -4, 16, 10, 14, 14, 22, 18
5,-1:6, 6, -4, -4, 16, 10, 24, 14, 4, 16
0,14:6, 6, -4, -4, 16, 10, 24, 14, 16, -2
5,-1:6, 6, -4, -4, 16, 10, 24, 14, 16, 18
5,-1:6, 6, -4, -4, 16, 10, 24, 14, 18, 6
5,-1:6, 6, -4, -4, 16, 10, 24, 14, 18, 14
5,-1:6, 6, -4, -4, 16, 10, 24, 14, 24, 16
5,-1:6, 6, -4, -4, 16, 16, 8, 14, 18, 10
5,-1:6, 6, -4, -4, 16, 24, 8, 10, 14, 16
5,-1:6, 6, -4, -4, 16, 24, 8, 10, 14, 18
5,-1:6, 6, -4, -4, 16, 24, 8, 10, 14, 20
5,-1:6, 6, -4, -4, 16, 24, 16, 10, 20, 2
-3,14:6, 6, -4, 0, 10, 6, 18, 4, 0, -2
-3,14:6, 6, -4, 0, 10, 6, 18, 4, 4, -6
-3,14:6, 6, -4, 0, 10, 6, 18, 4, 4, 0
9,7:6, 6, -4, 0, 10, 14, 18, 12, 26, 8
-14,8:6, 6, -4, 2, 10, -2, 20, 16, 32, 26
4,1:6, 6, -4, 2, 10, 6, 4, -6, 8, 14
4,1:6, 6, -4, 2, 10, 6, 4, -6, 14, 8
4,1:6, 6, -4, 2, 10, 6, 4, -6, 14, 12
4,1:6, 6, -4, 2, 10, 6, 4, 10, 14, -2
-7,4:6, 6, -4, 2, 10, 6, 12, 10, 10, -2
-7,4:6, 6, -4, 2, 10, 6, 12, 10, 10, 0
-7,4:6, 6, -4, 2, 10, 6, 12, 10, 10, 2
1,7:6, 6, -2, -4, -4, -10, -8, -10, -2, 16
2,-3:6, 6, -2, -4, -4, 12, 10, 2, -8, -8
-2,-1:6, 6, -2, -4, -2, -4, -4, -6, 2, -14
-2,-1:6, 6, -2, -4, -2, -4, -4, -6, 2, -12
17,-7:6, 6, -2, -2, 8, -2, -14, -10, -22, 0
15,-4:6, 6, -2, -2, 8, -2, -14, -4, 16, 0
0,5:6, 6, -2, 4, 10, 2, 2, -8, -2, 16
0,5:6, 6, -2, 4, 10, 2, 2, -8, 16, -2
0,5:6, 6, -2, 4, 10, 2, 2, -8, 16, 0
0,5:6, 6, -2, 4, 10, 2, 2, -8, 16, 2
6,17:6, 6, -2, 4, 10, 12, 20, 12, 0, 22
-2,17:6, 6, -2, 12, 10, 8, 0, 4, 20, 2
8,5:6, 6, 8, -4, -8, -10, -12, -2, -2, -14
5,14:6, 6, 8, -4, -8, 10, 16, 6, 6, 2
-8,13:6, 6, 8, -4, -4, 10, 14, 30, 6, 8
-8,13:6, 6, 8, -4, -4, 10, 14, 30, 6, 14
-8,13:6, 6, 8, -4, -4, 10, 14, 30, 6, 22
12,-4:6, 6, 8, -4, 2, -6, -2, -14, 2, -2
11,5:6, 6, 8, -4, 2, 10, -8, -4, 18, 4
-2,4:6, 6, 8, -4, 2, 10, 4, -8, 20, 22
-2,4:6, 6, 8, -4, 2, 10, 4, 20, 22, -8
0,11:6, 6, 8, -4, 2, 10, 20, 12, -4, 22
0,11:6, 6, 8, -4, 2, 10, 20, 12, 22, -4
5,-1:6, 6, 8, -4, 10, 2, 14, 14, 22, 14
5,-1:6, 6, 8, -4, 10, 2, 14, 14, 22, 16
5,-1:6, 6, 8, -4, 10, 2, 14, 14, 22, 18
5,-1:6, 6, 8, -4, 10, 2, 20, 12, 22, 6
5,-1:6, 6, 8, -4, 10, 2, 20, 12, 22, 8
5,-1:6, 6, 8, -4, 10, 2, 20, 12, 22, 10
5,-1:6, 6, 8, -4, 10, 10, 18, 16, 14, 22
5,-1:6, 6, 8, -4, 10, 10, 18, 26, 16, 18
5,-1:6, 6, 8, -4, 10, 10, 18, 26, 16, 20
5,-1:6, 6, 8, -4, 10, 10, 18, 26, 16, 22
5,-1:6, 6, 8, -4, 10, 10, 24, 18, 10, 20
5,-1:6, 6, 8, -4, 10, 10, 24, 18, 10, 24
5,-1:6, 6, 8, -4, 10, 10, 24, 18, 24, 10
5,-1:6, 6, 8, -4, 10, 10, 24, 18, 24, 20
5,-1:6, 6, 8, -4, 10, 10, 24, 26, 26, 12
5,-1:6, 6, 8, -4, 10, 10, 24, 26, 26, 22
5,-1:6, 6, 8, -4, 10, 12, 6, 16, 22, 10
5,-1:6, 6, 8, -4, 10, 12, 6, 16, 22, 12
5,-1:6, 6, 8, -4, 10, 12, 6, 16, 22, 14
5,-1:6, 6, 8, -4, 10, 12, 22, 16, 18, 10
5,-1:6, 6, 8, -4, 10, 14, 8, 14, 18, 26
5,-1:6, 6, 8, -4, 10, 14, 8, 18, 10, 18
5,-1:6, 6, 8, -4, 10, 14, 8, 18, 14, 22
5,-1:6, 6, 8, -4, 10, 14, 8, 18, 14, 24
5,-1:6, 6, 8, -4, 10, 14, 8, 18, 14, 26
5,-1:6, 6, 8, -4, 10, 14, 8, 18, 18, 22
5,-1:6, 6, 8, -4, 10, 14, 8, 18, 18, 26
5,-1:6, 6, 8, -4, 10, 14, 8, 18, 22, 14
5,-1:6, 6, 8, -4, 10, 14, 8, 18, 22, 16
5,-1:6, 6, 8, -4, 10, 14, 8, 18, 22, 18
5,-1:6, 6, 8, -4, 10, 14, 8, 30, 16, 16
5,-1:6, 6, 8, -4, 10, 14, 8, 30, 16, 18
5,-1:6, 6, 8, -4, 10, 14, 8, 30, 16, 20
5,-1:6, 6, 8, -4, 10, 14, 24, 22, 14, 8
5,-1:6, 6, 8, -4, 10, 14, 24, 22, 14, 10
5,-1:6, 6, 8, -4, 10, 14, 24, 22, 14, 12
5,-1:6, 6, 8, -4, 10, 20, 16, 14, 16, 18
5,-1:6, 6, 8, -4, 10, 20, 16, 14, 16, 28
5,-1:6, 6, 8, -4, 10, 20, 16, 16, 28, 14
5,-1:6, 6, 8, -4, 10, 20, 16, 16, 28, 18
5,-1:6, 6, 8, -4, 10, 20, 22, 12, 14, 6
-6,13:6, 6, 8, 2, 10, 2, 2, 8, -6, 12
1,1:6, 6, 8, 2, 10, 14, 2, 16, 16, 20
1,1:6, 6, 8, 2, 10, 14, 2, 16, 16, 26
1,1:6, 6, 8, 2, 10, 14, 2, 16, 20, 22
0,3:6, 6, 8, 10, 2, 16, 6, 22, 10, 0
0,3:6, 6, 8, 10, 2, 16, 6, 22, 10, 10
-7,16:6, 6, 8, 10, 2, 16, 12, 24, 10, 6
-8,10:6, 6, 8, 10, 2, 16, 22, 16, 6, 6
-4,5:6, 6, 8, 10, 4, 20, 16, -2, 26, 18
-4,5:6, 6, 8, 10, 4, 20, 16, -2, 26, 26
-18,11:6, 6, 8, 10, 18, 18, 30, 16, 16, 0
-18,11:6, 6, 8, 10, 18, 26, 30, 10, 16, 12
-18,11:6, 6, 8, 10, 18, 26, 30, 10, 16, 14
-18,11:6, 6, 8, 10, 18, 26, 30, 10, 16, 16
-4,18:6, 6, 14, 10, -4, 16, -2, 10, 12, 26
-4,18:6, 6, 14, 10, -4, 16, -2, 10, 26, 12
-4,18:6, 6, 14, 10, -4, 16, -2, 12, 26, 14
-4,18:6, 6, 14, 10, -4, 16, -2, 12, 26, 16
-7,16:6, 6, 14, 10, -4, 16, 20, 24, -2, -6
-7,16:6, 6, 14, 10, -4, 16, 20, 24, -2, -4
-7,16:6, 6, 14, 10, -4, 16, 20, 24, -2, -2
11,3:6, 6, 14, 10, 4, 4, 6, -6, 12, 2
-11,6:6, 6, 14, 10, 16, 12, 18, 16, 16, 4
-7,16:6, 6, 14, 10, 16, 22, 2, -8, 24, 12
-7,16:6, 6, 14, 10, 16, 22, 2, 24, 12, -8
-7,16:6, 6, 14, 10, 16, 22, 2, 24, 12, 2
4,17:6, 6, 16, -16, 4, 2, 14, 0, -4, -6
4,17:6, 6, 16, -16, 4, 2, 14, 0, 0, -10
4,17:6, 6, 16, -16, 4, 2, 14, 0, 0, -4
16,10:6, 6, 16, -16, 4, 10, 14, 8, 22, 4
9,9:6, 6, 16, -8, -18, -8, 4, -10, 10, -2
13,-7:6, 6, 16, -8, -8, -18, -18, 2, -12, -6
13,-7:6, 6, 16, -8, -8, -18, -18, 2, -12, 4
13,-7:6, 6, 16, -8, -8, -18, -18, 2, -6, -2
13,-7:6, 6, 16, -8, -8, -18, -18, 2, -6, 2
13,-7:6, 6, 16, -8, -8, -18, -18, 2, 4, -12
13,-7:6, 6, 16, -8, -8, -18, -18, 2, 4, -10
13,-7:6, 6, 16, -8, -8, -18, -18, 2, 4, -8
