5,-6:-4, -6, 6, -2, 16
5,-6:-4, -6, 6, -2, 18
5,-6:-4, -6, 6, -2, 22, 16
5,-6:-4, -6, 6, -2, 22, 18
5,-6:-4, -6, 6, -2, 22, 20
-4,6:6, 6, 8, -4, 4, -16
-4,6:6, 6, 8, -4, 4, -14
-4,6:6, 6, 8, -4, 4, -12
10,5:-4, -12, -14, -4, -4, -6, 6
5,-6:-4, -12, 4, 6, 4, -2, 0
5,-6:-4, -12, 4, 6, 4, -2, 2
5,-14:-4, -6, -14, 6, -2, -16, -4
5,-14:-4, -6, -14, 6, -2, -16, 0
5,-14:-4, -6, -14, 6, -2, -4, -16
5,-14:-4, -6, -14, 6, -2, -4, -6
4,2:-4, -6, -8, -10, -20, -2, -8
4,2:-4, -6, -8, -10, -20, -2, -6
4,2:-4, -6, -8, -10, -20, -2, -4
4,2:-4, -6, -8, -10, -2, -8, -20
4,2:-4, -6, -8, -10, -2, -8, -10
0,-3:-4, -6, 6, -8, -12, -14, 0
0,-3:-4, -6, 6, -8, -8, 0, -18
0,-3:-4, -6, 6, -8, -8, 0, -12
5,-6:-4, -6, 6, -2, 12, 10, 18
5,-6:-4, -6, 6, -2, 22, 12, 14
5,-6:-4, -6, 6, -2, 22, 12, 16
5,-6:-4, -6, 6, -2, 22, 12, 18
4,-2:-4, 2, 6, 0, 14, -4, -6
36,-8:-4, 4, -10, 2, -16, -26, -8
36,-8:-4, 4, -10, 2, -16, -26, -6
36,-8:-4, 4, -10, 2, -16, -26, -4
8,-3:6, -4, -4, -6, 6, -2, 14
8,-3:6, -4, -4, -6, 6, -2, 16
8,-3:6, -4, -4, -6, 6, -2, 18
-4,6:6, 6, 8, -4, 4, -20, -18
-4,6:6, 6, 8, -4, 4, -20, -16
-4,6:6, 6, 8, -4, 4, -20, -14
-13,11:-4, -14, -8, 20, 22, 10, 18, -2
-13,11:-4, -14, -8, 20, 22, 10, 18, 0
-13,11:-4, -14, -8, 20, 22, 10, 18, 2
7,9:-4, -14, 14, -2, 0, -12, -4, -24
7,9:-4, -14, 14, -2, 0, -12, -4, -22
7,9:-4, -14, 14, -2, 0, -12, -4, -20
-9,9:-4, -12, -14, -4, 4, 2, -4, 8
-9,9:-4, -12, -14, -4, 4, 2, -4, 18
-9,9:-4, -12, -14, -4, 4, 2, 8, -4
-9,9:-4, -12, -14, -4, 4, 2, 8, 0
6,-12:-4, -12, 4, -6, -14, -8, -2, -12
0,-3:-4, -12, 4, 6, -8, -18, 0, -20
0,-3:-4, -12, 4, 6, -8, -18, 0, -10
5,-6:-4, -12, 4, 6, 4, -2, 6, 0
5,-6:-4, -12, 4, 6, 4, -2, 6, 2
5,-6:-4, -12, 4, 6, 4, -2, 6, 4
7,-10:-4, -6, 0, -8, -12, 0, -8, 8
7,-10:-4, -6, 0, -8, -12, 0, -8, 10
7,-10:-4, -6, 0, -8, -12, 0, -8, 12
0,-3:-4, -6, 6, -8, -10, -20, 0, -12
0,-3:-4, -6, 6, -8, -10, -20, 0, -10
0,-3:-4, -6, 6, -8, -10, -20, 0, -8
0,-3:-4, -6, 6, -8, -8, -16, 0, -20
0,-3:-4, -6, 6, -8, -8, -16, 0, -18
0,-3:-4, -6, 6, -8, -8, -16, 0, -16
16,-4:-4, -6, 6, -8, 0, 2, -10, -10
5,-6:-4, -6, 6, -2, 12, 10, 2, 12
5,-6:-4, -6, 6, -2, 12, 10, 2, 16
5,-6:-4, -6, 6, -2, 12, 10, 16, 2
5,-6:-4, -6, 6, -2, 12, 10, 16, 12
5,-6:-4, -6, 6, -2, 12, 18, 18, 4
5,-6:-4, -6, 6, -2, 12, 18, 18, 14
5,-6:-4, -6, 6, -2, 22, 12, 22, 16
5,-6:-4, -6, 6, -2, 22, 12, 22, 18
5,-6:-4, -6, 6, -2, 22, 12, 22, 20
1,-6:-4, -6, 6, 0, -8, -18, 14, -8
4,2:-4, 2, 2, -8, -4, -16, -8, -28
4,2:-4, 2, 2, -8, -4, -16, -8, -26
4,2:-4, 2, 2, -8, -4, -16, -8, -24
0,-3:-4, 2, 6, -14, -18, -6, 0, -18
0,-3:-4, 2, 6, -14, -18, -6, 0, -8
0,-3:-4, 2, 6, -14, -18, 2, 0, -18
0,-3:-4, 2, 6, -14, -18, 2, 0, -16
0,-3:-4, 2, 6, -14, -18, 2, 0, -14
36,-8:-4, 4, -10, 2, -16, -26, -12, -10
36,-8:-4, 4, -10, 2, -16, -26, -12, -8
36,-8:-4, 4, -10, 2, -16, -26, -12, -6
-10,16:-4, 4, 4, -6, 4, -8, 22, 4
-10,16:-4, 4, 4, -6, 4, -8, 22, 6
-10,16:-4, 4, 4, -6, 4, -8, 22, 8
5,-6:-4, 4, 4, 6, -6, -2, 16, 14
8,-3:6, -4, -4, -6, 6, -2, 22, 16
8,-3:6, -4, -4, -6, 6, -2, 22, 18
8,-3:6, -4, -4, -6, 6, -2, 22, 20
-1,9:6, -4, 6, 6, 8, -4, 4, -16
-1,9:6, -4, 6, 6, 8, -4, 4, -14
-1,9:6, -4, 6, 6, 8, -4, 4, -12
0,5:6, 6, -4, -4, 2, -12, 6, 8
-4,6:6, 6, -2, -4, -2, 4, 4, 0
-4,6:6, 6, -2, -4, -2, 4, 4, 2
-12,6:6, 6, -2, -4, 16, 4, 2, 8
-12,6:6, 6, -2, -4, 16, 4, 2, 18
-12,6:6, 6, -2, -4, 16, 4, 8, 2
-12,6:6, 6, -2, -4, 16, 4, 8, 6
-6,37:6, 6, -2, 12, 0, 18, 28, 6
-6,37:6, 6, -2, 12, 0, 18, 28, 8
-6,37:6, 6, -2, 12, 0, 18, 28, 10
-4,6:6, 6, 8, -4, 4, -20, -10, -16
-4,6:6, 6, 8, -4, 4, -20, -10, -14
-4,6:6, 6, 8, -4, 4, -20, -10, -12
-4,6:6, 6, 8, -4, 4, -10, -8, -16
-1,1:6, 6, 8, -4, 10, 10, 2, 14
-1,1:6, 6, 8, -4, 10, 10, 2, 20
-1,1:6, 6, 8, -4, 10, 10, 14, 2
4,5:6, 6, 8, 10, 12, 4, 6, 12
4,5:6, 6, 8, 10, 12, 4, 6, 22
4,5:6, 6, 8, 10, 12, 4, 22, 6
4,5:6, 6, 8, 10, 12, 4, 22, 8
4,5:6, 6, 8, 10, 12, 4, 22, 10
7,11:6, 6, 14, 6, 6, 6, 16, -4
19,0:-4, -14, -12, 14, -12, -14, -2, -10, 6
19,0:-4, -14, -12, 14, -12, -14, -2, -10, 8
19,0:-4, -14, -12, 14, -12, -14, -2, -10, 10
-1,2:-4, -14, -8, 10, 10, 8, 20, 12, 28
-1,2:-4, -14, -8, 10, 10, 8, 20, 12, 30
-1,2:-4, -14, -8, 10, 10, 8, 20, 12, 32
-13,11:-4, -14, -8, 20, 22, 10, 18, -6, -4
-13,11:-4, -14, -8, 20, 22, 10, 18, -6, -2
-13,11:-4, -14, -8, 20, 22, 10, 18, -6, 0
7,9:-4, -14, 10, -2, 0, -12, -4, -24, 12
7,9:-4, -14, 10, -2, 0, -12, -4, -24, 14
7,9:-4, -14, 10, -2, 0, -12, -4, -24, 16
1,-4:-4, -14, 10, 10, 16, 14, 6, -4, 8
1,-4:-4, -14, 10, 10, 16, 14, 6, -4, 18
-6,5:-4, -14, 10, 10, 16, 20, 0, 4, 14
1,-4:-4, -14, 10, 10, 16, 20, 6, -4, 12
7,9:-4, -14, 14, -2, 0, -12, -4, -28, -26
7,9:-4, -14, 14, -2, 0, -12, -4, -28, -24
7,9:-4, -14, 14, -2, 0, -12, -4, -28, -22
-9,9:-4, -12, -14, -4, 4, 2, -2, 8, 2
-9,9:-4, -12, -14, -4, 4, 2, -2, 8, 4
-9,9:-4, -12, -14, -4, 4, 2, -2, 8, 6
15,-6:-4, -12, -8, -14, 0, -14, -24, -8, -18
0,-2:-4, -12, -4, -8, -6, -4, -16, -8, -28
0,-2:-4, -12, -4, -8, -6, -4, -16, -8, -26
0,-2:-4, -12, -4, -8, -6, -4, -16, -8, -24
-7,5:-4, -6, -14, -2, 8, 10, -2, 6, -14
-7,5:-4, -6, -14, -2, 8, 10, -2, 6, -12
-7,5:-4, -6, -14, -2, 8, 10, -2, 6, -10
5,-14:-4, -6, -14, 6, -2, -10, -18, -2, -6
5,-14:-4, -6, -14, 6, -2, -10, -18, -2, -4
5,-14:-4, -6, -14, 6, -2, -10, -18, -2, -2
5,-14:-4, -6, -14, 6, -2, -10, -18, 4, -6
5,-14:-4, -6, -14, 6, -2, -10, -18, 4, -4
5,-14:-4, -6, -14, 6, -2, -10, -14, -22, 4
5,-14:-4, -6, -14, 6, -2, -10, -14, 0, -6
5,-14:-4, -6, -14, 6, -2, -10, -14, 4, -22
5,-14:-4, -6, -14, 6, -2, -10, -14, 4, -12
5,-14:-4, -6, -14, 6, -2, -10, -4, 4, -22
13,-12:-4, -6, -8, -20, -20, -20, -8, -16, 0
13,-12:-4, -6, -8, -20, -20, -20, -8, -16, 2
13,-12:-4, -6, -8, -20, -20, -20, -8, -16, 4
-6,6:-4, -6, -8, -18, -20, -10, -2, -4, 2
-6,6:-4, -6, -8, -18, -20, -10, -2, -4, 12
-6,6:-4, -6, -8, -18, -20, -10, -2, 2, -4
-6,6:-4, -6, -8, -18, -20, -10, -2, 2, 0
17,-5:-4, -6, -8, -18, -2, -14, 4, -24, -6
4,-18:-4, -6, -8, -16, -28, -28, -8, -24, -22
2,-15:-4, -6, -8, -16, -26, -12, -24, -20, -2
1,-13:-4, -6, -8, -16, -16, -28, -6, -20, -40
1,-13:-4, -6, -8, -16, -16, -28, -6, -20, -38
1,-13:-4, -6, -8, -16, -16, -28, -6, -20, -36
4,2:-4, -6, -8, -10, -2, -14, -18, -8, -10
4,2:-4, -6, -8, -10, -2, -8, -8, -36, -20
4,2:-4, -6, -8, -10, -2, -8, -8, -36, -12
4,2:-4, -6, -8, -10, -2, -8, -8, -20, -36
4,2:-4, -6, -8, -10, -2, -8, -8, -20, -28
7,-10:-4, -6, 0, -8, -12, 0, -8, 16, 10
7,-10:-4, -6, 0, -8, -12, 0, -8, 16, 12
7,-10:-4, -6, 0, -8, -12, 0, -8, 16, 14
0,-3:-4, -6, 6, -8, -18, -14, -24, 0, -10
0,-3:-4, -6, 6, -8, -18, -14, -10, 0, -24
0,-3:-4, -6, 6, -8, -18, -14, -10, 0, -14
0,-3:-4, -6, 6, -8, -12, -24, -8, 0, -20
0,-3:-4, -6, 6, -8, -12, -24, -8, 0, -14
1,-1:-4, -6, 6, -8, -12, -4, -24, 6, -4
1,-1:-4, -6, 6, -8, -12, -4, 6, -4, -24
0,-3:-4, -6, 6, -8, -10, -20, -4, 0, -10
0,-3:-4, -6, 6, -8, -10, -20, -4, 0, -8
0,-3:-4, -6, 6, -8, -10, -20, -4, 0, -6
0,-3:-4, -6, 6, -8, -8, -22, -16, 0, -24
0,-3:-4, -6, 6, -8, -8, -16, -24, 0, -22
0,-3:-4, -6, 6, -8, -8, -16, -24, 0, -20
0,-3:-4, -6, 6, -8, -8, -16, -24, 0, -18
0,-3:-4, -6, 6, -8, 0, -12, -20, 0, -2
5,-6:-4, -6, 6, -2, 12, 4, 12, 8, 4
5,-6:-4, -6, 6, -2, 12, 4, 12, 8, 6
5,-6:-4, -6, 6, -2, 12, 4, 12, 8, 8
5,-6:-4, -6, 6, -2, 12, 10, 2, 14, 18
5,-6:-4, -6, 6, -2, 12, 10, 2, 14, 20
5,-6:-4, -6, 6, -2, 12, 10, 2, 14, 22
5,-6:-4, -6, 6, -2, 12, 10, 8, 14, 0
5,-6:-4, -6, 6, -2, 12, 10, 22, 22, 14
5,-6:-4, -6, 6, -2, 12, 10, 22, 22, 26
5,-6:-4, -6, 6, -2, 12, 20, 14, 4, 0
5,-6:-4, -6, 6, -2, 12, 20, 14, 4, 4
5,-6:-4, -6, 6, -2, 12, 20, 14, 4, 12
5,-6:-4, -6, 6, -2, 22, 12, 12, 10, 18
5,-6:-4, -6, 6, -2, 22, 12, 22, 12, 14
5,-6:-4, -6, 6, -2, 22, 12, 22, 12, 16
5,-6:-4, -6, 6, -2, 22, 12, 22, 12, 18
1,2:-4, -6, 6, 0, -8, -2, 8, 14, 6
-6,10:-4, -6, 6, 10, -14, 12, 14, 2, 10
17,-5:-4, -6, 6, 10, -4, 6, -8, -22, -32
17,-5:-4, -6, 6, 10, -4, 6, -8, -22, -30
17,-5:-4, -6, 6, 10, -4, 6, -8, -22, -28
-6,10:-4, -6, 6, 10, 12, 14, 2, 10, -14
9,-12:-4, 2, 0, -8, -14, -8, -4, 2, -18
-6,4:-4, 2, 0, -8, -14, 2, -2, -2, 10
7,-3:-4, 2, 0, -8, -4, -16, -2, 2, -10
4,2:-4, 2, 2, -8, -4, -16, -8, -32, -30
4,2:-4, 2, 2, -8, -4, -16, -8, -32, -28
4,2:-4, 2, 2, -8, -4, -16, -8, -32, -26
12,3:-4, 2, 6, -14, -22, -8, -12, -18, 4
12,3:-4, 2, 6, -14, -22, -8, -12, 4, -18
12,3:-4, 2, 6, -14, -22, -8, -12, 4, -16
0,-3:-4, 2, 6, -14, -22, -6, -8, 0, -20
0,-3:-4, 2, 6, -14, -22, -6, -8, 0, -18
0,-3:-4, 2, 6, -14, -22, -6, -8, 0, -16
0,-3:-4, 2, 6, -14, -18, -22, 2, 0, -20
0,-3:-4, 2, 6, -14, -18, -22, 2, 0, -18
0,-3:-4, 2, 6, -14, -18, -22, 2, 0, -16
0,-3:-4, 2, 6, -14, -18, -18, -8, 0, -12
0,-3:-4, 2, 6, -14, -18, -18, -8, 0, -10
0,-3:-4, 2, 6, -14, -18, -18, -8, 0, -8
0,-3:-4, 2, 6, -14, -8, -12, -18, 0, -10
9,4:-4, 2, 6, -8, -14, -14, -16, 10, 4
0,-3:-4, 2, 6, -8, -14, 4, -8, 0, -14
0,-3:-4, 2, 6, -8, -14, 4, -8, 0, -12
0,-3:-4, 2, 6, -8, -14, 4, -8, 0, -10
7,-19:-4, 2, 6, -8, -4, -16, 6, -2, 0
7,-19:-4, 2, 6, -8, -4, -16, 6, -2, 6
14,-1:-4, 2, 6, -8, 2, -6, 2, -22, -12
14,-1:-4, 2, 6, -8, 2, -6, 2, -12, -22
3,16:-4, 2, 6, 4, 10, -8, -16, -12, 10
0,11:-4, 4, -10, -12, -12, -14, 6, 0, 4
0,11:-4, 4, -10, -12, -12, 6, 0, 4, -14
0,11:-4, 4, -10, -12, -12, 6, 0, 4, -4
6,8:-4, 4, -10, -8, -16, 2, -2, -2, -2
7,3:-4, 4, -10, 0, -8, -6, -18, -10, -30
7,3:-4, 4, -10, 0, -8, -6, -18, -10, -28
7,3:-4, 4, -10, 0, -8, -6, -18, -10, -26
36,-8:-4, 4, -10, 2, -16, -26, -12, -2, -8
36,-8:-4, 4, -10, 2, -16, -26, -12, -2, -6
36,-8:-4, 4, -10, 2, -16, -26, -12, -2, -4
15,-8:-4, 4, -10, 2, -16, -18, -6, -14, -12
15,-8:-4, 4, -10, 2, -16, -18, -6, -14, -8
-7,5:-4, 4, -2, -12, -2, 8, 10, -2, 6
10,-9:-4, 4, -2, -8, -10, -18, -2, 2, -16
23,1:-4, 4, -2, -8, -10, 2, -28, -16, -22
-10,16:-4, 4, 4, -6, 4, -8, 22, 12, 6
-10,16:-4, 4, 4, -6, 4, -8, 22, 12, 8
-10,16:-4, 4, 4, -6, 4, -8, 22, 12, 10
5,-6:-4, 4, 4, 6, -6, -2, 8, 16, 6
5,-6:-4, 4, 4, 6, -6, -2, 8, 16, 8
5,-6:-4, 4, 4, 6, -6, -2, 8, 16, 10
5,-6:-4, 4, 4, 6, -6, -2, 16, 4, 10
5,-6:-4, 4, 4, 6, -6, -2, 16, 4, 20
10,-14:-4, 4, 6, 4, -8, 4, -30, -20, -24
7,6:-4, 4, 6, 4, 6, 6, -2, -10, 6
13,8:6, -4, -4, -12, -14, -4, -4, -6, 6
8,-3:6, -4, -4, -12, 4, 6, 4, -2, 0
8,-3:6, -4, -4, -12, 4, 6, 4, -2, 2
8,-11:6, -4, -4, -6, -14, 6, -2, -16, -4
8,-11:6, -4, -4, -6, -14, 6, -2, -16, 0
8,-11:6, -4, -4, -6, -14, 6, -2, -4, -16
8,-11:6, -4, -4, -6, -14, 6, -2, -4, -6
7,5:6, -4, -4, -6, -8, -10, -20, -2, -8
7,5:6, -4, -4, -6, -8, -10, -20, -2, -6
7,5:6, -4, -4, -6, -8, -10, -20, -2, -4
7,5:6, -4, -4, -6, -8, -10, -2, -8, -20
7,5:6, -4, -4, -6, -8, -10, -2, -8, -10
3,0:6, -4, -4, -6, 6, -8, -12, -14, 0
3,0:6, -4, -4, -6, 6, -8, -8, 0, -18
3,0:6, -4, -4, -6, 6, -8, -8, 0, -12
8,-3:6, -4, -4, -6, 6, -2, 12, 10, 18
8,-3:6, -4, -4, -6, 6, -2, 22, 12, 14
8,-3:6, -4, -4, -6, 6, -2, 22, 12, 16
8,-3:6, -4, -4, -6, 6, -2, 22, 12, 18
7,1:6, -4, -4, 2, 6, 0, 14, -4, -6
39,-5:6, -4, -4, 4, -10, 2, -16, -26, -8
39,-5:6, -4, -4, 4, -10, 2, -16, -26, -6
39,-5:6, -4, -4, 4, -10, 2, -16, -26, -4
11,0:6, -4, 6, -4, -4, -6, 6, -2, 14
11,0:6, -4, 6, -4, -4, -6, 6, -2, 16
11,0:6, -4, 6, -4, -4, -6, 6, -2, 18
-1,9:6, -4, 6, 6, 8, -4, 4, -20, -18
-1,9:6, -4, 6, 6, 8, -4, 4, -20, -16
-1,9:6, -4, 6, 6, 8, -4, 4, -20, -14
-1,1:6, 6, -4, -4, 16, 0, 2, 16, 16
-1,1:6, 6, -4, -4, 16, 0, 2, 16, 18
-1,1:6, 6, -4, -4, 16, 0, 2, 16, 20
-1,1:6, 6, -4, -4, 16, 16, 8, 2, 10
-1,1:6, 6, -4, -4, 16, 16, 8, 2, 20
4,5:6, 6, -4, 0, 10, 6, 18, 10, 26
4,5:6, 6, -4, 0, 10, 6, 18, 10, 28
4,5:6, 6, -4, 0, 10, 6, 18, 10, 30
-4,6:6, 6, -2, -4, -2, 4, 4, -4, -2
-4,6:6, 6, -2, -4, -2, 4, 4, -4, 0
-4,6:6, 6, -2, -4, -2, 4, 4, -4, 2
-1,1:6, 6, -2, -4, 14, 10, 2, 10, 12
-1,1:6, 6, -2, -4, 14, 10, 2, 10, 22
-4,6:6, 6, -2, -2, -4, 8, 4, -16, -12
18,-9:6, 6, -2, -2, 8, -2, 10, -20, -6
18,-9:6, 6, -2, -2, 8, -2, 10, -20, -4
18,-9:6, 6, -2, -2, 8, -2, 10, -20, -2
-6,37:6, 6, -2, 12, 0, 18, 28, 14, 8
-6,37:6, 6, -2, 12, 0, 18, 28, 14, 10
-6,37:6, 6, -2, 12, 0, 18, 28, 14, 12
-10,7:6, 6, -2, 14, 8, 16, 10, 4, 14
-4,2:6, 6, 8, -4, 2, 10, -12, 20, 10
-4,6:6, 6, 8, -4, 4, -20, -10, -20, -18
-4,6:6, 6, 8, -4, 4, -20, -10, -20, -16
-4,6:6, 6, 8, -4, 4, -20, -10, -20, -14
-4,6:6, 6, 8, -4, 4, -10, -20, -16, -12
-4,6:6, 6, 8, -4, 4, -10, -20, -16, -2
-4,6:6, 6, 8, -4, 4, -10, -18, 0, -14
-4,6:6, 6, 8, -4, 4, -10, -18, 0, -10
-4,6:6, 6, 8, -4, 4, -10, -8, -14, -10
-4,6:6, 6, 8, -4, 4, -10, -8, -14, 0
-2,17:6, 6, 8, -4, 10, 2, 0, 12, 12
-1,1:6, 6, 8, -4, 10, 10, 2, 18, 18
-1,1:6, 6, 8, -4, 10, 10, 2, 18, 20
-1,1:6, 6, 8, -4, 10, 10, 2, 18, 22
-1,1:6, 6, 8, -4, 10, 12, 2, 22, 10
-1,1:6, 6, 8, -4, 10, 12, 2, 22, 12
-1,1:6, 6, 8, -4, 10, 12, 2, 22, 14
-8,8:6, 6, 8, 2, 10, 14, 2, 10, -10
-8,8:6, 6, 8, 2, 10, 14, 2, 10, -8
-8,8:6, 6, 8, 2, 10, 14, 2, 10, -6
11,-8:6, 6, 14, 6, 16, -2, -16, -4, 2
11,-8:6, 6, 14, 6, 16, -2, -16, -4, 6
11,-8:6, 6, 14, 6, 16, -2, -4, 2, -16
11,-8:6, 6, 14, 6, 16, -2, -4, 2, -6
11,8:6, 6, 16, -16, 4, 2, 14, 6, 22
11,8:6, 6, 16, -16, 4, 2, 14, 6, 24
11,8:6, 6, 16, -16, 4, 2, 14, 6, 26
10,12:-4, -14, -12, -2, 14, -2, 0, -12, -4, -24
10,12:-4, -14, -12, -2, 14, -2, 0, -12, -4, -22
10,12:-4, -14, -12, -2, 14, -2, 0, -12, -4, -20
19,0:-4, -14, -12, 14, -12, -14, -2, -10, 14, 8
19,0:-4, -14, -12, 14, -12, -14, -2, -10, 14, 10
19,0:-4, -14, -12, 14, -12, -14, -2, -10, 14, 12
-1,2:-4, -14, -8, 10, 10, 8, 20, 12, 36, 30
-1,2:-4, -14, -8, 10, 10, 8, 20, 12, 36, 32
-1,2:-4, -14, -8, 10, 10, 8, 20, 12, 36, 34
-10,14:-4, -14, -8, 10, 20, 20, 22, 10, 18, -2
-10,14:-4, -14, -8, 10, 20, 20, 22, 10, 18, 0
-10,14:-4, -14, -8, 10, 20, 20, 22, 10, 18, 2
-9,10:-4, -14, -8, 20, 10, 10, 16, 2, 20, 22
-13,11:-4, -14, -8, 20, 12, 10, 12, 18, 18, 14
-13,11:-4, -14, -8, 20, 12, 10, 12, 18, 18, 16
-21,11:-4, -14, -8, 20, 12, 10, 30, 18, 16, 22
-21,11:-4, -14, -8, 20, 12, 10, 30, 18, 16, 32
-21,11:-4, -14, -8, 20, 12, 10, 30, 18, 22, 16
-21,11:-4, -14, -8, 20, 12, 10, 30, 18, 22, 20
-15,42:-4, -14, -8, 20, 12, 26, 14, 32, 42, 20
-15,42:-4, -14, -8, 20, 12, 26, 14, 32, 42, 22
-15,42:-4, -14, -8, 20, 12, 26, 14, 32, 42, 24
-13,11:-4, -14, -8, 20, 22, 10, 18, -6, 4, -2
-13,11:-4, -14, -8, 20, 22, 10, 18, -6, 4, 0
-13,11:-4, -14, -8, 20, 22, 10, 18, -6, 4, 2
-13,11:-4, -14, -8, 20, 22, 10, 18, 4, 6, -2
-10,6:-4, -14, -8, 20, 22, 10, 24, 24, 16, 28
-10,6:-4, -14, -8, 20, 22, 10, 24, 24, 16, 34
-10,6:-4, -14, -8, 20, 22, 10, 24, 24, 28, 16
-5,10:-4, -14, -8, 20, 22, 24, 26, 18, 20, 26
-5,10:-4, -14, -8, 20, 22, 24, 26, 18, 20, 36
-5,10:-4, -14, -8, 20, 22, 24, 26, 18, 36, 20
-5,10:-4, -14, -8, 20, 22, 24, 26, 18, 36, 22
-5,10:-4, -14, -8, 20, 22, 24, 26, 18, 36, 24
-2,16:-4, -14, -8, 20, 28, 20, 20, 20, 30, 10
10,1:-4, -14, 10, -2, -12, 20, 10, 12, 4, -6
7,9:-4, -14, 10, -2, 0, -12, -4, -24, 20, 14
7,9:-4, -14, 10, -2, 0, -12, -4, -24, 20, 16
7,9:-4, -14, 10, -2, 0, -12, -4, -24, 20, 18
15,-4:-4, -14, 10, -2, 0, -12, 2, 2, 20, 18
2,8:-4, -14, 10, -2, 0, 20, 10, 2, -4, 14
-1,-6:-4, -14, 10, 10, 8, 0, 20, 12, 2, 10
-1,-6:-4, -14, 10, 10, 8, 0, 20, 12, 2, 14
-1,-6:-4, -14, 10, 10, 8, 0, 20, 12, 10, 2
-6,5:-4, -14, 10, 10, 16, 20, 0, 8, 14, 0
-6,5:-4, -14, 10, 10, 16, 20, 0, 8, 14, 4
-6,5:-4, -14, 10, 10, 16, 20, 0, 10, 14, -2
-6,5:-4, -14, 10, 10, 16, 20, 0, 10, 14, 8
1,-4:-4, -14, 10, 10, 16, 20, 6, -4, 10, 20
1,-4:-4, -14, 10, 10, 16, 20, 6, -4, 10, 22
1,-4:-4, -14, 10, 10, 16, 20, 6, -4, 10, 24
1,-4:-4, -14, 10, 10, 16, 20, 6, -4, 20, 6
1,-4:-4, -14, 10, 10, 16, 20, 6, -4, 20, 14
1,-4:-4, -14, 10, 10, 16, 20, 14, 6, -4, 14
1,-4:-4, -14, 10, 10, 18, 20, 18, 6, -4, 20
1,-4:-4, -14, 10, 10, 18, 20, 18, 6, 20, -4
-10,14:-4, -14, 10, 20, 20, 22, 10, 18, 0, -8
-10,14:-4, -14, 10, 20, 20, 22, 10, 18, 0, -6
-10,14:-4, -14, 10, 20, 20, 22, 10, 18, 0, -4
11,8:-4, -14, 14, -2, -12, -12, -6, -20, -2, 0
7,9:-4, -14, 14, -2, -10, -12, -10, -4, -4, -8
7,9:-4, -14, 14, -2, -10, -12, -10, -4, -4, -6
-1,9:-4, -14, 14, -2, -10, -12, 8, -4, -6, 0
-1,9:-4, -14, 14, -2, -10, -12, 8, -4, -6, 10
-1,9:-4, -14, 14, -2, -10, -12, 8, -4, 0, -6
-1,9:-4, -14, 14, -2, -10, -12, 8, -4, 0, -2
5,40:-4, -14, 14, -2, -10, 4, -8, 10, 20, -2
5,40:-4, -14, 14, -2, -10, 4, -8, 10, 20, 0
5,40:-4, -14, 14, -2, -10, 4, -8, 10, 20, 2
7,9:-4, -14, 14, -2, 0, -12, -4, -28, -18, -24
7,9:-4, -14, 14, -2, 0, -12, -4, -28, -18, -22
7,9:-4, -14, 14, -2, 0, -12, -4, -28, -18, -20
7,9:-4, -14, 14, -2, 0, -12, -4, -18, -16, -24
10,4:-4, -14, 14, -2, 0, -12, 2, 2, -6, 6
10,4:-4, -14, 14, -2, 0, -12, 2, 2, -6, 12
10,4:-4, -14, 14, -2, 0, -12, 2, 2, 6, -6
15,8:-4, -14, 14, -2, 0, 2, 4, -4, -2, 4
15,8:-4, -14, 14, -2, 0, 2, 4, -4, -2, 14
15,8:-4, -14, 14, -2, 0, 2, 4, -4, 14, -2
15,8:-4, -14, 14, -2, 0, 2, 4, -4, 14, 0
15,8:-4, -14, 14, -2, 0, 2, 4, -4, 14, 2
18,14:-4, -14, 14, -2, 6, -2, -2, -2, 8, -12
5,-14:-4, -12, -14, -4, -4, -10, -16, -4, 6, -2
-9,9:-4, -12, -14, -4, 4, 2, -4, 12, 16, 8
-9,9:-4, -12, -14, -4, 4, 2, -2, -2, 8, 0
-9,9:-4, -12, -14, -4, 4, 2, -2, -2, 8, 2
-9,9:-4, -12, -14, -4, 4, 2, -2, -2, 8, 4
-9,9:-4, -12, -14, -4, 4, 2, 8, 6, 0, 2
-9,9:-4, -12, -14, -4, 4, 2, 8, 6, 0, 12
-9,9:-4, -12, -14, -4, 4, 2, 8, 6, 4, 2
-9,9:-4, -12, -14, -4, 4, 2, 8, 6, 4, 4
-9,9:-4, -12, -14, -4, 4, 2, 8, 6, 4, 6
-9,9:-4, -12, -14, -4, 4, 2, 8, 6, 6, -2
-7,7:-4, -12, -14, -4, 4, 2, 8, 6, 6, 10
10,-3:-4, -12, -14, 4, -6, -8, 4, -4, -2, 2
10,-3:-4, -12, -14, 4, -6, -8, 4, -4, -2, 6
23,9:-4, -12, -14, 4, -6, 0, 4, 2, -16, -20
23,9:-4, -12, -14, 4, -6, 0, 4, 2, -16, -18
23,9:-4, -12, -14, 4, -6, 0, 4, 2, -16, -16
9,-14:-4, -12, -8, -18, -14, -18, -6, 2, -14, -8
9,-14:-4, -12, -8, -18, -14, -18, -6, 2, -14, -6
9,-14:-4, -12, -8, -18, -14, -18, -6, 2, -14, -4
9,-14:-4, -12, -8, -18, -14, -8, -8, -6, -18, -14
9,-7:-4, -12, -8, -14, -22, -22, 2, 4, -16, 4
9,-7:-4, -12, -8, -14, -22, -22, 2, 4, -16, 6
9,-7:-4, -12, -8, -14, -22, -22, 2, 4, -16, 8
9,-7:-4, -12, -8, -14, -22, -22, 2, 4, 4, -16
9,-7:-4, -12, -8, -14, -20, -22, 0, -10, -16, 0
9,-7:-4, -12, -8, -14, -20, -22, 0, -10, -16, 10
-1,-11:-4, -12, -8, -14, -10, -16, -14, -14, -2, -10
19,-12:-4, -12, -8, -14, 2, 4, -24, -28, -20, -14
19,-12:-4, -12, -8, -14, 2, 4, -24, -28, -14, -10
19,-12:-4, -12, -8, -14, 2, 4, -24, -28, -10, -16
19,-12:-4, -12, -8, -14, 2, 4, -24, -28, -10, -14
19,-12:-4, -12, -8, -14, 2, 4, -24, -28, -10, -12
19,-12:-4, -12, -8, -14, 2, 4, -24, -10, -14, -28
5,-1:-4, -12, -8, -4, -14, 0, -20, -16, -20, 2
5,-1:-4, -12, -8, -4, -14, 0, -20, -16, 2, -20
4,3:-4, -12, -8, -2, -2, -4, 8, -10, 0, 2
7,-4:-4, -12, -8, -2, -2, 6, -12, -14, -14, -10
7,-4:-4, -12, -8, -2, -2, 6, -12, -14, -14, -8
7,-4:-4, -12, -8, -2, -2, 6, -12, -14, -14, -6
12,-11:-4, -12, -4, -8, -16, -16, -18, -6, -14, 2
12,-11:-4, -12, -4, -8, -16, -16, -18, -6, -14, 4
12,-11:-4, -12, -4, -8, -16, -16, -18, -6, -14, 6
0,-2:-4, -12, -4, -8, -6, -4, -16, -8, -32, -30
0,-2:-4, -12, -4, -8, -6, -4, -16, -8, -32, -28
0,-2:-4, -12, -4, -8, -6, -4, -16, -8, -32, -26
3,9:-4, -12, -4, -2, 2, 4, -8, 0, -20, -4
3,9:-4, -12, -4, -2, 2, 4, -8, 0, -20, 0
3,9:-4, -12, -4, -2, 2, 4, -8, 0, -4, -20
3,9:-4, -12, -4, -2, 2, 4, -8, 0, -4, -18
3,9:-4, -12, -4, -2, 2, 4, -8, 0, -4, -16
6,6:-4, -12, -4, 2, 2, -6, -2, -14, -6, -26
6,6:-4, -12, -4, 2, 2, -6, -2, -14, -6, -24
6,6:-4, -12, -4, 2, 2, -6, -2, -14, -6, -22
12,-14:-4, -12, 4, -6, 0, -2, -10, 2, -18, -10
12,-14:-4, -12, 4, -6, 0, -2, -10, 2, -18, -8
12,-14:-4, -12, 4, -6, 0, -2, -10, 2, -18, -6
12,-14:-4, -12, 4, -6, 0, -2, -10, 2, -10, -18
12,-14:-4, -12, 4, -6, 0, -2, -10, 2, -10, -14
9,-2:-4, -12, 4, 4, -6, -6, -8, -10, -4, -18
0,-3:-4, -12, 4, 6, -8, -14, 0, -2, -34, -30
5,-6:-4, -12, 4, 6, 4, -2, 6, 6, 8, 0
6,-12:-4, -12, 4, 6, 4, 6, -8, -18, 4, -4
9,8:-4, -12, 4, 6, 6, 6, 6, 6, -14, 10
9,8:-4, -12, 4, 6, 6, 6, 6, 6, -14, 12
9,8:-4, -12, 4, 6, 6, 6, 6, 6, -14, 14
9,8:-4, -12, 4, 6, 6, 6, 6, 6, 10, -14
9,8:-4, -12, 4, 6, 6, 6, 6, 6, 10, -8
-1,-9:-4, -12, 4, 6, 10, 0, 2, -10, -10, -14
5,-4:-4, -6, -14, -2, -2, -2, -4, 8, 0, 16
5,-4:-4, -6, -14, -2, -2, -2, -4, 8, 0, 18
5,-4:-4, -6, -14, -2, -2, -2, -4, 8, 0, 20
-7,5:-4, -6, -14, -2, 8, 10, -2, 6, -18, -16
-7,5:-4, -6, -14, -2, 8, 10, -2, 6, -18, -14
-7,5:-4, -6, -14, -2, 8, 10, -2, 6, -18, -12
5,-14:-4, -6, -14, 6, -2, -10, -20, -22, -4, -2
5,-14:-4, -6, -14, 6, -2, -10, -20, -22, 4, -6
5,-14:-4, -6, -14, 6, -2, -10, -20, -22, 4, -2
5,-14:-4, -6, -14, 6, -2, -10, -18, -2, 2, -4
5,-14:-4, -6, -14, 6, -2, -10, -18, -2, 2, -2
5,-14:-4, -6, -14, 6, -2, -10, -18, -2, 2, 0
5,-14:-4, -6, -14, 6, -2, -10, -18, 4, 2, 0
5,-14:-4, -6, -14, 6, -2, -10, -14, -22, -10, -2
5,-14:-4, -6, -14, 6, -2, -10, -14, -22, -10, 2
5,-14:-4, -6, -14, 6, -2, -10, -14, -22, -6, 0
5,-14:-4, -6, -14, 6, -2, -10, -14, -22, -6, 2
5,-14:-4, -6, -14, 6, -2, -10, -14, -22, -6, 4
5,-14:-4, -6, -14, 6, -2, -10, -14, -22, 0, -12
5,-14:-4, -6, -14, 6, -2, -10, -14, -22, 0, -8
5,-14:-4, -6, -14, 6, -2, -10, -14, -4, -18, 0
5,-14:-4, -6, -14, 6, -2, -10, -14, -4, -18, 2
5,-14:-4, -6, -14, 6, -2, -10, -14, -4, -4, -12
5,-14:-4, -6, -14, 6, -2, -10, -14, -4, 0, -18
5,-14:-4, -6, -14, 6, -2, -10, -14, -4, 0, -14
5,-14:-4, -6, -14, 6, -2, -10, -6, -18, -20, -18
5,-14:-4, -6, -14, 6, -2, -10, -6, -18, -20, -8
5,-14:-4, -6, -14, 6, -2, -10, -6, -18, -8, -20
5,-14:-4, -6, -14, 6, -2, -10, -6, -18, -8, -18
5,-14:-4, -6, -14, 6, -2, -10, -6, -18, -8, -16
5,-14:-4, -6, -14, 6, -2, -10, -6, -4, 0, -18
5,-14:-4, -6, -14, 6, -2, -10, -6, 0, -6, -20
5,-14:-4, -6, -14, 6, -2, -10, -6, 0, -6, -10
2,1:-4, -6, -14, 6, 0, 8, 4, 16, 8, 24
2,1:-4, -6, -14, 6, 0, 8, 4, 16, 8, 26
2,1:-4, -6, -14, 6, 0, 8, 4, 16, 8, 28
5,-2:-4, -6, -14, 6, 4, 0, -2, 10, 2, 18
5,-2:-4, -6, -14, 6, 4, 0, -2, 10, 2, 20
5,-2:-4, -6, -14, 6, 4, 0, -2, 10, 2, 22
13,-12:-4, -6, -8, -20, -20, -20, -8, -16, 8, 2
13,-12:-4, -6, -8, -20, -20, -20, -8, -16, 8, 4
13,-12:-4, -6, -8, -20, -20, -20, -8, -16, 8, 6
9,-14:-4, -6, -8, -18, -4, -14, -18, -6, -14, 2
9,-14:-4, -6, -8, -18, -4, -14, -18, -6, -14, 4
9,-14:-4, -6, -8, -18, -4, -14, -18, -6, -14, 6
-2,-4:-4, -6, -8, -18, -2, -14, 4, -24, -24, -2
17,-5:-4, -6, -8, -18, -2, -14, 4, -24, -12, -12
17,-5:-4, -6, -8, -18, -2, -14, 4, -24, -12, -10
17,-5:-4, -6, -8, -18, -2, -14, 4, -24, -12, -8
17,-5:-4, -6, -8, -18, -2, -14, 4, -24, -8, -10
17,-5:-4, -6, -8, -18, -2, -14, 4, -24, -8, -8
17,-5:-4, -6, -8, -18, -2, -14, 4, -24, -8, -2
-2,-4:-4, -6, -8, -18, -2, -14, 4, -24, -2, -24
-2,-4:-4, -6, -8, -18, -2, -14, 4, -24, -2, -16
17,-5:-4, -6, -8, -18, -2, -14, 4, -24, -2, -4
17,-5:-4, -6, -8, -18, -2, -14, 4, -24, -2, 4
5,-14:-4, -6, -8, -16, -28, -28, -26, -22, -10, 2
5,-14:-4, -6, -8, -16, -28, -28, -26, -22, -10, 6
4,-18:-4, -6, -8, -16, -28, -28, -8, -14, -22, -14
4,-18:-4, -6, -8, -16, -28, -28, -8, -14, -22, -12
4,-18:-4, -6, -8, -16, -28, -28, -8, -14, -22, -10
1,-14:-4, -6, -8, -16, -28, -22, -14, -4, -26, -18
1,-14:-4, -6, -8, -16, -28, -22, -14, -4, -26, -16
1,-14:-4, -6, -8, -16, -28, -22, -14, -4, -26, -14
12,13:-4, -6, -8, -16, -26, -20, -22, -4, -6, -6
2,-15:-4, -6, -8, -16, -26, -12, -24, -20, -10, -2
2,-15:-4, -6, -8, -16, -26, -12, -24, -20, -10, 0
2,-15:-4, -6, -8, -16, -26, -12, -24, -20, -10, 2
4,-18:-4, -6, -8, -16, -16, -28, -14, -14, -22, 2
1,-13:-4, -6, -8, -16, -16, -28, -6, -20, -44, -42
1,-13:-4, -6, -8, -16, -16, -28, -6, -20, -44, -40
1,-13:-4, -6, -8, -16, -16, -28, -6, -20, -44, -38
24,-1:-4, -6, -8, -10, -20, -10, -10, -22, -16, -4
24,-1:-4, -6, -8, -10, -20, -10, -10, -22, -16, -2
24,-1:-4, -6, -8, -10, -20, -10, -10, -22, -16, 0
24,-1:-4, -6, -8, -10, -20, -10, -10, -22, -10, -12
24,-1:-4, -6, -8, -10, -20, -10, -10, -22, -4, -16
24,-1:-4, -6, -8, -10, -20, -10, -10, -22, -4, -14
5,13:-4, -6, -8, -10, -20, -10, 4, 6, -6, 2
14,3:-4, -6, -8, -10, -14, -10, -14, 0, -10, -22
1,5:-4, -6, -8, -10, -14, 0, 2, -10, -2, -14
1,5:-4, -6, -8, -10, -14, 0, 2, -10, -2, -12
1,5:-4, -6, -8, -10, -14, 0, 2, -10, -2, -10
24,-1:-4, -6, -8, -10, -10, -10, -22, -16, -4, -10
4,2:-4, -6, -8, -10, -2, -14, -18, -26, -8, -16
4,2:-4, -6, -8, -10, -2, -14, -18, -26, -8, -12
4,2:-4, -6, -8, -10, -2, -14, -18, -12, -8, -26
4,2:-4, -6, -8, -10, -2, -14, -18, -12, -8, -16
4,2:-4, -6, -8, -10, -2, -14, -8, -10, -10, -24
4,2:-4, -6, -8, -10, -2, -14, -8, -10, -10, -14
4,2:-4, -6, -8, -10, -2, -8, -8, -36, -16, -20
4,2:-4, -6, -8, -10, -2, -8, -8, -36, -16, -18
4,2:-4, -6, -8, -10, -2, -8, -8, -36, -16, -16
4,2:-4, -6, -8, -10, -2, -8, -8, -32, -20, -36
4,2:-4, -6, -8, -10, -2, -8, -8, -32, -20, -34
4,2:-4, -6, -8, -10, -2, -8, -8, -32, -20, -32
11,-16:-4, -6, -8, -4, -14, -20, -14, -10, -4, -24
-4,0:-4, -6, -8, -4, -14, -20, -4, -8, -8, 4
12,1:-4, -6, 0, -8, -18, -20, -10, -10, -12, 0
7,-10:-4, -6, 0, -8, -18, -2, 0, -2, -8, -6
7,-10:-4, -6, 0, -8, -18, -2, 0, -2, -8, -4
7,-18:-4, -6, 0, -8, -12, -20, 0, -8, -22, -10
7,-18:-4, -6, 0, -8, -12, -20, 0, -8, -22, -6
7,-18:-4, -6, 0, -8, -12, -20, 0, -8, -10, -22
7,-18:-4, -6, 0, -8, -12, -20, 0, -8, -10, -12
6,-2:-4, -6, 0, -8, -12, -14, -16, -26, -8, -14
6,-2:-4, -6, 0, -8, -12, -14, -16, -26, -8, -12
6,-2:-4, -6, 0, -8, -12, -14, -16, -26, -8, -10
6,-2:-4, -6, 0, -8, -12, -14, -16, -8, -14, -26
6,-2:-4, -6, 0, -8, -12, -14, -16, -8, -14, -16
2,-7:-4, -6, 0, -8, -12, 0, -14, -18, -20, -6
2,-7:-4, -6, 0, -8, -12, 0, -14, -14, -6, -24
2,-7:-4, -6, 0, -8, -12, 0, -14, -14, -6, -18
7,-10:-4, -6, 0, -8, -12, 0, -8, 6, 4, 12
7,-10:-4, -6, 0, -8, -12, 0, -8, 16, 6, 8
7,-10:-4, -6, 0, -8, -12, 0, -8, 16, 6, 10
7,-10:-4, -6, 0, -8, -12, 0, -8, 16, 6, 12
6,-6:-4, -6, 0, -8, -4, 0, -6, 8, -10, -12
38,-12:-4, -6, 0, -8, -2, -16, -4, -22, -32, -14
38,-12:-4, -6, 0, -8, -2, -16, -4, -22, -32, -12
38,-12:-4, -6, 0, -8, -2, -16, -4, -22, -32, -10
0,-3:-4, -6, 6, -8, -18, -14, -24, -26, 0, -16
0,-3:-4, -6, 6, -8, -18, -14, -24, -26, 0, -12
0,-3:-4, -6, 6, -8, -18, -14, -24, -12, 0, -26
0,-3:-4, -6, 6, -8, -18, -14, -24, -12, 0, -16
4,-5:-4, -6, 6, -8, -18, -10, 4, -16, -20, -16
0,-3:-4, -6, 6, -8, -12, -28, -8, -14, 0, -18
0,-3:-4, -6, 6, -8, -12, -28, -8, -14, 0, -16
0,-3:-4, -6, 6, -8, -12, -28, -8, -14, 0, -14
6,-8:-4, -6, 6, -8, -12, -28, 6, -4, -20, -14
0,-3:-4, -6, 6, -8, -12, -24, -20, -12, 0, -8
0,-3:-4, -6, 6, -8, -12, -24, -20, -12, 0, -6
9,-5:-4, -6, 6, -8, -12, -24, -20, -12, 10, -4
0,-3:-4, -6, 6, -8, -12, -24, -16, -8, 0, -16
0,-3:-4, -6, 6, -8, -12, -24, -16, -8, 0, -14
0,-3:-4, -6, 6, -8, -12, -24, -16, -8, 0, -12
0,-3:-4, -6, 6, -8, -12, -16, -14, -8, 0, -24
0,-3:-4, -6, 6, -8, -12, -16, -14, -8, 0, -22
0,-3:-4, -6, 6, -8, -12, -16, -14, -8, 0, -20
0,-3:-4, -6, 6, -8, -12, -16, -8, -16, 0, -24
0,-3:-4, -6, 6, -8, -12, -16, -8, -16, 0, -20
0,-3:-4, -6, 6, -8, -12, -16, -8, -8, 0, -16
0,-3:-4, -6, 6, -8, -12, -8, -12, -16, 0, -24
1,-1:-4, -6, 6, -8, -12, -4, -20, 6, -4, -26
1,-1:-4, -6, 6, -8, -12, -4, -20, 6, -4, -24
1,-1:-4, -6, 6, -8, -12, -4, -20, 6, -4, -22
1,-1:-4, -6, 6, -8, -12, -4, 6, -4, -22, -26
0,-3:-4, -6, 6, -8, -10, -20, -14, -16, 0, -8
0,-3:-4, -6, 6, -8, -10, -20, -4, -14, 0, -12
0,-3:-4, -6, 6, -8, -10, -20, -4, -14, 0, -10
0,-3:-4, -6, 6, -8, -10, -20, -4, -14, 0, -8
0,-3:-4, -6, 6, -8, -10, 0, -18, -20, -28, -16
0,-3:-4, -6, 6, -8, -8, -22, -28, -24, 0, -20
0,-3:-4, -6, 6, -8, -8, -22, -28, -24, 0, -10
0,-3:-4, -6, 6, -8, -8, -22, -26, -8, 0, -22
0,-3:-4, -6, 6, -8, -8, -22, -26, -8, 0, -18
0,-3:-4, -6, 6, -8, -8, -22, -16, -22, 0, -18
0,-3:-4, -6, 6, -8, -8, -22, 0, -8, -40, -18
0,-3:-4, -6, 6, -8, -8, -22, 0, -8, -40, -16
0,-3:-4, -6, 6, -8, -8, -22, 0, -8, -40, -14
0,-3:-4, -6, 6, -8, -8, -22, 0, -8, -18, -40
0,-3:-4, -6, 6, -8, -8, -22, 0, -8, -18, -38
0,-3:-4, -6, 6, -8, -8, -22, 0, -8, -18, -36
0,-3:-4, -6, 6, -8, -8, -16, -24, -14, 0, -20
0,-3:-4, -6, 6, -8, -8, -16, -24, -14, 0, -18
0,-3:-4, -6, 6, -8, -8, -16, -24, -14, 0, -16
0,-3:-4, -6, 6, -8, -8, -16, -14, -12, 0, -20
0,-3:-4, -6, 6, -8, 0, -12, -20, -12, 0, -16
0,-3:-4, -6, 6, -8, 0, -12, -20, -12, 0, -14
0,-3:-4, -6, 6, -8, 0, -12, -20, -12, 0, -12
16,-4:-4, -6, 6, -8, 0, 2, -10, -8, -36, -12
16,-4:-4, -6, 6, -8, 0, 2, -10, -8, -12, -36
16,-4:-4, -6, 6, -8, 0, 2, -10, -8, -12, -28
-9,-4:-4, -6, 6, -2, -14, 12, 10, 22, 14, 30
-9,-4:-4, -6, 6, -2, -14, 12, 10, 22, 14, 32
-9,-4:-4, -6, 6, -2, -14, 12, 10, 22, 14, 34
12,-17:-4, -6, 6, -2, -10, -4, 14, -12, -26, -14
12,-17:-4, -6, 6, -2, -10, -4, 14, -12, -26, -10
12,-17:-4, -6, 6, -2, -10, -4, 14, -12, -14, -26
12,-17:-4, -6, 6, -2, -10, -4, 14, -12, -14, -16
5,-6:-4, -6, 6, -2, 12, 4, 12, 8, 0, 2
5,-6:-4, -6, 6, -2, 12, 4, 12, 8, 0, 4
5,-6:-4, -6, 6, -2, 12, 4, 12, 8, 0, 6
5,-6:-4, -6, 6, -2, 12, 4, 12, 18, 18, 6
5,-6:-4, -6, 6, -2, 12, 4, 12, 18, 18, 16
5,-6:-4, -6, 6, -2, 12, 10, 2, 14, 14, 16
5,-6:-4, -6, 6, -2, 12, 10, 2, 14, 14, 18
5,-6:-4, -6, 6, -2, 12, 10, 2, 14, 14, 20
5,-6:-4, -6, 6, -2, 12, 10, 2, 22, 16, 18
5,-6:-4, -6, 6, -2, 12, 10, 2, 22, 16, 28
5,-6:-4, -6, 6, -2, 12, 10, 2, 22, 20, 18
5,-6:-4, -6, 6, -2, 12, 10, 2, 22, 20, 20
5,-6:-4, -6, 6, -2, 12, 10, 2, 22, 20, 22
5,-6:-4, -6, 6, -2, 12, 10, 2, 22, 22, 14
5,-6:-4, -6, 6, -2, 12, 10, 8, -2, 12, 6
5,-6:-4, -6, 6, -2, 12, 10, 16, 8, 4, 12
5,-6:-4, -6, 6, -2, 12, 18, 16, 8, 12, 8
5,-6:-4, -6, 6, -2, 12, 18, 18, 8, 12, 4
5,-6:-4, -6, 6, -2, 12, 18, 22, 16, 30, 10
5,-6:-4, -6, 6, -2, 12, 20, 6, 4, 2, 12
5,-6:-4, -6, 6, -2, 12, 20, 6, 4, 2, 16
5,-6:-4, -6, 6, -2, 12, 20, 6, 4, 2, 22
5,-6:-4, -6, 6, -2, 12, 20, 6, 18, 12, 2
5,-6:-4, -6, 6, -2, 12, 20, 6, 18, 12, 4
5,-6:-4, -6, 6, -2, 12, 20, 6, 18, 12, 6
5,-6:-4, -6, 6, -2, 12, 20, 14, 4, 10, 12
5,-6:-4, -6, 6, -2, 12, 20, 14, 4, 10, 22
5,-6:-4, -6, 6, -2, 12, 20, 14, 4, 16, 2
5,-6:-4, -6, 6, -2, 12, 20, 14, 4, 16, 12
5,-6:-4, -6, 6, -2, 12, 20, 20, 10, 18, 30
19,-18:-4, -6, 6, -2, 14, -12, -12, -20, -34, -22
19,-18:-4, -6, 6, -2, 14, -12, -12, -20, -34, -18
19,-18:-4, -6, 6, -2, 14, -12, -12, -20, -22, -34
19,-18:-4, -6, 6, -2, 14, -12, -12, -20, -22, -24
5,-6:-4, -6, 6, -2, 22, 12, 12, 10, 2, 12
5,-6:-4, -6, 6, -2, 22, 12, 12, 10, 2, 16
5,-6:-4, -6, 6, -2, 22, 12, 12, 10, 16, 2
5,-6:-4, -6, 6, -2, 22, 12, 12, 10, 16, 12
5,-6:-4, -6, 6, -2, 22, 12, 12, 18, 18, 4
5,-6:-4, -6, 6, -2, 22, 12, 12, 18, 18, 14
5,-6:-4, -6, 6, -2, 22, 12, 22, 12, 22, 16
5,-6:-4, -6, 6, -2, 22, 12, 22, 12, 22, 18
5,-6:-4, -6, 6, -2, 22, 12, 22, 12, 22, 20
5,-6:-4, -6, 6, -2, 22, 12, 22, 22, 24, 16
4,0:-4, -6, 6, 0, -8, -18, -20, -10, 6, -4
5,-10:-4, -6, 6, 0, -8, -18, -20, -2, 10, -12
4,0:-4, -6, 6, 0, -8, -18, -10, 6, -4, -20
4,0:-4, -6, 6, 0, -8, -18, -10, 6, -4, -10
11,-11:-4, -6, 6, 0, -8, -18, 14, 2, 0, -14
7,-10:-4, -6, 6, 0, -8, -12, 0, 2, 14, -8
6,-13:-4, -6, 6, 0, -8, -2, 0, 2, -10, 4
6,-13:-4, -6, 6, 0, -8, -2, 0, 2, -10, 14
6,-13:-4, -6, 6, 0, -8, -2, 0, 2, 14, -10
6,3:-4, -6, 6, 0, -8, 10, 6, -16, -2, 0
23,-3:-4, -6, 6, 0, -8, 14, -6, -16, -14, -16
-3,4:-4, -6, 6, 0, 8, 4, 16, 0, 4, 10
-3,4:-4, -6, 6, 0, 8, 4, 16, 0, 10, 4
2,1:-4, -6, 6, 0, 8, 4, 16, 8, 24, -14
0,-6:-4, -6, 6, 0, 8, 14, 0, -2, -4, 10
-9,13:-4, -6, 6, 0, 8, 14, 0, 16, 22, 30
-9,13:-4, -6, 6, 0, 8, 14, 0, 16, 22, 32
-9,13:-4, -6, 6, 0, 8, 14, 0, 16, 22, 34
-6,10:-4, -6, 6, 6, 2, 12, 12, 14, 2, 10
5,0:-4, -6, 6, 10, -14, 2, 2, 0, 6, 0
7,5:-4, -6, 6, 10, -10, -14, -4, -4, 0, -2
3,4:-4, -6, 6, 10, -10, 0, -4, -12, 10, -14
7,10:-4, -6, 6, 10, -10, 0, 4, -14, 2, -6
-6,10:-4, -6, 6, 10, -10, 0, 12, 14, 2, 10
-6,10:-4, -6, 6, 10, -10, 12, 14, 2, 10, -10
-6,10:-4, -6, 6, 10, -10, 12, 14, 2, 10, -8
-6,10:-4, -6, 6, 10, -10, 12, 14, 2, 10, -6
-3,3:-4, -6, 6, 10, -6, -16, 2, -8, -10, -4
-3,3:-4, -6, 6, 10, -6, -16, 2, -8, -10, 6
-3,3:-4, -6, 6, 10, -6, -16, 2, -8, -4, -10
-3,3:-4, -6, 6, 10, -6, -16, 2, -8, -4, -6
-2,5:-4, -6, 6, 10, 12, -6, -10, -4, 4, 22
-2,5:-4, -6, 6, 10, 12, -6, -10, -4, 14, 22
-2,5:-4, -6, 6, 10, 12, -6, -10, 4, 22, -4
-2,5:-4, -6, 6, 10, 12, -6, -4, 4, 22, -10
-2,5:-4, -6, 6, 10, 12, -6, -4, 4, 22, -6
-2,8:-4, -6, 6, 10, 12, 14, 4, 4, 16, 10
-3,-7:-4, 2, 0, -8, -4, -10, -8, -8, 0, -4
-6,4:-4, 2, 0, -8, -4, -2, -12, 8, 10, -10
-6,4:-4, 2, 0, -8, -4, -2, -12, 8, 10, -6
1,11:-4, 2, 0, -8, -4, -2, -10, -2, -4, 4
-6,4:-4, 2, 0, -8, -4, -2, -10, -2, 10, -12
-6,4:-4, 2, 0, -8, -4, -2, -10, -2, 10, -2
10,4:-4, 2, 0, -8, -4, -2, -8, -8, 6, -14
9,-22:-4, 2, 0, -8, 4, -30, -18, -14, -24, -28
6,-5:-4, 2, 0, -8, 4, -24, -22, -12, -8, -18
8,1:-4, 2, 2, -8, -16, -16, -10, -24, -6, -4
4,2:-4, 2, 2, -8, -14, -16, -14, -8, -8, -12
4,2:-4, 2, 2, -8, -14, -16, -14, -8, -8, -10
-4,2:-4, 2, 2, -8, -14, -16, 4, -8, -10, -4
-4,2:-4, 2, 2, -8, -14, -16, 4, -8, -10, 6
-4,2:-4, 2, 2, -8, -14, -16, 4, -8, -4, -10
-4,2:-4, 2, 2, -8, -14, -16, 4, -8, -4, -6
2,33:-4, 2, 2, -8, -14, 0, -12, 6, 16, -6
2,33:-4, 2, 2, -8, -14, 0, -12, 6, 16, -4
2,33:-4, 2, 2, -8, -14, 0, -12, 6, 16, -2
4,2:-4, 2, 2, -8, -4, -16, -8, -32, -22, -28
4,2:-4, 2, 2, -8, -4, -16, -8, -32, -22, -26
4,2:-4, 2, 2, -8, -4, -16, -8, -32, -22, -24
4,2:-4, 2, 2, -8, -4, -16, -8, -22, -20, -28
7,-3:-4, 2, 2, -8, -4, -16, -2, -2, -10, 2
7,-3:-4, 2, 2, -8, -4, -16, -2, -2, -10, 8
12,1:-4, 2, 2, -8, -4, -2, 0, -8, -6, 0
12,1:-4, 2, 2, -8, -4, -2, 0, -8, -6, 10
12,1:-4, 2, 2, -8, -4, -2, 0, -8, 10, -6
12,1:-4, 2, 2, -8, -4, -2, 0, -8, 10, -4
12,1:-4, 2, 2, -8, -4, -2, 0, -8, 10, -2
15,7:-4, 2, 2, -8, 2, -6, -6, -6, 4, -16
0,-3:-4, 2, 6, -14, -22, -12, -6, -8, 0, -18
0,-3:-4, 2, 6, -14, -22, -12, -6, -8, 0, -16
0,-3:-4, 2, 6, -14, -22, -12, -6, -8, 0, -14
0,-3:-4, 2, 6, -14, -22, -8, -12, -22, 0, -14
12,3:-4, 2, 6, -14, -22, -8, -12, -22, 4, -20
12,3:-4, 2, 6, -14, -22, -8, -12, -22, 4, -18
12,3:-4, 2, 6, -14, -22, -8, -12, -22, 4, -16
0,-3:-4, 2, 6, -14, -22, -8, -12, -18, 0, -12
0,-3:-4, 2, 6, -14, -22, -8, -12, -18, 0, -4
12,3:-4, 2, 6, -14, -22, -8, -12, -18, 0, 2
12,3:-4, 2, 6, -14, -22, -8, -12, -18, 6, 0
12,3:-4, 2, 6, -14, -22, -8, -12, -18, 6, 6
12,3:-4, 2, 6, -14, -22, -8, -12, -18, 6, 8
12,3:-4, 2, 6, -14, -22, -8, -12, -18, 10, 6
12,3:-4, 2, 6, -14, -22, -8, -12, -18, 10, 8
12,3:-4, 2, 6, -14, -22, -8, -12, -18, 10, 10
15,-8:-4, 2, 6, -14, -22, -8, -12, -14, -20, 4
0,-3:-4, 2, 6, -14, -22, -8, -12, -14, 0, -16
15,-8:-4, 2, 6, -14, -22, -8, -12, -14, 4, -20
0,-3:-4, 2, 6, -14, -22, -8, -12, -2, 0, -14
12,3:-4, 2, 6, -14, -22, -8, 0, 4, -2, -12
0,-3:-4, 2, 6, -14, -18, -22, -12, 2, 0, -18
0,-3:-4, 2, 6, -14, -18, -22, -12, 2, 0, -16
0,-3:-4, 2, 6, -14, -18, -22, -12, 2, 0, -14
0,-3:-4, 2, 6, -14, -18, -18, -8, -4, 0, -10
0,-3:-4, 2, 6, -14, -18, -18, -8, -4, 0, -8
0,-3:-4, 2, 6, -14, -18, -18, -8, -4, 0, -6
13,-8:-4, 2, 6, -14, -18, -6, -12, -16, -4, -12
0,-3:-4, 2, 6, -14, -18, -6, -12, -16, 0, -8
0,-3:-4, 2, 6, -14, -18, 2, -12, -10, 0, -18
0,-3:-4, 2, 6, -14, -8, -12, -22, -12, 0, -16
0,-3:-4, 2, 6, -14, -8, -12, -22, -12, 0, -14
0,-3:-4, 2, 6, -14, -8, -12, -22, -12, 0, -12
0,-3:-4, 2, 6, -14, -8, -12, -18, -8, 0, -14
0,-3:-4, 2, 6, -14, -8, -12, -18, -8, 0, -8
0,-3:-4, 2, 6, -14, -8, -12, -12, -16, 0, -22
0,-3:-4, 2, 6, -14, -8, -12, -12, -16, 0, -20
0,-3:-4, 2, 6, -14, -8, -12, -12, -16, 0, -18
0,-3:-4, 2, 6, -14, -8, -12, -8, -10, 0, -14
0,-3:-4, 2, 6, -14, -8, -4, -14, -18, 0, -12
0,-3:-4, 2, 6, -14, -8, -4, -14, -18, 0, -10
0,-3:-4, 2, 6, -14, -8, -4, -14, -18, 0, -8
0,-3:-4, 2, 6, -14, -8, -4, 0, -4, 0, -2
5,-6:-4, 2, 6, -8, -16, -16, -10, -24, 0, -2
0,-3:-4, 2, 6, -8, -14, 4, -8, -6, 0, -12
0,-3:-4, 2, 6, -8, -14, 4, -8, -6, 0, -10
7,-19:-4, 2, 6, -8, -4, -16, 6, -2, 2, -2
7,-19:-4, 2, 6, -8, -4, -16, 6, -2, 2, 0
7,-19:-4, 2, 6, -8, -4, -16, 6, -2, 2, 2
10,-14:-4, 2, 6, -8, 6, 4, -30, -20, -24, 0
10,-14:-4, 2, 6, -8, 6, 4, -30, -20, -24, 6
10,-14:-4, 2, 6, -8, 6, 4, -30, -20, -24, 8
5,-5:-4, 2, 6, 0, -8, 2, -6, -2, -14, -4
3,16:-4, 2, 6, 4, 10, -8, -16, -12, -14, 10
-6,7:-4, 2, 6, 4, 10, -8, -4, -10, -14, 10
8,9:-4, 2, 6, 6, 2, 2, -4, -12, 0, 12
8,9:-4, 2, 6, 6, 2, 2, -4, 0, 12, -12
8,9:-4, 2, 6, 6, 2, 2, -4, 0, 12, -10
8,9:-4, 2, 6, 6, 2, 2, -4, 0, 12, -8
14,0:-4, 2, 6, 6, 2, 12, 2, 12, -4, -4
-8,2:-4, 4, -10, -12, -14, 4, 8, -4, 4, -16
-8,2:-4, 4, -10, -12, -14, 4, 8, -4, 4, -14
-8,2:-4, 4, -10, -12, -14, 4, 8, -4, 4, -12
-5,-2:-4, 4, -10, -12, 6, -4, 10, -2, 10, -6
10,-2:-4, 4, -10, -8, -16, -18, 2, -2, 0, -12
-10,2:-4, 4, -10, -8, 0, 6, 6, 10, 10, 12
7,3:-4, 4, -10, 0, -8, -6, -18, -10, -34, -32
7,3:-4, 4, -10, 0, -8, -6, -18, -10, -34, -30
7,3:-4, 4, -10, 0, -8, -6, -18, -10, -34, -28
36,-8:-4, 4, -10, 2, -16, -26, -12, -12, -14, -6
36,-8:-4, 4, -10, 2, -16, -26, -12, -2, -12, -10
36,-8:-4, 4, -10, 2, -16, -26, -12, -2, -12, -8
36,-8:-4, 4, -10, 2, -16, -26, -12, -2, -12, -6
15,-8:-4, 4, -10, 2, -16, -18, -6, -14, -10, -6
15,-8:-4, 4, -10, 2, -16, -18, -6, -14, -10, -4
15,-8:-4, 4, -10, 2, -16, -18, -6, -14, -10, -2
15,-8:-4, 4, -10, 2, -16, -18, -4, -6, -14, 2
15,-8:-4, 4, -10, 2, -16, -18, -4, -6, -14, 4
15,-8:-4, 4, -10, 2, -16, -18, -4, -6, -14, 6
15,-8:-4, 4, -10, 6, 0, -16, -18, -4, -6, -14
7,-2:-4, 4, -10, 6, 4, 0, 16, 8, -6, 6
7,-2:-4, 4, -10, 6, 4, 0, 16, 8, -6, 10
7,-2:-4, 4, -10, 6, 4, 0, 16, 8, 6, -6
7,-2:-4, 4, -10, 6, 4, 0, 16, 8, 6, 4
9,2:-4, 4, -2, -12, -6, 2, -2, 10, 2, 18
9,2:-4, 4, -2, -12, -6, 2, -2, 10, 2, 20
9,2:-4, 4, -2, -12, -6, 2, -2, 10, 2, 22
2,3:-4, 4, -2, -12, -2, 8, -10, -12, 18, -6
2,-2:-4, 4, -2, -12, 0, -10, -6, -18, -10, -30
2,-2:-4, 4, -2, -12, 0, -10, -6, -18, -10, -28
2,-2:-4, 4, -2, -12, 0, -10, -6, -18, -10, -26
-23,5:-4, 4, -2, -12, 6, -12, 6, 14, 12, 18
-23,5:-4, 4, -2, -12, 6, -12, 6, 14, 12, 28
-23,5:-4, 4, -2, -12, 6, -12, 6, 14, 18, 12
-23,5:-4, 4, -2, -12, 6, -12, 6, 14, 18, 16
7,-12:-4, 4, -2, -12, 6, 4, -10, -2, -6, 2
10,6:-4, 4, -2, -8, -10, -18, -10, 2, -20, -4
10,6:-4, 4, -2, -8, -10, -18, -10, 2, -4, -20
10,6:-4, 4, -2, -8, -10, -18, -10, 2, -4, -16
5,3:-4, 4, -2, -8, -10, -18, -2, -2, 2, -12
-2,0:-4, 4, -2, -8, 0, 0, 10, -14, 0, 2
-2,0:-4, 4, -2, -8, 0, 0, 10, 0, 2, -14
3,-6:-4, 4, -2, 6, 0, -24, 8, 6, -10, 12
4,-4:-4, 4, -2, 6, 4, 0, -30, -22, -24, -18
4,-4:-4, 4, -2, 6, 4, 0, -30, -22, -24, -8
4,-4:-4, 4, -2, 6, 4, 0, -30, -22, -18, -24
4,-4:-4, 4, -2, 6, 4, 0, -30, -22, -18, -20
12,2:-4, 4, -2, 6, 6, 12, 18, 8, 6, -16
-11,15:-4, 4, 4, -6, -14, 4, 16, 6, 2, 26
10,16:-4, 4, 4, -6, -14, 4, 16, 12, 18, 16
-10,16:-4, 4, 4, -6, 4, -8, 22, 12, 2, 4
-10,16:-4, 4, 4, -6, 4, -8, 22, 12, 2, 6
-10,16:-4, 4, 4, -6, 4, -8, 22, 12, 2, 8
5,-6:-4, 4, 4, -6, 4, 6, 6, 6, -2, 4
5,-6:-4, 4, 4, -6, 4, 6, 16, -2, 0, 20
5,-6:-4, 4, 4, -6, 4, 6, 16, -2, 0, 24
-6,9:-4, 4, 4, -6, 4, 16, 12, 24, 2, 18
4,5:-4, 4, 4, 4, -14, 12, 4, 4, 8, -4
11,-4:-4, 4, 4, 4, 8, -6, -10, 2, -6, 10
11,-4:-4, 4, 4, 4, 8, -6, -10, 2, -6, 12
11,-4:-4, 4, 4, 4, 8, -6, -10, 2, -6, 14
5,-14:-4, 4, 4, 6, -6, -14, -2, -10, -4, -8
5,-14:-4, 4, 4, 6, -6, -14, -2, -10, -4, -4
5,-14:-4, 4, 4, 6, -6, -14, -2, -4, -8, -10
5,-14:-4, 4, 4, 6, -6, -14, -2, -4, -8, 0
5,-6:-4, 4, 4, 6, -6, -2, 8, 14, 16, 8
5,-6:-4, 4, 4, 6, -6, -2, 8, 14, 16, 10
5,-6:-4, 4, 4, 6, -6, -2, 8, 14, 16, 12
8,-7:-4, 4, 4, 6, 6, 12, 10, 12, -14, -12
7,6:-4, 4, 6, 4, 6, 6, -2, -14, 6, -14
7,6:-4, 4, 6, 4, 6, 6, -2, -14, 6, -10
7,6:-4, 4, 6, 4, 6, 6, -2, -2, 6, -16
7,6:-4, 4, 6, 4, 6, 6, -2, -2, 6, -6
-8,-2:-4, 4, 6, 4, 6, 6, 8, 0, 14, 6
0,-15:-4, 4, 6, 6, -4, -14, -10, 2, -6, 10
0,-15:-4, 4, 6, 6, -4, -14, -10, 2, -6, 12
0,-15:-4, 4, 6, 6, -4, -14, -10, 2, -6, 14
-6,12:6, -4, -4, -12, -14, -4, 4, 2, -4, 8
-6,12:6, -4, -4, -12, -14, -4, 4, 2, -4, 18
-6,12:6, -4, -4, -12, -14, -4, 4, 2, 8, -4
-6,12:6, -4, -4, -12, -14, -4, 4, 2, 8, 0
9,-9:6, -4, -4, -12, 4, -6, -14, -8, -2, -12
3,0:6, -4, -4, -12, 4, 6, -8, -18, 0, -20
3,0:6, -4, -4, -12, 4, 6, -8, -18, 0, -10
8,-3:6, -4, -4, -12, 4, 6, 4, -2, 6, 0
8,-3:6, -4, -4, -12, 4, 6, 4, -2, 6, 2
8,-3:6, -4, -4, -12, 4, 6, 4, -2, 6, 4
10,-7:6, -4, -4, -6, 0, -8, -12, 0, -8, 8
10,-7:6, -4, -4, -6, 0, -8, -12, 0, -8, 10
10,-7:6, -4, -4, -6, 0, -8, -12, 0, -8, 12
3,0:6, -4, -4, -6, 6, -8, -10, -20, 0, -12
3,0:6, -4, -4, -6, 6, -8, -10, -20, 0, -10
3,0:6, -4, -4, -6, 6, -8, -10, -20, 0, -8
3,0:6, -4, -4, -6, 6, -8, -8, -16, 0, -20
3,0:6, -4, -4, -6, 6, -8, -8, -16, 0, -18
3,0:6, -4, -4, -6, 6, -8, -8, -16, 0, -16
19,-1:6, -4, -4, -6, 6, -8, 0, 2, -10, -10
8,-3:6, -4, -4, -6, 6, -2, 12, 10, 2, 12
8,-3:6, -4, -4, -6, 6, -2, 12, 10, 2, 16
8,-3:6, -4, -4, -6, 6, -2, 12, 10, 16, 2
8,-3:6, -4, -4, -6, 6, -2, 12, 10, 16, 12
8,-3:6, -4, -4, -6, 6, -2, 12, 18, 18, 4
8,-3:6, -4, -4, -6, 6, -2, 12, 18, 18, 14
8,-3:6, -4, -4, -6, 6, -2, 22, 12, 22, 16
8,-3:6, -4, -4, -6, 6, -2, 22, 12, 22, 18
8,-3:6, -4, -4, -6, 6, -2, 22, 12, 22, 20
4,-3:6, -4, -4, -6, 6, 0, -8, -18, 14, -8
7,5:6, -4, -4, 2, 2, -8, -4, -16, -8, -28
7,5:6, -4, -4, 2, 2, -8, -4, -16, -8, -26
7,5:6, -4, -4, 2, 2, -8, -4, -16, -8, -24
3,0:6, -4, -4, 2, 6, -14, -18, -6, 0, -18
3,0:6, -4, -4, 2, 6, -14, -18, -6, 0, -8
3,0:6, -4, -4, 2, 6, -14, -18, 2, 0, -18
3,0:6, -4, -4, 2, 6, -14, -18, 2, 0, -16
3,0:6, -4, -4, 2, 6, -14, -18, 2, 0, -14
39,-5:6, -4, -4, 4, -10, 2, -16, -26, -12, -10
39,-5:6, -4, -4, 4, -10, 2, -16, -26, -12, -8
39,-5:6, -4, -4, 4, -10, 2, -16, -26, -12, -6
-7,19:6, -4, -4, 4, 4, -6, 4, -8, 22, 4
-7,19:6, -4, -4, 4, 4, -6, 4, -8, 22, 6
-7,19:6, -4, -4, 4, 4, -6, 4, -8, 22, 8
8,-3:6, -4, -4, 4, 4, 6, -6, -2, 16, 14
11,0:6, -4, 6, -4, -4, -6, 6, -2, 22, 16
11,0:6, -4, 6, -4, -4, -6, 6, -2, 22, 18
11,0:6, -4, 6, -4, -4, -6, 6, -2, 22, 20
2,12:6, -4, 6, -4, 6, 6, 8, -4, 4, -16
2,12:6, -4, 6, -4, 6, 6, 8, -4, 4, -14
2,12:6, -4, 6, -4, 6, 6, 8, -4, 4, -12
3,8:6, -4, 6, 6, -4, -4, 2, -12, 6, 8
-1,9:6, -4, 6, 6, -2, -4, -2, 4, 4, 0
-1,9:6, -4, 6, 6, -2, -4, -2, 4, 4, 2
-9,9:6, -4, 6, 6, -2, -4, 16, 4, 8, 2
-9,9:6, -4, 6, 6, -2, -4, 16, 4, 8, 6
-3,40:6, -4, 6, 6, -2, 12, 0, 18, 28, 6
-3,40:6, -4, 6, 6, -2, 12, 0, 18, 28, 8
-3,40:6, -4, 6, 6, -2, 12, 0, 18, 28, 10
-1,9:6, -4, 6, 6, 8, -4, 4, -20, -10, -16
-1,9:6, -4, 6, 6, 8, -4, 4, -20, -10, -14
-1,9:6, -4, 6, 6, 8, -4, 4, -20, -10, -12
-1,9:6, -4, 6, 6, 8, -4, 4, -10, -8, -16
2,4:6, -4, 6, 6, 8, -4, 10, 10, 2, 14
2,4:6, -4, 6, 6, 8, -4, 10, 10, 2, 20
2,4:6, -4, 6, 6, 8, -4, 10, 10, 14, 2
7,8:6, -4, 6, 6, 8, 10, 12, 4, 6, 12
7,8:6, -4, 6, 6, 8, 10, 12, 4, 6, 22
7,8:6, -4, 6, 6, 8, 10, 12, 4, 22, 6
7,8:6, -4, 6, 6, 8, 10, 12, 4, 22, 8
7,8:6, -4, 6, 6, 8, 10, 12, 4, 22, 10
10,14:6, -4, 6, 6, 14, 6, 6, 6, 16, -4
-17,8:6, 6, -4, -4, -4, 10, 6, 18, 4, -4
-17,8:6, 6, -4, -4, -4, 10, 6, 18, 4, 2
18,4:6, 6, -4, -4, -2, -8, 10, 14, 14, -8
1,15:6, 6, -4, -4, 10, 0, 8, 0, 14, 24
1,15:6, 6, -4, -4, 10, 0, 8, 0, 18, 14
-1,1:6, 6, -4, -4, 10, 16, -2, 10, 2, 12
-1,1:6, 6, -4, -4, 10, 16, -2, 10, 2, 14
-1,1:6, 6, -4, -4, 10, 16, -2, 10, 2, 16
6,10:6, 6, -4, -4, 10, 16, 16, 18, -8, -2
5,13:6, 6, -4, -4, 16, -2, 10, 24, 14, 18
5,13:6, 6, -4, -4, 16, -2, 10, 24, 14, 20
-1,1:6, 6, -4, -4, 16, 0, 2, 16, 24, 18
-1,1:6, 6, -4, -4, 16, 0, 2, 16, 24, 20
-1,1:6, 6, -4, -4, 16, 0, 2, 16, 24, 22
-1,1:6, 6, -4, -4, 16, 10, 2, 14, 18, 12
-1,1:6, 6, -4, -4, 16, 10, 2, 18, 18, 10
-1,1:6, 6, -4, -4, 16, 10, 2, 18, 18, 12
-1,1:6, 6, -4, -4, 16, 10, 2, 18, 18, 14
5,13:6, 6, -4, -4, 16, 10, 24, 14, 18, -2
-1,1:6, 6, -4, -4, 16, 24, 8, 2, 10, 18
-1,1:6, 6, -4, -4, 16, 24, 8, 2, 10, 20
-1,1:6, 6, -4, -4, 16, 24, 8, 2, 10, 22
4,5:6, 6, -4, 0, 10, 6, 18, 10, 34, 28
4,5:6, 6, -4, 0, 10, 6, 18, 10, 34, 30
4,5:6, 6, -4, 0, 10, 6, 18, 10, 34, 32
6,-5:6, 6, -4, 2, 10, 0, 16, 4, -6, -8
-1,8:6, 6, -4, 2, 10, 6, 18, 4, 0, 12
-10,10:6, 6, -4, 2, 10, 16, 10, 0, 0, 20
8,8:6, 6, -2, -4, -2, -4, -4, 4, 12, -4
-12,11:6, 6, -2, -4, -2, 10, -2, 32, 22, 26
13,1:6, 6, -2, -4, 12, 12, 14, 2, -2, 6
13,1:6, 6, -2, -4, 12, 12, 14, 2, -2, 16
13,1:6, 6, -2, -4, 12, 12, 14, 2, 16, -2
-12,6:6, 6, -2, -4, 16, 4, 2, 12, 16, 8
-12,6:6, 6, -2, -4, 16, 4, 12, -2, 6, 24
-12,6:6, 6, -2, -4, 16, 4, 12, -2, 16, 14
-12,6:6, 6, -2, -4, 16, 4, 12, -2, 16, 24
-12,6:6, 6, -2, -4, 16, 4, 12, 6, 24, -2
-12,6:6, 6, -2, -4, 16, 4, 12, 20, -4, 4
-12,6:6, 6, -2, -4, 16, 4, 12, 20, -4, 6
-12,6:6, 6, -2, -4, 16, 4, 12, 20, -4, 8
-12,6:6, 6, -2, -4, 16, 4, 12, 20, -2, 6
-12,6:6, 6, -2, -4, 16, 4, 12, 20, -2, 8
-4,6:6, 6, -2, -2, -4, 8, -8, 4, -16, -8
-4,6:6, 6, -2, -2, -4, 8, -8, 4, -16, -6
-4,6:6, 6, -2, -2, -4, 8, -8, 4, -16, -4
-4,6:6, 6, -2, -2, -4, 8, 4, -16, -2, -18
-4,6:6, 6, -2, -2, -4, 8, 4, -16, -2, -8
18,-9:6, 6, -2, -2, 8, -2, 10, -20, -10, -8
18,-9:6, 6, -2, -2, 8, -2, 10, -20, -10, -6
18,-9:6, 6, -2, -2, 8, -2, 10, -20, -10, -4
7,-6:6, 6, -2, 4, 8, 4, -6, -8, 4, -4
3,24:6, 6, -2, 4, 10, 12, 0, 30, 18, 24
-7,11:6, 6, -2, 4, 10, 12, 4, 20, 0, 18
-6,16:6, 6, -2, 12, 0, 18, 20, 8, 16, 10
-6,16:6, 6, -2, 12, 0, 18, 20, 8, 16, 14
-6,37:6, 6, -2, 12, 0, 18, 28, 14, 4, 6
-6,37:6, 6, -2, 12, 0, 18, 28, 14, 4, 8
-6,37:6, 6, -2, 12, 0, 18, 28, 14, 4, 10
5,8:6, 6, -2, 12, 2, 10, 8, 20, 12, 28
5,8:6, 6, -2, 12, 2, 10, 8, 20, 12, 30
5,8:6, 6, -2, 12, 2, 10, 8, 20, 12, 32
10,7:6, 6, -2, 12, 10, 8, 0, 4, 4, 4
7,-6:6, 6, -2, 16, 4, -6, -8, 4, -4, 12
7,-6:6, 6, -2, 16, 4, -6, -8, 4, -4, 14
7,-6:6, 6, -2, 16, 4, -6, -8, 4, -4, 16
12,-5:6, 6, 8, -4, -8, -10, -12, 0, -8, 16
12,-5:6, 6, 8, -4, -8, -10, -12, 0, 16, -8
-3,18:6, 6, 8, -4, -8, -8, 6, 10, 24, 30
-3,18:6, 6, 8, -4, -8, -8, 6, 10, 24, 32
-3,18:6, 6, 8, -4, -8, -8, 6, 10, 24, 34
4,2:6, 6, 8, -4, 2, 10, 4, -6, -12, -4
-4,6:6, 6, 8, -4, 4, -20, -10, -20, -10, -16
-4,6:6, 6, 8, -4, 4, -20, -10, -20, -10, -14
-4,6:6, 6, 8, -4, 4, -20, -10, -20, -10, -12
-4,6:6, 6, 8, -4, 4, -20, -10, -10, -8, -16
-4,6:6, 6, 8, -4, 4, -10, -18, -12, -8, -10
-4,6:6, 6, 8, -4, 4, -10, -18, -12, -8, -2
-4,6:6, 6, 8, -4, 4, -10, -18, -12, -8, 2
-4,6:6, 6, 8, -4, 4, -10, -18, 0, -12, -20
-4,6:6, 6, 8, -4, 4, -10, -18, 0, -12, -18
-4,6:6, 6, 8, -4, 4, -10, -18, 0, -12, -16
-4,6:6, 6, 8, -4, 4, -10, -8, -20, -20, -24
-4,6:6, 6, 8, -4, 4, -10, -8, -20, -20, -12
-4,6:6, 6, 8, -4, 4, -10, -8, -6, -12, 2
-4,6:6, 6, 8, -4, 4, -10, -2, -10, -6, -6
-4,6:6, 6, 8, -4, 4, -10, -2, -10, -6, -4
-4,6:6, 6, 8, -4, 4, -10, -2, -10, -6, -2
-1,1:6, 6, 8, -4, 10, 2, 14, 2, 22, 4
-1,1:6, 6, 8, -4, 10, 10, 2, 18, 26, 20
-1,1:6, 6, 8, -4, 10, 10, 2, 18, 26, 22
-1,1:6, 6, 8, -4, 10, 10, 2, 18, 26, 24
-1,1:6, 6, 8, -4, 10, 10, 2, 24, 18, 26
-1,1:6, 6, 8, -4, 10, 12, 2, 6, 22, 8
-1,1:6, 6, 8, -4, 10, 12, 2, 6, 22, 10
-1,1:6, 6, 8, -4, 10, 12, 2, 6, 22, 12
1,2:6, 6, 8, -4, 10, 14, 6, -6, 6, 26
1,2:6, 6, 8, -4, 10, 14, 6, -6, 26, 6
-1,1:6, 6, 8, -4, 10, 14, 8, 2, 24, 16
-1,1:6, 6, 8, -4, 10, 14, 8, 2, 24, 22
-1,1:6, 6, 8, -4, 10, 20, 16, 2, 12, 16
-1,1:6, 6, 8, -4, 10, 20, 16, 2, 12, 26
-1,1:6, 6, 8, -4, 10, 20, 16, 2, 16, 12
-8,8:6, 6, 8, 2, 10, 14, 2, 10, -14, -12
-8,8:6, 6, 8, 2, 10, 14, 2, 10, -14, -10
-8,8:6, 6, 8, 2, 10, 14, 2, 10, -14, -8
-3,18:6, 6, 8, 10, 4, 20, 16, -2, 26, 8
4,5:6, 6, 8, 10, 12, 4, 6, 10, 14, 30
4,5:6, 6, 8, 10, 12, 4, 6, 10, 14, 38
4,5:6, 6, 8, 10, 12, 4, 6, 10, 30, 14
4,5:6, 6, 8, 10, 12, 4, 6, 10, 30, 22
4,5:6, 6, 8, 10, 12, 4, 6, 16, 20, 12
-11,2:6, 6, 8, 10, 18, -2, 18, 30, 22, 38
-11,2:6, 6, 8, 10, 18, -2, 18, 30, 22, 40
-11,2:6, 6, 8, 10, 18, -2, 18, 30, 22, 42
-16,5:6, 6, 8, 10, 18, 26, 30, 10, 26, 24
-13,3:6, 6, 8, 10, 18, 28, 14, 26, 22, 4
8,-5:6, 6, 8, 10, 20, 12, 22, 4, -10, 2
8,-5:6, 6, 8, 10, 20, 12, 22, 4, -10, 6
8,-5:6, 6, 8, 10, 20, 12, 22, 4, 2, -10
8,-5:6, 6, 8, 10, 20, 12, 22, 4, 2, 0
0,1:6, 6, 14, 6, 10, 8, 6, 18, 10, 26
0,1:6, 6, 14, 6, 10, 8, 6, 18, 10, 28
0,1:6, 6, 14, 6, 10, 8, 6, 18, 10, 30
11,-8:6, 6, 14, 6, 16, -2, -16, -4, 4, -4
11,-8:6, 6, 14, 6, 16, -2, -16, -4, 4, -2
11,-8:6, 6, 14, 6, 16, -2, -16, -4, 4, 0
-4,16:6, 6, 14, 10, 16, 2, 16, 22, 10, 20
11,8:6, 6, 16, -16, 4, 2, 14, 6, 30, 24
11,8:6, 6, 16, -16, 4, 2, 14, 6, 30, 26
11,8:6, 6, 16, -16, 4, 2, 14, 6, 30, 28
2,20:6, 6, 16, -16, 14, 14, 16, 4, 12, -8
2,20:6, 6, 16, -16, 14, 14, 16, 4, 12, -6
2,20:6, 6, 16, -16, 14, 14, 16, 4, 12, -4
-2,2:6, 6, 16, -8, -8, -18, -18, -4, 6, -10
7,-5:6, 6, 16, -8, -8, -18, -18, 2, -4, -12
-2,2:6, 6, 16, -8, -8, -18, -12, -4, 6, -16
-2,2:6, 6, 16, -8, -8, -18, -12, -4, 6, -6
4,0:6, 6, 16, -8, -8, -6, -18, 6, -10, -30
4,0:6, 6, 16, -8, -8, -6, -18, 6, -10, -28
4,0:6, 6, 16, -8, -8, -6, -18, 6, -10, -26
11,8:6, 6, 16, -8, 4, 2, 14, 6, 22, -14
11,8:6, 6, 16, -8, 4, 2, 14, 6, 22, -12
11,8:6, 6, 16, -8, 4, 2, 14, 6, 22, -10
