1,6:5, -3, -6, 3, 17
7,3:-5, -5, -12, -15, -6, 8
3,7:-5, 4, -4, -7, 2, 16
18,8:-4, -11, 3, 10, 2, 6
18,8:-4, -11, 3, 10, 2, 7
18,8:-4, -11, 3, 10, 2, 14
18,8:-4, -11, 3, 10, 2, 15
14,12:5, -3, 11, 18, 10, 14
14,12:5, -3, 11, 18, 10, 15
14,12:5, -3, 11, 18, 10, 22
14,12:5, -3, 11, 18, 10, 23
6,4:6, -3, -10, -13, -4, 10
2,8:6, 6, -2, -5, 4, 18
9,4:-5, -6, -6, -13, -16, -7, 7
5,8:-5, -6, 3, -5, -8, 1, 15
20,9:-5, -5, -12, 2, 9, 1, 5
20,9:-5, -5, -12, 2, 9, 1, 6
20,9:-5, -5, -12, 2, 9, 1, 13
20,9:-5, -5, -12, 2, 9, 1, 14
16,13:-5, 4, -4, 10, 17, 9, 13
16,13:-5, 4, -4, 10, 17, 9, 14
16,13:-5, 4, -4, 10, 17, 9, 21
16,13:-5, 4, -4, 10, 17, 9, 22
8,5:-5, 5, -4, -11, -14, -5, 9
4,9:-5, 5, 5, -3, -6, 3, 17
5,2:-4, -11, -13, -5, -8, 9, -21
5,2:-4, -11, -13, -5, -8, 9, -14
5,2:-4, -11, -13, -5, -8, 9, -11
5,2:-4, -11, -13, -5, -8, 9, -10
18,8:-4, -11, 3, 10, 2, 5, 5
18,8:-4, -11, 3, 10, 2, 5, 9
18,8:-4, -11, 3, 10, 2, 5, 10
18,8:-4, -11, 3, 10, 2, 5, 12
18,8:-4, -11, 3, 10, 2, 5, 15
18,8:-4, -11, 3, 10, 2, 8, 2
18,8:-4, -11, 3, 10, 2, 8, 9
18,8:-4, -11, 3, 10, 2, 10, 6
18,8:-4, -11, 3, 10, 2, 10, 7
18,8:-4, -11, 3, 10, 2, 10, 10
18,8:-4, -11, 3, 10, 2, 10, 17
18,8:-4, -11, 3, 10, 2, 11, 4
18,8:-4, -11, 3, 10, 2, 11, 11
18,8:-4, -11, 3, 10, 2, 11, 14
18,8:-4, -11, 3, 10, 2, 11, 15
18,8:-4, -11, 3, 10, 2, 13, 12
18,8:-4, -11, 3, 10, 2, 13, 19
18,8:-4, -11, 3, 10, 2, 13, 22
18,8:-4, -11, 3, 10, 2, 13, 23
18,8:-4, -11, 3, 10, 2, 16, 6
18,8:-4, -11, 3, 10, 2, 16, 9
18,8:-4, -11, 3, 10, 2, 16, 11
18,8:-4, -11, 3, 10, 2, 16, 12
18,8:-4, -11, 3, 10, 2, 16, 16
-9,2:-4, -6, 1, 2, 10, 6, 21
-9,2:-4, -6, 1, 2, 10, 6, 22
-9,2:-4, -6, 1, 2, 10, 6, 23
-9,2:-4, -6, 1, 2, 10, 6, 24
-9,2:-4, -6, 1, 2, 10, 6, 25
-9,2:-4, -6, 1, 2, 10, 6, 26
-9,2:-4, -6, 1, 2, 10, 21, 6
-9,2:-4, -6, 1, 2, 10, 21, 7
-9,2:-4, -6, 1, 2, 10, 21, 8
-9,2:-4, -6, 1, 2, 10, 21, 9
-9,2:-4, -6, 1, 2, 10, 21, 10
-9,2:-4, -6, 1, 2, 10, 21, 11
1,6:5, -3, -5, 3, 0, 17, -13
1,6:5, -3, -5, 3, 0, 17, -6
1,6:5, -3, -5, 3, 0, 17, -3
1,6:5, -3, -5, 3, 0, 17, -2
14,12:5, -3, 11, 18, 10, 13, 13
14,12:5, -3, 11, 18, 10, 13, 17
14,12:5, -3, 11, 18, 10, 13, 18
14,12:5, -3, 11, 18, 10, 13, 20
14,12:5, -3, 11, 18, 10, 13, 23
14,12:5, -3, 11, 18, 10, 16, 10
14,12:5, -3, 11, 18, 10, 16, 17
14,12:5, -3, 11, 18, 10, 18, 14
14,12:5, -3, 11, 18, 10, 18, 15
14,12:5, -3, 11, 18, 10, 18, 18
14,12:5, -3, 11, 18, 10, 18, 25
14,12:5, -3, 11, 18, 10, 19, 12
14,12:5, -3, 11, 18, 10, 19, 19
14,12:5, -3, 11, 18, 10, 19, 22
14,12:5, -3, 11, 18, 10, 19, 23
14,12:5, -3, 11, 18, 10, 21, 20
14,12:5, -3, 11, 18, 10, 21, 27
14,12:5, -3, 11, 18, 10, 21, 30
14,12:5, -3, 11, 18, 10, 21, 31
14,12:5, -3, 11, 18, 10, 24, 14
14,12:5, -3, 11, 18, 10, 24, 17
14,12:5, -3, 11, 18, 10, 24, 19
14,12:5, -3, 11, 18, 10, 24, 20
14,12:5, -3, 11, 18, 10, 24, 24
-13,6:5, 2, 9, 10, 18, 14, 29
-13,6:5, 2, 9, 10, 18, 14, 30
-13,6:5, 2, 9, 10, 18, 14, 31
-13,6:5, 2, 9, 10, 18, 14, 32
-13,6:5, 2, 9, 10, 18, 14, 33
-13,6:5, 2, 9, 10, 18, 14, 34
-13,6:5, 2, 9, 10, 18, 29, 14
-13,6:5, 2, 9, 10, 18, 29, 15
-13,6:5, 2, 9, 10, 18, 29, 16
-13,6:5, 2, 9, 10, 18, 29, 17
-13,6:5, 2, 9, 10, 18, 29, 18
-13,6:5, 2, 9, 10, 18, 29, 19
19,10:6, -3, -10, 4, 11, 3, 7
19,10:6, -3, -10, 4, 11, 3, 8
19,10:6, -3, -10, 4, 11, 3, 15
19,10:6, -3, -10, 4, 11, 3, 16
15,14:6, 6, -2, 12, 19, 11, 15
15,14:6, 6, -2, 12, 19, 11, 16
15,14:6, 6, -2, 12, 19, 11, 23
15,14:6, 6, -2, 12, 19, 11, 24
7,6:6, 7, -2, -9, -12, -3, 11
3,10:6, 7, 7, -1, -4, 5, 19
11,5:-5, -6, -7, -7, -14, -17, -8, 6
7,9:-5, -6, -7, 2, -6, -9, 0, 14
22,10:-5, -6, -6, -13, 1, 8, 0, 4
22,10:-5, -6, -6, -13, 1, 8, 0, 5
22,10:-5, -6, -6, -13, 1, 8, 0, 12
22,10:-5, -6, -6, -13, 1, 8, 0, 13
18,14:-5, -6, 3, -5, 9, 16, 8, 12
18,14:-5, -6, 3, -5, 9, 16, 8, 13
18,14:-5, -6, 3, -5, 9, 16, 8, 20
18,14:-5, -6, 3, -5, 9, 16, 8, 21
10,6:-5, -6, 4, -5, -12, -15, -6, 8
6,10:-5, -6, 4, 4, -4, -7, 2, 16
7,3:-5, -5, -12, -14, -6, -9, 8, -22
7,3:-5, -5, -12, -14, -6, -9, 8, -15
7,3:-5, -5, -12, -14, -6, -9, 8, -12
7,3:-5, -5, -12, -14, -6, -9, 8, -11
20,9:-5, -5, -12, 2, 9, 1, 4, 4
20,9:-5, -5, -12, 2, 9, 1, 4, 8
20,9:-5, -5, -12, 2, 9, 1, 4, 9
20,9:-5, -5, -12, 2, 9, 1, 4, 11
20,9:-5, -5, -12, 2, 9, 1, 4, 14
20,9:-5, -5, -12, 2, 9, 1, 7, 1
20,9:-5, -5, -12, 2, 9, 1, 7, 8
20,9:-5, -5, -12, 2, 9, 1, 9, 5
20,9:-5, -5, -12, 2, 9, 1, 9, 6
20,9:-5, -5, -12, 2, 9, 1, 9, 9
20,9:-5, -5, -12, 2, 9, 1, 9, 16
20,9:-5, -5, -12, 2, 9, 1, 10, 3
20,9:-5, -5, -12, 2, 9, 1, 10, 10
20,9:-5, -5, -12, 2, 9, 1, 10, 13
20,9:-5, -5, -12, 2, 9, 1, 10, 14
20,9:-5, -5, -12, 2, 9, 1, 12, 11
20,9:-5, -5, -12, 2, 9, 1, 12, 18
20,9:-5, -5, -12, 2, 9, 1, 12, 21
20,9:-5, -5, -12, 2, 9, 1, 12, 22
20,9:-5, -5, -12, 2, 9, 1, 15, 5
20,9:-5, -5, -12, 2, 9, 1, 15, 8
20,9:-5, -5, -12, 2, 9, 1, 15, 10
20,9:-5, -5, -12, 2, 9, 1, 15, 11
20,9:-5, -5, -12, 2, 9, 1, 15, 15
-7,3:-5, -5, -7, 0, 1, 9, 5, 20
-7,3:-5, -5, -7, 0, 1, 9, 5, 21
-7,3:-5, -5, -7, 0, 1, 9, 5, 22
-7,3:-5, -5, -7, 0, 1, 9, 5, 23
-7,3:-5, -5, -7, 0, 1, 9, 5, 24
-7,3:-5, -5, -7, 0, 1, 9, 5, 25
-7,3:-5, -5, -7, 0, 1, 9, 20, 5
-7,3:-5, -5, -7, 0, 1, 9, 20, 6
-7,3:-5, -5, -7, 0, 1, 9, 20, 7
-7,3:-5, -5, -7, 0, 1, 9, 20, 8
-7,3:-5, -5, -7, 0, 1, 9, 20, 9
-7,3:-5, -5, -7, 0, 1, 9, 20, 10
3,7:-5, 4, -4, -6, 2, -1, 16, -14
3,7:-5, 4, -4, -6, 2, -1, 16, -7
3,7:-5, 4, -4, -6, 2, -1, 16, -4
3,7:-5, 4, -4, -6, 2, -1, 16, -3
16,13:-5, 4, -4, 10, 17, 9, 12, 12
16,13:-5, 4, -4, 10, 17, 9, 12, 16
16,13:-5, 4, -4, 10, 17, 9, 12, 17
16,13:-5, 4, -4, 10, 17, 9, 12, 19
16,13:-5, 4, -4, 10, 17, 9, 12, 22
16,13:-5, 4, -4, 10, 17, 9, 15, 9
16,13:-5, 4, -4, 10, 17, 9, 15, 16
16,13:-5, 4, -4, 10, 17, 9, 17, 13
16,13:-5, 4, -4, 10, 17, 9, 17, 14
16,13:-5, 4, -4, 10, 17, 9, 17, 17
16,13:-5, 4, -4, 10, 17, 9, 17, 24
16,13:-5, 4, -4, 10, 17, 9, 18, 11
16,13:-5, 4, -4, 10, 17, 9, 18, 18
16,13:-5, 4, -4, 10, 17, 9, 18, 21
16,13:-5, 4, -4, 10, 17, 9, 18, 22
16,13:-5, 4, -4, 10, 17, 9, 20, 19
16,13:-5, 4, -4, 10, 17, 9, 20, 26
16,13:-5, 4, -4, 10, 17, 9, 20, 29
16,13:-5, 4, -4, 10, 17, 9, 20, 30
16,13:-5, 4, -4, 10, 17, 9, 23, 13
16,13:-5, 4, -4, 10, 17, 9, 23, 16
16,13:-5, 4, -4, 10, 17, 9, 23, 18
16,13:-5, 4, -4, 10, 17, 9, 23, 19
16,13:-5, 4, -4, 10, 17, 9, 23, 23
-11,7:-5, 4, 1, 8, 9, 17, 13, 28
-11,7:-5, 4, 1, 8, 9, 17, 13, 29
-11,7:-5, 4, 1, 8, 9, 17, 13, 30
-11,7:-5, 4, 1, 8, 9, 17, 13, 31
-11,7:-5, 4, 1, 8, 9, 17, 13, 32
-11,7:-5, 4, 1, 8, 9, 17, 13, 33
-11,7:-5, 4, 1, 8, 9, 17, 28, 13
-11,7:-5, 4, 1, 8, 9, 17, 28, 14
-11,7:-5, 4, 1, 8, 9, 17, 28, 15
-11,7:-5, 4, 1, 8, 9, 17, 28, 16
-11,7:-5, 4, 1, 8, 9, 17, 28, 17
-11,7:-5, 4, 1, 8, 9, 17, 28, 18
21,11:-5, 5, -4, -11, 3, 10, 2, 6
21,11:-5, 5, -4, -11, 3, 10, 2, 7
21,11:-5, 5, -4, -11, 3, 10, 2, 14
21,11:-5, 5, -4, -11, 3, 10, 2, 15
17,15:-5, 5, 5, -3, 11, 18, 10, 14
17,15:-5, 5, 5, -3, 11, 18, 10, 15
17,15:-5, 5, 5, -3, 11, 18, 10, 22
17,15:-5, 5, 5, -3, 11, 18, 10, 23
9,7:-5, 5, 6, -3, -10, -13, -4, 10
5,11:-5, 5, 6, 6, -2, -5, 4, 18
17,7:-4, -14, -11, -18, -21, -12, 2, 13
17,7:-4, -14, -11, -18, -21, -12, 2, 14
17,7:-4, -14, -11, -18, -21, -12, 2, 15
17,7:-4, -14, -11, -18, -21, -12, 2, 16
17,7:-4, -14, -11, -18, -21, -12, 2, 17
17,7:-4, -14, -11, -18, -21, -12, 2, 18
17,7:-4, -14, -11, -18, -21, -12, 13, 2
-3,9:-4, -14, -9, 11, 4, 1, 10, 24
-7,13:-4, -14, -9, 20, 12, 9, 18, 32
13,11:-4, -14, -2, -10, -13, -4, 10, 13
13,11:-4, -14, -2, -10, -13, -4, 10, 14
13,11:-4, -14, -2, -10, -13, -4, 10, 15
13,11:-4, -14, -2, -10, -13, -4, 10, 16
13,11:-4, -14, -2, -10, -13, -4, 10, 17
13,11:-4, -14, -2, -10, -13, -4, 10, 18
13,11:-4, -14, -2, -10, -13, -4, 13, 10
-3,9:-4, -14, 11, 4, 1, 10, 24, -9
-3,9:-4, -14, 11, 4, 1, 10, 24, -8
-3,9:-4, -14, 11, 4, 1, 10, 24, -7
-3,9:-4, -14, 11, 4, 1, 10, 24, -6
-3,9:-4, -14, 11, 4, 1, 10, 24, -5
-3,9:-4, -14, 11, 4, 1, 10, 24, -4
-7,13:-4, -14, 20, 12, 9, 18, 32, -9
-7,13:-4, -14, 20, 12, 9, 18, 32, -8
-7,13:-4, -14, 20, 12, 9, 18, 32, -7
-7,13:-4, -14, 20, 12, 9, 18, 32, -6
-7,13:-4, -14, 20, 12, 9, 18, 32, -5
-7,13:-4, -14, 20, 12, 9, 18, 32, -4
-7,13:-4, -14, 20, 12, 18, 12, 32, -3
7,7:-4, -13, -9, 1, -8, -11, -2, 12
11,1:-4, -13, -8, -9, -14, -9, -14, -11
12,6:-4, -13, 4, 4, -8, -9, -7, -20
12,6:-4, -13, 4, 4, -8, -9, -7, -13
9,6:-4, -11, -14, -8, -11, -19, 6, -2
5,3:-4, -11, -14, 4, -11, 5, 14, 6
5,2:-4, -11, -13, -14, -5, -9, 9, -17
5,2:-4, -11, -13, -14, -5, -9, 9, -10
5,2:-4, -11, -13, -5, -10, -17, -12, 9
5,2:-4, -11, -13, -5, -8, -20, 9, -27
5,2:-4, -11, -13, -5, -8, -12, 9, -20
5,2:-4, -11, -13, -5, -8, -12, 9, -19
5,2:-4, -11, -13, -5, -8, -12, 9, -18
5,2:-4, -11, -13, -5, -8, -12, 9, -17
5,2:-4, -11, -13, -5, -8, -12, 9, -16
5,2:-4, -11, -13, -5, -8, -12, 9, -15
18,8:-4, -11, 3, 10, 2, 8, 8, 15
18,8:-4, -11, 3, 10, 2, 10, 8, 11
18,8:-4, -11, 3, 10, 2, 10, 8, 12
18,8:-4, -11, 3, 10, 2, 10, 8, 13
18,8:-4, -11, 3, 10, 2, 10, 8, 14
18,8:-4, -11, 3, 10, 2, 10, 8, 15
18,8:-4, -11, 3, 10, 2, 10, 8, 16
18,8:-4, -11, 3, 10, 2, 10, 16, 23
18,8:-4, -11, 3, 10, 2, 11, 13, 5
18,8:-4, -11, 3, 10, 2, 11, 13, 6
18,8:-4, -11, 3, 10, 2, 11, 13, 7
18,8:-4, -11, 3, 10, 2, 11, 13, 8
18,8:-4, -11, 3, 10, 2, 11, 13, 9
18,8:-4, -11, 3, 10, 2, 11, 13, 10
18,8:-4, -11, 3, 10, 2, 13, 13, 6
18,8:-4, -11, 3, 10, 2, 13, 21, 13
18,8:-4, -11, 3, 10, 2, 13, 21, 14
18,8:-4, -11, 3, 10, 2, 13, 21, 15
18,8:-4, -11, 3, 10, 2, 13, 21, 16
18,8:-4, -11, 3, 10, 2, 13, 21, 17
18,8:-4, -11, 3, 10, 2, 13, 21, 18
7,-2:-4, -11, 7, -8, -17, -20, -11, 3
1,4:-4, -6, -14, 1, -5, -8, 1, 15
-9,2:-4, -6, 1, 2, 10, 3, 21, 5
-9,2:-4, -6, 1, 2, 10, 3, 21, 6
-9,2:-4, -6, 1, 2, 10, 3, 21, 7
-9,2:-4, -6, 1, 2, 10, 3, 21, 8
-9,2:-4, -6, 1, 2, 10, 3, 21, 9
-9,2:-4, -6, 1, 2, 10, 3, 21, 10
-9,2:-4, -6, 1, 2, 10, 6, 18, 20
-9,2:-4, -6, 1, 2, 10, 6, 18, 21
-9,2:-4, -6, 1, 2, 10, 6, 18, 22
-9,2:-4, -6, 1, 2, 10, 6, 18, 23
-9,2:-4, -6, 1, 2, 10, 6, 18, 24
-9,2:-4, -6, 1, 2, 10, 6, 18, 25
-9,2:-4, -6, 1, 2, 10, 6, 29, 22
-9,2:-4, -6, 1, 2, 10, 6, 29, 23
-9,2:-4, -6, 1, 2, 10, 6, 29, 24
-9,2:-4, -6, 1, 2, 10, 6, 29, 25
-9,2:-4, -6, 1, 2, 10, 6, 29, 26
-9,2:-4, -6, 1, 2, 10, 6, 29, 27
-9,2:-4, -6, 1, 2, 10, 14, 21, 7
-9,2:-4, -6, 1, 2, 10, 14, 21, 8
-9,2:-4, -6, 1, 2, 10, 14, 21, 9
-9,2:-4, -6, 1, 2, 10, 14, 21, 10
-9,2:-4, -6, 1, 2, 10, 14, 21, 11
-9,2:-4, -6, 1, 2, 10, 14, 21, 12
-9,2:-4, -6, 1, 2, 10, 18, 28, 20
-9,2:-4, -6, 1, 2, 10, 19, 17, 14
-9,2:-4, -6, 1, 2, 10, 19, 17, 25
7,19:-4, -6, 6, -5, 6, 1, -3, 9
12,6:-4, -6, 6, 0, -8, 10, -9, -7
10,4:-4, 2, 0, -8, -14, -17, -8, 6
10,4:-4, 2, 2, -8, -14, -17, -8, 6
7,9:-4, 4, 1, -6, -9, 0, 14, -9
7,11:-4, 4, 4, 4, -9, -4, 2, 16
7,11:-4, 4, 4, 4, -4, 2, 16, -9
16,-10:-4, 7, -27, -34, -37, -28, -14, -3
16,-10:-4, 7, -27, -34, -37, -28, -14, -2
16,-10:-4, 7, -27, -34, -37, -28, -14, -1
16,-10:-4, 7, -27, -34, -37, -28, -14, 0
16,-10:-4, 7, -27, -34, -37, -28, -14, 1
16,-10:-4, 7, -27, -34, -37, -28, -14, 2
16,-10:-4, 7, -27, -34, -37, -28, -3, -14
14,10:-4, 7, -25, -5, -12, -15, -6, 8
10,14:-4, 7, -25, 4, -4, -7, 2, 16
12,-6:-4, 7, -18, -26, -29, -20, -3, -6
-5,-2:-4, 7, -17, -17, -25, -22, -10, -12
-5,-2:-4, 7, -17, -17, -25, -22, -10, -11
-5,-2:-4, 7, -17, -17, -25, -22, -10, -10
-5,-2:-4, 7, -17, -17, -25, -22, -10, -9
-5,-2:-4, 7, -17, -17, -25, -22, -10, -8
-5,-2:-4, 7, -17, -17, -25, -22, -10, -7
14,10:-4, 7, -5, -12, -15, -6, 8, -25
14,10:-4, 7, -5, -12, -15, -6, 8, -24
14,10:-4, 7, -5, -12, -15, -6, 8, -23
14,10:-4, 7, -5, -12, -15, -6, 8, -22
14,10:-4, 7, -5, -12, -15, -6, 8, -21
14,10:-4, 7, -5, -12, -15, -6, 8, -20
10,14:-4, 7, 4, -4, -7, 2, 16, -25
10,14:-4, 7, 4, -4, -7, 2, 16, -24
10,14:-4, 7, 4, -4, -7, 2, 16, -23
10,14:-4, 7, 4, -4, -7, 2, 16, -22
10,14:-4, 7, 4, -4, -7, 2, 16, -21
10,14:-4, 7, 4, -4, -7, 2, 16, -20
13,11:5, -6, -3, -10, -13, -4, 10, 21
13,11:5, -6, -3, -10, -13, -4, 10, 22
13,11:5, -6, -3, -10, -13, -4, 10, 23
13,11:5, -6, -3, -10, -13, -4, 10, 24
13,11:5, -6, -3, -10, -13, -4, 10, 25
13,11:5, -6, -3, -10, -13, -4, 10, 26
-11,17:5, -6, -1, 28, 20, 17, 26, 40
9,15:5, -6, 6, -2, -5, 4, 18, 21
9,15:5, -6, 6, -2, -5, 4, 18, 22
9,15:5, -6, 6, -2, -5, 4, 18, 23
9,15:5, -6, 6, -2, -5, 4, 18, 24
9,15:5, -6, 6, -2, -5, 4, 18, 25
9,15:5, -6, 6, -2, -5, 4, 18, 26
9,15:5, -6, 6, -2, -5, 4, 21, 18
-7,13:5, -6, 19, 12, 9, 18, 32, -1
-7,13:5, -6, 19, 12, 9, 18, 32, 0
-7,13:5, -6, 19, 12, 9, 18, 32, 1
-7,13:5, -6, 19, 12, 9, 18, 32, 2
-7,13:5, -6, 19, 12, 9, 18, 32, 3
-7,13:5, -6, 19, 12, 9, 18, 32, 4
-11,17:5, -6, 28, 20, 17, 26, 40, -1
-11,17:5, -6, 28, 20, 17, 26, 40, 0
-11,17:5, -6, 28, 20, 17, 26, 40, 1
-11,17:5, -6, 28, 20, 17, 26, 40, 2
-11,17:5, -6, 28, 20, 17, 26, 40, 3
-11,17:5, -6, 28, 20, 17, 26, 40, 4
-11,17:5, -6, 28, 20, 26, 20, 40, 5
3,11:5, -5, -1, 9, 0, -3, 6, 20
7,5:5, -5, 0, -1, -6, -1, -6, -3
8,10:5, -5, 12, 12, 0, -1, 1, -12
8,10:5, -5, 12, 12, 0, -1, 1, -5
5,10:5, -3, -6, 0, -3, -11, 14, 6
1,7:5, -3, -6, 12, -3, 13, 22, 14
1,6:5, -3, -5, -6, 3, -1, 17, -9
1,6:5, -3, -5, -6, 3, -1, 17, -2
1,6:5, -3, -5, 3, -2, -9, -4, 17
1,6:5, -3, -5, 3, 0, -12, 17, -19
1,6:5, -3, -5, 3, 0, -4, 17, -12
1,6:5, -3, -5, 3, 0, -4, 17, -11
1,6:5, -3, -5, 3, 0, -4, 17, -10
1,6:5, -3, -5, 3, 0, -4, 17, -9
1,6:5, -3, -5, 3, 0, -4, 17, -8
1,6:5, -3, -5, 3, 0, -4, 17, -7
14,12:5, -3, 11, 18, 10, 16, 16, 23
14,12:5, -3, 11, 18, 10, 18, 16, 19
14,12:5, -3, 11, 18, 10, 18, 16, 20
14,12:5, -3, 11, 18, 10, 18, 16, 21
14,12:5, -3, 11, 18, 10, 18, 16, 22
14,12:5, -3, 11, 18, 10, 18, 16, 23
14,12:5, -3, 11, 18, 10, 18, 16, 24
14,12:5, -3, 11, 18, 10, 18, 24, 31
14,12:5, -3, 11, 18, 10, 19, 21, 13
14,12:5, -3, 11, 18, 10, 19, 21, 14
14,12:5, -3, 11, 18, 10, 19, 21, 15
14,12:5, -3, 11, 18, 10, 19, 21, 16
14,12:5, -3, 11, 18, 10, 19, 21, 17
14,12:5, -3, 11, 18, 10, 19, 21, 18
14,12:5, -3, 11, 18, 10, 21, 21, 14
14,12:5, -3, 11, 18, 10, 21, 29, 21
14,12:5, -3, 11, 18, 10, 21, 29, 22
14,12:5, -3, 11, 18, 10, 21, 29, 23
14,12:5, -3, 11, 18, 10, 21, 29, 24
14,12:5, -3, 11, 18, 10, 21, 29, 25
14,12:5, -3, 11, 18, 10, 21, 29, 26
3,2:5, -3, 15, 0, -9, -12, -3, 11
-3,8:5, 2, -6, 9, 3, 0, 9, 23
-13,6:5, 2, 9, 10, 18, 11, 29, 13
-13,6:5, 2, 9, 10, 18, 11, 29, 14
-13,6:5, 2, 9, 10, 18, 11, 29, 15
-13,6:5, 2, 9, 10, 18, 11, 29, 16
-13,6:5, 2, 9, 10, 18, 11, 29, 17
-13,6:5, 2, 9, 10, 18, 11, 29, 18
-13,6:5, 2, 9, 10, 18, 14, 26, 28
-13,6:5, 2, 9, 10, 18, 14, 26, 29
-13,6:5, 2, 9, 10, 18, 14, 26, 30
-13,6:5, 2, 9, 10, 18, 14, 26, 31
-13,6:5, 2, 9, 10, 18, 14, 26, 32
-13,6:5, 2, 9, 10, 18, 14, 26, 33
-13,6:5, 2, 9, 10, 18, 14, 37, 30
-13,6:5, 2, 9, 10, 18, 14, 37, 31
-13,6:5, 2, 9, 10, 18, 14, 37, 32
-13,6:5, 2, 9, 10, 18, 14, 37, 33
-13,6:5, 2, 9, 10, 18, 14, 37, 34
-13,6:5, 2, 9, 10, 18, 14, 37, 35
-13,6:5, 2, 9, 10, 18, 22, 29, 15
-13,6:5, 2, 9, 10, 18, 22, 29, 16
-13,6:5, 2, 9, 10, 18, 22, 29, 17
-13,6:5, 2, 9, 10, 18, 22, 29, 18
-13,6:5, 2, 9, 10, 18, 22, 29, 19
-13,6:5, 2, 9, 10, 18, 22, 29, 20
-13,6:5, 2, 9, 10, 18, 26, 36, 28
-13,6:5, 2, 9, 10, 18, 27, 25, 22
-13,6:5, 2, 9, 10, 18, 27, 25, 33
3,23:5, 2, 14, 3, 14, 9, 5, 17
8,10:5, 2, 14, 8, 0, 18, -1, 1
6,8:5, 10, 8, 0, -6, -9, 0, 14
6,8:5, 10, 10, 0, -6, -9, 0, 14
3,13:5, 12, 9, 2, -1, -1, 8, 22
3,13:5, 12, 9, 2, -1, 8, 22, -1
3,15:5, 12, 12, 12, -1, 4, 10, 24
3,15:5, 12, 12, 12, 4, 10, 24, -1
12,-6:5, 15, -19, -26, -29, -20, -6, 5
12,-6:5, 15, -19, -26, -29, -20, -6, 6
12,-6:5, 15, -19, -26, -29, -20, -6, 7
12,-6:5, 15, -19, -26, -29, -20, -6, 8
12,-6:5, 15, -19, -26, -29, -20, -6, 9
12,-6:5, 15, -19, -26, -29, -20, -6, 10
6,18:5, 15, -17, 12, 4, 1, 10, 24
8,-2:5, 15, -10, -18, -21, -12, 5, 2
-9,2:5, 15, -9, -9, -17, -14, -2, -4
-9,2:5, 15, -9, -9, -17, -14, -2, -3
-9,2:5, 15, -9, -9, -17, -14, -2, -2
-9,2:5, 15, -9, -9, -17, -14, -2, -1
-9,2:5, 15, -9, -9, -17, -14, -2, 0
-9,2:5, 15, -9, -9, -17, -14, -2, 1
10,14:5, 15, 3, -4, -7, 2, 16, -17
10,14:5, 15, 3, -4, -7, 2, 16, -16
10,14:5, 15, 3, -4, -7, 2, 16, -15
10,14:5, 15, 3, -4, -7, 2, 16, -14
10,14:5, 15, 3, -4, -7, 2, 16, -13
10,14:5, 15, 3, -4, -7, 2, 16, -12
6,18:5, 15, 12, 4, 1, 10, 24, -17
6,18:5, 15, 12, 4, 1, 10, 24, -16
6,18:5, 15, 12, 4, 1, 10, 24, -15
6,18:5, 15, 12, 4, 1, 10, 24, -14
6,18:5, 15, 12, 4, 1, 10, 24, -13
6,18:5, 15, 12, 4, 1, 10, 24, -12
6,4:6, -3, -10, -12, -4, -7, 10, -20
6,4:6, -3, -10, -12, -4, -7, 10, -13
6,4:6, -3, -10, -12, -4, -7, 10, -10
6,4:6, -3, -10, -12, -4, -7, 10, -9
19,10:6, -3, -10, 4, 11, 3, 6, 6
19,10:6, -3, -10, 4, 11, 3, 6, 10
19,10:6, -3, -10, 4, 11, 3, 6, 11
19,10:6, -3, -10, 4, 11, 3, 6, 13
19,10:6, -3, -10, 4, 11, 3, 6, 16
19,10:6, -3, -10, 4, 11, 3, 9, 3
19,10:6, -3, -10, 4, 11, 3, 9, 10
19,10:6, -3, -10, 4, 11, 3, 11, 7
19,10:6, -3, -10, 4, 11, 3, 11, 8
19,10:6, -3, -10, 4, 11, 3, 11, 11
19,10:6, -3, -10, 4, 11, 3, 11, 18
19,10:6, -3, -10, 4, 11, 3, 12, 5
19,10:6, -3, -10, 4, 11, 3, 12, 12
19,10:6, -3, -10, 4, 11, 3, 12, 15
19,10:6, -3, -10, 4, 11, 3, 12, 16
19,10:6, -3, -10, 4, 11, 3, 14, 13
19,10:6, -3, -10, 4, 11, 3, 14, 20
19,10:6, -3, -10, 4, 11, 3, 14, 23
19,10:6, -3, -10, 4, 11, 3, 14, 24
19,10:6, -3, -10, 4, 11, 3, 17, 7
19,10:6, -3, -10, 4, 11, 3, 17, 10
19,10:6, -3, -10, 4, 11, 3, 17, 12
19,10:6, -3, -10, 4, 11, 3, 17, 13
19,10:6, -3, -10, 4, 11, 3, 17, 17
-8,4:6, -3, -5, 2, 3, 11, 7, 22
-8,4:6, -3, -5, 2, 3, 11, 7, 23
-8,4:6, -3, -5, 2, 3, 11, 7, 24
-8,4:6, -3, -5, 2, 3, 11, 7, 25
-8,4:6, -3, -5, 2, 3, 11, 7, 26
-8,4:6, -3, -5, 2, 3, 11, 7, 27
-8,4:6, -3, -5, 2, 3, 11, 22, 7
-8,4:6, -3, -5, 2, 3, 11, 22, 8
-8,4:6, -3, -5, 2, 3, 11, 22, 9
-8,4:6, -3, -5, 2, 3, 11, 22, 10
-8,4:6, -3, -5, 2, 3, 11, 22, 11
-8,4:6, -3, -5, 2, 3, 11, 22, 12
2,8:6, 6, -2, -4, 4, 1, 18, -12
2,8:6, 6, -2, -4, 4, 1, 18, -5
2,8:6, 6, -2, -4, 4, 1, 18, -2
2,8:6, 6, -2, -4, 4, 1, 18, -1
15,14:6, 6, -2, 12, 19, 11, 14, 14
15,14:6, 6, -2, 12, 19, 11, 14, 18
15,14:6, 6, -2, 12, 19, 11, 14, 19
15,14:6, 6, -2, 12, 19, 11, 14, 21
15,14:6, 6, -2, 12, 19, 11, 14, 24
15,14:6, 6, -2, 12, 19, 11, 17, 11
15,14:6, 6, -2, 12, 19, 11, 17, 18
15,14:6, 6, -2, 12, 19, 11, 19, 15
15,14:6, 6, -2, 12, 19, 11, 19, 16
15,14:6, 6, -2, 12, 19, 11, 19, 19
15,14:6, 6, -2, 12, 19, 11, 19, 26
15,14:6, 6, -2, 12, 19, 11, 20, 13
15,14:6, 6, -2, 12, 19, 11, 20, 20
15,14:6, 6, -2, 12, 19, 11, 20, 23
15,14:6, 6, -2, 12, 19, 11, 20, 24
15,14:6, 6, -2, 12, 19, 11, 22, 21
15,14:6, 6, -2, 12, 19, 11, 22, 28
15,14:6, 6, -2, 12, 19, 11, 22, 31
15,14:6, 6, -2, 12, 19, 11, 22, 32
15,14:6, 6, -2, 12, 19, 11, 25, 15
15,14:6, 6, -2, 12, 19, 11, 25, 18
15,14:6, 6, -2, 12, 19, 11, 25, 20
15,14:6, 6, -2, 12, 19, 11, 25, 21
15,14:6, 6, -2, 12, 19, 11, 25, 25
-12,8:6, 6, 3, 10, 11, 19, 15, 30
-12,8:6, 6, 3, 10, 11, 19, 15, 31
-12,8:6, 6, 3, 10, 11, 19, 15, 32
-12,8:6, 6, 3, 10, 11, 19, 15, 33
-12,8:6, 6, 3, 10, 11, 19, 15, 34
-12,8:6, 6, 3, 10, 11, 19, 15, 35
-12,8:6, 6, 3, 10, 11, 19, 30, 15
-12,8:6, 6, 3, 10, 11, 19, 30, 16
-12,8:6, 6, 3, 10, 11, 19, 30, 17
-12,8:6, 6, 3, 10, 11, 19, 30, 18
-12,8:6, 6, 3, 10, 11, 19, 30, 19
-12,8:6, 6, 3, 10, 11, 19, 30, 20
20,12:6, 7, -2, -9, 5, 12, 4, 8
20,12:6, 7, -2, -9, 5, 12, 4, 9
20,12:6, 7, -2, -9, 5, 12, 4, 16
20,12:6, 7, -2, -9, 5, 12, 4, 17
16,16:6, 7, 7, -1, 13, 20, 12, 16
16,16:6, 7, 7, -1, 13, 20, 12, 17
16,16:6, 7, 7, -1, 13, 20, 12, 24
16,16:6, 7, 7, -1, 13, 20, 12, 25
8,8:6, 7, 8, -1, -8, -11, -2, 12
4,12:6, 7, 8, 8, 0, -3, 6, 20
