4,3:5, 12, 6, 15, -8
10,0:-5, -5, 3, -3, 6, -17
6,4:-5, 4, 11, 5, 14, -9
14,12:-4, 4, -10, -17, -9, -22
14,12:-4, 4, -10, -17, -9, -21
14,12:-4, 4, -10, -17, -9, -14
14,12:-4, 4, -10, -17, -9, -13
10,16:5, 12, -2, -9, -1, -14
10,16:5, 12, -2, -9, -1, -13
10,16:5, 12, -2, -9, -1, -6
10,16:5, 12, -2, -9, -1, -5
9,1:6, -3, 5, -1, 8, -15
5,5:6, 6, 13, 7, 16, -7
12,1:-5, -6, -6, 2, -4, 5, -18
8,5:-5, -6, 3, 10, 4, 13, -10
16,13:-5, -5, 3, -11, -18, -10, -23
16,13:-5, -5, 3, -11, -18, -10, -22
16,13:-5, -5, 3, -11, -18, -10, -15
16,13:-5, -5, 3, -11, -18, -10, -14
12,17:-5, 4, 11, -3, -10, -2, -15
12,17:-5, 4, 11, -3, -10, -2, -14
12,17:-5, 4, 11, -3, -10, -2, -7
12,17:-5, 4, 11, -3, -10, -2, -6
11,2:-5, 5, -4, 4, -2, 7, -16
7,6:-5, 5, 5, 12, 6, 15, -8
8,-15:-4, -6, -8, -9, -17, -33, -18
8,-15:-4, -6, -8, -9, -17, -33, -17
8,-15:-4, -6, -8, -9, -17, -33, -16
8,-15:-4, -6, -8, -9, -17, -33, -15
8,-15:-4, -6, -8, -9, -17, -33, -14
8,-15:-4, -6, -8, -9, -17, -33, -13
8,-15:-4, -6, -8, -9, -17, -18, -33
8,-15:-4, -6, -8, -9, -17, -18, -32
8,-15:-4, -6, -8, -9, -17, -18, -31
8,-15:-4, -6, -8, -9, -17, -18, -30
8,-15:-4, -6, -8, -9, -17, -18, -29
8,-15:-4, -6, -8, -9, -17, -18, -28
14,12:-4, 4, -10, -17, -9, -23, -23
14,12:-4, 4, -10, -17, -9, -23, -19
14,12:-4, 4, -10, -17, -9, -23, -18
14,12:-4, 4, -10, -17, -9, -23, -16
14,12:-4, 4, -10, -17, -9, -23, -13
14,12:-4, 4, -10, -17, -9, -20, -30
14,12:-4, 4, -10, -17, -9, -20, -29
14,12:-4, 4, -10, -17, -9, -20, -26
14,12:-4, 4, -10, -17, -9, -20, -19
14,12:-4, 4, -10, -17, -9, -18, -22
14,12:-4, 4, -10, -17, -9, -18, -21
14,12:-4, 4, -10, -17, -9, -18, -18
14,12:-4, 4, -10, -17, -9, -18, -11
14,12:-4, 4, -10, -17, -9, -17, -24
14,12:-4, 4, -10, -17, -9, -17, -17
14,12:-4, 4, -10, -17, -9, -17, -14
14,12:-4, 4, -10, -17, -9, -17, -13
14,12:-4, 4, -10, -17, -9, -15, -16
14,12:-4, 4, -10, -17, -9, -15, -9
14,12:-4, 4, -10, -17, -9, -12, -22
14,12:-4, 4, -10, -17, -9, -12, -19
14,12:-4, 4, -10, -17, -9, -12, -17
14,12:-4, 4, -10, -17, -9, -12, -16
14,12:-4, 4, -10, -17, -9, -12, -12
8,-1:-4, 4, -2, 6, 1, -16, 3
8,-1:-4, 4, -2, 6, 1, -16, 4
8,-1:-4, 4, -2, 6, 1, -16, 7
8,-1:-4, 4, -2, 6, 1, -16, 14
4,-11:5, 2, 0, -1, -9, -25, -10
4,-11:5, 2, 0, -1, -9, -25, -9
4,-11:5, 2, 0, -1, -9, -25, -8
4,-11:5, 2, 0, -1, -9, -25, -7
4,-11:5, 2, 0, -1, -9, -25, -6
4,-11:5, 2, 0, -1, -9, -25, -5
4,-11:5, 2, 0, -1, -9, -10, -25
4,-11:5, 2, 0, -1, -9, -10, -24
4,-11:5, 2, 0, -1, -9, -10, -23
4,-11:5, 2, 0, -1, -9, -10, -22
4,-11:5, 2, 0, -1, -9, -10, -21
4,-11:5, 2, 0, -1, -9, -10, -20
10,16:5, 12, -2, -9, -1, -15, -15
10,16:5, 12, -2, -9, -1, -15, -11
10,16:5, 12, -2, -9, -1, -15, -10
10,16:5, 12, -2, -9, -1, -15, -8
10,16:5, 12, -2, -9, -1, -15, -5
10,16:5, 12, -2, -9, -1, -12, -22
10,16:5, 12, -2, -9, -1, -12, -21
10,16:5, 12, -2, -9, -1, -12, -18
10,16:5, 12, -2, -9, -1, -12, -11
10,16:5, 12, -2, -9, -1, -10, -14
10,16:5, 12, -2, -9, -1, -10, -13
10,16:5, 12, -2, -9, -1, -10, -10
10,16:5, 12, -2, -9, -1, -10, -3
10,16:5, 12, -2, -9, -1, -9, -16
10,16:5, 12, -2, -9, -1, -9, -9
10,16:5, 12, -2, -9, -1, -9, -6
10,16:5, 12, -2, -9, -1, -9, -5
10,16:5, 12, -2, -9, -1, -7, -8
10,16:5, 12, -2, -9, -1, -7, -1
10,16:5, 12, -2, -9, -1, -4, -14
10,16:5, 12, -2, -9, -1, -4, -11
10,16:5, 12, -2, -9, -1, -4, -9
10,16:5, 12, -2, -9, -1, -4, -8
10,16:5, 12, -2, -9, -1, -4, -4
4,3:5, 12, 6, 14, 9, -8, 11
4,3:5, 12, 6, 14, 9, -8, 12
4,3:5, 12, 6, 14, 9, -8, 15
4,3:5, 12, 6, 14, 9, -8, 22
15,14:6, -3, 5, -9, -16, -8, -21
15,14:6, -3, 5, -9, -16, -8, -20
15,14:6, -3, 5, -9, -16, -8, -13
15,14:6, -3, 5, -9, -16, -8, -12
11,18:6, 6, 13, -1, -8, 0, -13
11,18:6, 6, 13, -1, -8, 0, -12
11,18:6, 6, 13, -1, -8, 0, -5
11,18:6, 6, 13, -1, -8, 0, -4
10,3:6, 7, -2, 6, 0, 9, -14
6,7:6, 7, 7, 14, 8, 17, -6
14,2:-5, -6, -7, -7, 1, -5, 4, -19
10,6:-5, -6, -7, 2, 9, 3, 12, -11
18,14:-5, -6, -6, 2, -12, -19, -11, -24
18,14:-5, -6, -6, 2, -12, -19, -11, -23
18,14:-5, -6, -6, 2, -12, -19, -11, -16
18,14:-5, -6, -6, 2, -12, -19, -11, -15
14,18:-5, -6, 3, 10, -4, -11, -3, -16
14,18:-5, -6, 3, 10, -4, -11, -3, -15
14,18:-5, -6, 3, 10, -4, -11, -3, -8
14,18:-5, -6, 3, 10, -4, -11, -3, -7
13,3:-5, -6, 4, -5, 3, -3, 6, -17
9,7:-5, -6, 4, 4, 11, 5, 14, -9
10,-14:-5, -5, -7, -9, -10, -18, -34, -19
10,-14:-5, -5, -7, -9, -10, -18, -34, -18
10,-14:-5, -5, -7, -9, -10, -18, -34, -17
10,-14:-5, -5, -7, -9, -10, -18, -34, -16
10,-14:-5, -5, -7, -9, -10, -18, -34, -15
10,-14:-5, -5, -7, -9, -10, -18, -34, -14
10,-14:-5, -5, -7, -9, -10, -18, -19, -34
10,-14:-5, -5, -7, -9, -10, -18, -19, -33
10,-14:-5, -5, -7, -9, -10, -18, -19, -32
10,-14:-5, -5, -7, -9, -10, -18, -19, -31
10,-14:-5, -5, -7, -9, -10, -18, -19, -30
10,-14:-5, -5, -7, -9, -10, -18, -19, -29
16,13:-5, -5, 3, -11, -18, -10, -24, -24
16,13:-5, -5, 3, -11, -18, -10, -24, -20
16,13:-5, -5, 3, -11, -18, -10, -24, -19
16,13:-5, -5, 3, -11, -18, -10, -24, -17
16,13:-5, -5, 3, -11, -18, -10, -24, -14
16,13:-5, -5, 3, -11, -18, -10, -21, -31
16,13:-5, -5, 3, -11, -18, -10, -21, -30
16,13:-5, -5, 3, -11, -18, -10, -21, -27
16,13:-5, -5, 3, -11, -18, -10, -21, -20
16,13:-5, -5, 3, -11, -18, -10, -19, -23
16,13:-5, -5, 3, -11, -18, -10, -19, -22
16,13:-5, -5, 3, -11, -18, -10, -19, -19
16,13:-5, -5, 3, -11, -18, -10, -19, -12
16,13:-5, -5, 3, -11, -18, -10, -18, -25
16,13:-5, -5, 3, -11, -18, -10, -18, -18
16,13:-5, -5, 3, -11, -18, -10, -18, -15
16,13:-5, -5, 3, -11, -18, -10, -18, -14
16,13:-5, -5, 3, -11, -18, -10, -16, -17
16,13:-5, -5, 3, -11, -18, -10, -16, -10
16,13:-5, -5, 3, -11, -18, -10, -13, -23
16,13:-5, -5, 3, -11, -18, -10, -13, -20
16,13:-5, -5, 3, -11, -18, -10, -13, -18
16,13:-5, -5, 3, -11, -18, -10, -13, -17
16,13:-5, -5, 3, -11, -18, -10, -13, -13
10,0:-5, -5, 3, -3, 5, 0, -17, 2
10,0:-5, -5, 3, -3, 5, 0, -17, 3
10,0:-5, -5, 3, -3, 5, 0, -17, 6
10,0:-5, -5, 3, -3, 5, 0, -17, 13
6,-10:-5, 4, 1, -1, -2, -10, -26, -11
6,-10:-5, 4, 1, -1, -2, -10, -26, -10
6,-10:-5, 4, 1, -1, -2, -10, -26, -9
6,-10:-5, 4, 1, -1, -2, -10, -26, -8
6,-10:-5, 4, 1, -1, -2, -10, -26, -7
6,-10:-5, 4, 1, -1, -2, -10, -26, -6
6,-10:-5, 4, 1, -1, -2, -10, -11, -26
6,-10:-5, 4, 1, -1, -2, -10, -11, -25
6,-10:-5, 4, 1, -1, -2, -10, -11, -24
6,-10:-5, 4, 1, -1, -2, -10, -11, -23
6,-10:-5, 4, 1, -1, -2, -10, -11, -22
6,-10:-5, 4, 1, -1, -2, -10, -11, -21
12,17:-5, 4, 11, -3, -10, -2, -16, -16
12,17:-5, 4, 11, -3, -10, -2, -16, -12
12,17:-5, 4, 11, -3, -10, -2, -16, -11
12,17:-5, 4, 11, -3, -10, -2, -16, -9
12,17:-5, 4, 11, -3, -10, -2, -16, -6
12,17:-5, 4, 11, -3, -10, -2, -13, -23
12,17:-5, 4, 11, -3, -10, -2, -13, -22
12,17:-5, 4, 11, -3, -10, -2, -13, -19
12,17:-5, 4, 11, -3, -10, -2, -13, -12
12,17:-5, 4, 11, -3, -10, -2, -11, -15
12,17:-5, 4, 11, -3, -10, -2, -11, -14
12,17:-5, 4, 11, -3, -10, -2, -11, -11
12,17:-5, 4, 11, -3, -10, -2, -11, -4
12,17:-5, 4, 11, -3, -10, -2, -10, -17
12,17:-5, 4, 11, -3, -10, -2, -10, -10
12,17:-5, 4, 11, -3, -10, -2, -10, -7
12,17:-5, 4, 11, -3, -10, -2, -10, -6
12,17:-5, 4, 11, -3, -10, -2, -8, -9
12,17:-5, 4, 11, -3, -10, -2, -8, -2
12,17:-5, 4, 11, -3, -10, -2, -5, -15
12,17:-5, 4, 11, -3, -10, -2, -5, -12
12,17:-5, 4, 11, -3, -10, -2, -5, -10
12,17:-5, 4, 11, -3, -10, -2, -5, -9
12,17:-5, 4, 11, -3, -10, -2, -5, -5
6,4:-5, 4, 11, 5, 13, 8, -9, 10
6,4:-5, 4, 11, 5, 13, 8, -9, 11
6,4:-5, 4, 11, 5, 13, 8, -9, 14
6,4:-5, 4, 11, 5, 13, 8, -9, 21
17,15:-5, 5, -4, 4, -10, -17, -9, -22
17,15:-5, 5, -4, 4, -10, -17, -9, -21
17,15:-5, 5, -4, 4, -10, -17, -9, -14
17,15:-5, 5, -4, 4, -10, -17, -9, -13
13,19:-5, 5, 5, 12, -2, -9, -1, -14
13,19:-5, 5, 5, 12, -2, -9, -1, -13
13,19:-5, 5, 5, 12, -2, -9, -1, -6
13,19:-5, 5, 5, 12, -2, -9, -1, -5
12,4:-5, 5, 6, -3, 5, -1, 8, -15
8,8:-5, 5, 6, 6, 13, 7, 16, -7
20,4:-4, -14, -11, -3, -9, 0, -23, 13
20,4:-4, -14, -11, -3, -9, 0, -23, 14
20,4:-4, -14, -11, -3, -9, 0, -23, 15
20,4:-4, -14, -11, -3, -9, 0, -23, 16
20,4:-4, -14, -11, -3, -9, 0, -23, 17
20,4:-4, -14, -11, -3, -9, 0, -23, 18
20,4:-4, -14, -11, -3, -9, 0, 13, -23
0,6:-4, -14, -9, 11, 19, 13, 22, -1
-4,10:-4, -14, -9, 20, 27, 21, 30, 7
16,8:-4, -14, -2, 5, -1, 8, -15, 13
16,8:-4, -14, -2, 5, -1, 8, -15, 14
16,8:-4, -14, -2, 5, -1, 8, -15, 15
16,8:-4, -14, -2, 5, -1, 8, -15, 16
16,8:-4, -14, -2, 5, -1, 8, -15, 17
16,8:-4, -14, -2, 5, -1, 8, -15, 18
16,8:-4, -14, -2, 5, -1, 8, 13, -15
4,-11:-4, -14, 10, 10, 18, 15, 3, 0
4,-11:-4, -14, 10, 10, 18, 15, 3, 1
4,-11:-4, -14, 10, 10, 18, 15, 3, 2
4,-11:-4, -14, 10, 10, 18, 15, 3, 3
4,-11:-4, -14, 10, 10, 18, 15, 3, 4
4,-11:-4, -14, 10, 10, 18, 15, 3, 5
-4,10:-4, -14, 20, 27, 21, 30, 7, -9
-4,10:-4, -14, 20, 27, 21, 30, 7, -8
-4,10:-4, -14, 20, 27, 21, 30, 7, -7
-4,10:-4, -14, 20, 27, 21, 30, 7, -6
-4,10:-4, -14, 20, 27, 21, 30, 7, -5
-4,10:-4, -14, 20, 27, 21, 30, 7, -4
10,4:-4, -13, -14, 1, 7, 1, 10, -13
10,4:-4, -13, -9, 1, 7, 1, 10, -13
17,1:-4, -11, -11, -11, -3, -9, -23, 2
17,1:-4, -11, -11, -11, -3, -9, 2, -23
12,6:-4, -11, -11, 2, 1, 2, 0, 6
12,6:-4, -11, -11, 2, 1, 2, 0, 13
15,1:-4, -11, -8, -1, -7, 2, -21, 2
15,1:-4, -11, -8, -1, -7, 2, 2, -21
10,-5:-4, -11, 7, -8, -2, -8, 1, -22
4,1:-4, -6, -14, 1, 10, 4, 13, -10
25,1:-4, -6, -13, -14, -2, -8, -4, -16
12,6:-4, -6, -13, -7, 1, -17, 2, 0
8,-15:-4, -6, -8, -9, -17, -36, -26, -27
8,-15:-4, -6, -8, -9, -17, -36, -18, -34
8,-15:-4, -6, -8, -9, -17, -36, -18, -33
8,-15:-4, -6, -8, -9, -17, -36, -18, -32
8,-15:-4, -6, -8, -9, -17, -36, -18, -31
8,-15:-4, -6, -8, -9, -17, -36, -18, -30
8,-15:-4, -6, -8, -9, -17, -36, -18, -29
8,-15:-4, -6, -8, -9, -17, -33, -21, -19
8,-15:-4, -6, -8, -9, -17, -33, -21, -18
8,-15:-4, -6, -8, -9, -17, -33, -21, -17
8,-15:-4, -6, -8, -9, -17, -33, -21, -16
8,-15:-4, -6, -8, -9, -17, -33, -21, -15
8,-15:-4, -6, -8, -9, -17, -33, -21, -14
8,-15:-4, -6, -8, -9, -17, -33, -10, -17
8,-15:-4, -6, -8, -9, -17, -33, -10, -16
8,-15:-4, -6, -8, -9, -17, -33, -10, -15
8,-15:-4, -6, -8, -9, -17, -33, -10, -14
8,-15:-4, -6, -8, -9, -17, -33, -10, -13
8,-15:-4, -6, -8, -9, -17, -33, -10, -12
8,-15:-4, -6, -8, -9, -17, -26, -29, -32
8,-15:-4, -6, -8, -9, -17, -26, -29, -21
8,-15:-4, -6, -8, -9, -17, -25, -18, -32
8,-15:-4, -6, -8, -9, -17, -25, -18, -31
8,-15:-4, -6, -8, -9, -17, -25, -18, -30
8,-15:-4, -6, -8, -9, -17, -25, -18, -29
8,-15:-4, -6, -8, -9, -17, -25, -18, -28
8,-15:-4, -6, -8, -9, -17, -25, -18, -27
7,5:-4, 2, 1, 2, 7, 2, 7, 4
13,1:-4, 2, 2, -8, 1, -5, 4, -19
14,12:-4, 4, -10, -17, -9, -20, -28, -25
14,12:-4, 4, -10, -17, -9, -20, -28, -24
14,12:-4, 4, -10, -17, -9, -20, -28, -23
14,12:-4, 4, -10, -17, -9, -20, -28, -22
14,12:-4, 4, -10, -17, -9, -20, -28, -21
14,12:-4, 4, -10, -17, -9, -20, -28, -20
14,12:-4, 4, -10, -17, -9, -20, -20, -13
14,12:-4, 4, -10, -17, -9, -18, -20, -17
14,12:-4, 4, -10, -17, -9, -18, -20, -16
14,12:-4, 4, -10, -17, -9, -18, -20, -15
14,12:-4, 4, -10, -17, -9, -18, -20, -14
14,12:-4, 4, -10, -17, -9, -18, -20, -13
14,12:-4, 4, -10, -17, -9, -18, -20, -12
14,12:-4, 4, -10, -17, -9, -17, -23, -30
14,12:-4, 4, -10, -17, -9, -17, -15, -23
14,12:-4, 4, -10, -17, -9, -17, -15, -22
14,12:-4, 4, -10, -17, -9, -17, -15, -21
14,12:-4, 4, -10, -17, -9, -17, -15, -20
14,12:-4, 4, -10, -17, -9, -17, -15, -19
14,12:-4, 4, -10, -17, -9, -17, -15, -18
14,12:-4, 4, -10, -17, -9, -15, -15, -22
8,-1:-4, 4, -2, 6, 1, -16, 5, 8
8,-1:-4, 4, -2, 6, 1, -16, 5, 9
8,-1:-4, 4, -2, 6, 1, -16, 5, 10
8,-1:-4, 4, -2, 6, 1, -16, 5, 11
8,-1:-4, 4, -2, 6, 1, -16, 5, 12
8,-1:-4, 4, -2, 6, 1, -16, 5, 13
8,-1:-4, 4, -2, 6, 1, -16, 13, 20
8,-1:-4, 4, -2, 6, 3, 10, 1, -16
8,-1:-4, 4, -2, 6, 6, 2, -16, 3
8,-1:-4, 4, -2, 6, 6, 2, -16, 10
12,3:-4, 4, 1, -13, -6, 12, 7, -5
9,-1:-4, 4, 7, -11, -12, -21, 4, -13
19,-13:-4, 7, -27, -19, -25, -19, -39, -4
19,-13:-4, 7, -27, -19, -25, -19, -4, -39
19,-13:-4, 7, -27, -19, -25, -16, -39, -3
19,-13:-4, 7, -27, -19, -25, -16, -39, -2
19,-13:-4, 7, -27, -19, -25, -16, -39, -1
19,-13:-4, 7, -27, -19, -25, -16, -39, 0
19,-13:-4, 7, -27, -19, -25, -16, -39, 1
19,-13:-4, 7, -27, -19, -25, -16, -39, 2
17,7:-4, 7, -25, -5, 3, -3, 6, -17
13,11:-4, 7, -25, 4, 11, 5, 14, -9
15,-9:-4, 7, -18, -11, -17, -8, -31, -3
15,-9:-4, 7, -18, -11, -17, -8, -31, -2
15,-9:-4, 7, -18, -11, -17, -8, -31, -1
15,-9:-4, 7, -18, -11, -17, -8, -31, 0
15,-9:-4, 7, -18, -11, -17, -8, -31, 1
15,-9:-4, 7, -18, -11, -17, -8, -31, 2
15,-9:-4, 7, -18, -11, -17, -8, -3, -31
17,7:-4, 7, -5, 3, -3, 6, -17, -25
17,7:-4, 7, -5, 3, -3, 6, -17, -24
17,7:-4, 7, -5, 3, -3, 6, -17, -23
17,7:-4, 7, -5, 3, -3, 6, -17, -22
17,7:-4, 7, -5, 3, -3, 6, -17, -21
17,7:-4, 7, -5, 3, -3, 6, -17, -20
13,11:-4, 7, 4, 11, 5, 14, -9, -25
13,11:-4, 7, 4, 11, 5, 14, -9, -24
13,11:-4, 7, 4, 11, 5, 14, -9, -23
13,11:-4, 7, 4, 11, 5, 14, -9, -22
13,11:-4, 7, 4, 11, 5, 14, -9, -21
13,11:-4, 7, 4, 11, 5, 14, -9, -20
16,8:5, -6, -3, 5, -1, 8, -15, 21
16,8:5, -6, -3, 5, -1, 8, -15, 22
16,8:5, -6, -3, 5, -1, 8, -15, 23
16,8:5, -6, -3, 5, -1, 8, -15, 24
16,8:5, -6, -3, 5, -1, 8, -15, 25
16,8:5, -6, -3, 5, -1, 8, -15, 26
-8,14:5, -6, -1, 28, 35, 29, 38, 15
12,12:5, -6, 6, 13, 7, 16, -7, 21
12,12:5, -6, 6, 13, 7, 16, -7, 22
12,12:5, -6, 6, 13, 7, 16, -7, 23
12,12:5, -6, 6, 13, 7, 16, -7, 24
12,12:5, -6, 6, 13, 7, 16, -7, 25
12,12:5, -6, 6, 13, 7, 16, -7, 26
12,12:5, -6, 6, 13, 7, 16, 21, -7
0,-7:5, -6, 18, 18, 26, 23, 11, 8
0,-7:5, -6, 18, 18, 26, 23, 11, 9
0,-7:5, -6, 18, 18, 26, 23, 11, 10
0,-7:5, -6, 18, 18, 26, 23, 11, 11
0,-7:5, -6, 18, 18, 26, 23, 11, 12
0,-7:5, -6, 18, 18, 26, 23, 11, 13
-8,14:5, -6, 28, 35, 29, 38, 15, -1
-8,14:5, -6, 28, 35, 29, 38, 15, 0
-8,14:5, -6, 28, 35, 29, 38, 15, 1
-8,14:5, -6, 28, 35, 29, 38, 15, 2
-8,14:5, -6, 28, 35, 29, 38, 15, 3
-8,14:5, -6, 28, 35, 29, 38, 15, 4
6,8:5, -5, -6, 9, 15, 9, 18, -5
6,8:5, -5, -1, 9, 15, 9, 18, -5
13,5:5, -3, -3, -3, 5, -1, -15, 10
13,5:5, -3, -3, -3, 5, -1, 10, -15
8,10:5, -3, -3, 10, 9, 10, 8, 14
8,10:5, -3, -3, 10, 9, 10, 8, 21
11,5:5, -3, 0, 7, 1, 10, -13, 10
11,5:5, -3, 0, 7, 1, 10, 10, -13
6,-1:5, -3, 15, 0, 6, 0, 9, -14
0,5:5, 2, -6, 9, 18, 12, 21, -2
21,5:5, 2, -5, -6, 6, 0, 4, -8
8,10:5, 2, -5, 1, 9, -9, 10, 8
4,-11:5, 2, 0, -1, -9, -28, -18, -19
4,-11:5, 2, 0, -1, -9, -28, -10, -26
4,-11:5, 2, 0, -1, -9, -28, -10, -25
4,-11:5, 2, 0, -1, -9, -28, -10, -24
4,-11:5, 2, 0, -1, -9, -28, -10, -23
4,-11:5, 2, 0, -1, -9, -28, -10, -22
4,-11:5, 2, 0, -1, -9, -28, -10, -21
4,-11:5, 2, 0, -1, -9, -25, -13, -11
4,-11:5, 2, 0, -1, -9, -25, -13, -10
4,-11:5, 2, 0, -1, -9, -25, -13, -9
4,-11:5, 2, 0, -1, -9, -25, -13, -8
4,-11:5, 2, 0, -1, -9, -25, -13, -7
4,-11:5, 2, 0, -1, -9, -25, -13, -6
4,-11:5, 2, 0, -1, -9, -25, -2, -9
4,-11:5, 2, 0, -1, -9, -25, -2, -8
4,-11:5, 2, 0, -1, -9, -25, -2, -7
4,-11:5, 2, 0, -1, -9, -25, -2, -6
4,-11:5, 2, 0, -1, -9, -25, -2, -5
4,-11:5, 2, 0, -1, -9, -25, -2, -4
4,-11:5, 2, 0, -1, -9, -18, -21, -24
4,-11:5, 2, 0, -1, -9, -18, -21, -13
4,-11:5, 2, 0, -1, -9, -17, -10, -24
4,-11:5, 2, 0, -1, -9, -17, -10, -23
4,-11:5, 2, 0, -1, -9, -17, -10, -22
4,-11:5, 2, 0, -1, -9, -17, -10, -21
4,-11:5, 2, 0, -1, -9, -17, -10, -20
4,-11:5, 2, 0, -1, -9, -17, -10, -19
3,9:5, 10, 9, 10, 15, 10, 15, 12
9,5:5, 10, 10, 0, 9, 3, 12, -11
10,16:5, 12, -2, -9, -1, -12, -20, -17
10,16:5, 12, -2, -9, -1, -12, -20, -16
10,16:5, 12, -2, -9, -1, -12, -20, -15
10,16:5, 12, -2, -9, -1, -12, -20, -14
10,16:5, 12, -2, -9, -1, -12, -20, -13
10,16:5, 12, -2, -9, -1, -12, -20, -12
10,16:5, 12, -2, -9, -1, -12, -12, -5
10,16:5, 12, -2, -9, -1, -10, -12, -9
10,16:5, 12, -2, -9, -1, -10, -12, -8
10,16:5, 12, -2, -9, -1, -10, -12, -7
10,16:5, 12, -2, -9, -1, -10, -12, -6
10,16:5, 12, -2, -9, -1, -10, -12, -5
10,16:5, 12, -2, -9, -1, -10, -12, -4
10,16:5, 12, -2, -9, -1, -9, -15, -22
10,16:5, 12, -2, -9, -1, -9, -7, -15
10,16:5, 12, -2, -9, -1, -9, -7, -14
10,16:5, 12, -2, -9, -1, -9, -7, -13
10,16:5, 12, -2, -9, -1, -9, -7, -12
10,16:5, 12, -2, -9, -1, -9, -7, -11
10,16:5, 12, -2, -9, -1, -9, -7, -10
10,16:5, 12, -2, -9, -1, -7, -7, -14
4,3:5, 12, 6, 14, 9, -8, 13, 16
4,3:5, 12, 6, 14, 9, -8, 13, 17
4,3:5, 12, 6, 14, 9, -8, 13, 18
4,3:5, 12, 6, 14, 9, -8, 13, 19
4,3:5, 12, 6, 14, 9, -8, 13, 20
4,3:5, 12, 6, 14, 9, -8, 13, 21
4,3:5, 12, 6, 14, 9, -8, 21, 28
4,3:5, 12, 6, 14, 11, 18, 9, -8
4,3:5, 12, 6, 14, 14, 10, -8, 11
4,3:5, 12, 6, 14, 14, 10, -8, 18
8,7:5, 12, 9, -5, 2, 20, 15, 3
5,3:5, 12, 15, -3, -4, -13, 12, -5
15,-9:5, 15, -19, -11, -17, -11, -31, 4
15,-9:5, 15, -19, -11, -17, -8, -31, 5
15,-9:5, 15, -19, -11, -17, -8, -31, 6
15,-9:5, 15, -19, -11, -17, -8, -31, 7
15,-9:5, 15, -19, -11, -17, -8, -31, 8
15,-9:5, 15, -19, -11, -17, -8, -31, 9
15,-9:5, 15, -19, -11, -17, -8, -31, 10
9,15:5, 15, -17, 12, 19, 13, 22, -1
11,-5:5, 15, -10, -3, -9, 0, -23, 5
11,-5:5, 15, -10, -3, -9, 0, -23, 6
11,-5:5, 15, -10, -3, -9, 0, -23, 7
11,-5:5, 15, -10, -3, -9, 0, -23, 8
11,-5:5, 15, -10, -3, -9, 0, -23, 9
11,-5:5, 15, -10, -3, -9, 0, -23, 10
11,-5:5, 15, -10, -3, -9, 0, 5, -23
13,11:5, 15, 3, 11, 5, 14, -9, -17
13,11:5, 15, 3, 11, 5, 14, -9, -16
13,11:5, 15, 3, 11, 5, 14, -9, -15
13,11:5, 15, 3, 11, 5, 14, -9, -14
13,11:5, 15, 3, 11, 5, 14, -9, -13
13,11:5, 15, 3, 11, 5, 14, -9, -12
9,15:5, 15, 12, 19, 13, 22, -1, -17
9,15:5, 15, 12, 19, 13, 22, -1, -16
9,15:5, 15, 12, 19, 13, 22, -1, -15
9,15:5, 15, 12, 19, 13, 22, -1, -14
9,15:5, 15, 12, 19, 13, 22, -1, -13
9,15:5, 15, 12, 19, 13, 22, -1, -12
9,-13:6, -3, -5, -7, -8, -16, -32, -17
9,-13:6, -3, -5, -7, -8, -16, -32, -16
9,-13:6, -3, -5, -7, -8, -16, -32, -15
9,-13:6, -3, -5, -7, -8, -16, -32, -14
9,-13:6, -3, -5, -7, -8, -16, -32, -13
9,-13:6, -3, -5, -7, -8, -16, -32, -12
9,-13:6, -3, -5, -7, -8, -16, -17, -32
9,-13:6, -3, -5, -7, -8, -16, -17, -31
9,-13:6, -3, -5, -7, -8, -16, -17, -30
9,-13:6, -3, -5, -7, -8, -16, -17, -29
9,-13:6, -3, -5, -7, -8, -16, -17, -28
9,-13:6, -3, -5, -7, -8, -16, -17, -27
15,14:6, -3, 5, -9, -16, -8, -22, -22
15,14:6, -3, 5, -9, -16, -8, -22, -18
15,14:6, -3, 5, -9, -16, -8, -22, -17
15,14:6, -3, 5, -9, -16, -8, -22, -15
15,14:6, -3, 5, -9, -16, -8, -22, -12
15,14:6, -3, 5, -9, -16, -8, -19, -29
15,14:6, -3, 5, -9, -16, -8, -19, -28
15,14:6, -3, 5, -9, -16, -8, -19, -25
15,14:6, -3, 5, -9, -16, -8, -19, -18
15,14:6, -3, 5, -9, -16, -8, -17, -21
15,14:6, -3, 5, -9, -16, -8, -17, -20
15,14:6, -3, 5, -9, -16, -8, -17, -17
15,14:6, -3, 5, -9, -16, -8, -17, -10
15,14:6, -3, 5, -9, -16, -8, -16, -23
15,14:6, -3, 5, -9, -16, -8, -16, -16
15,14:6, -3, 5, -9, -16, -8, -16, -13
15,14:6, -3, 5, -9, -16, -8, -16, -12
15,14:6, -3, 5, -9, -16, -8, -14, -15
15,14:6, -3, 5, -9, -16, -8, -14, -8
15,14:6, -3, 5, -9, -16, -8, -11, -21
15,14:6, -3, 5, -9, -16, -8, -11, -18
15,14:6, -3, 5, -9, -16, -8, -11, -16
15,14:6, -3, 5, -9, -16, -8, -11, -15
15,14:6, -3, 5, -9, -16, -8, -11, -11
9,1:6, -3, 5, -1, 7, 2, -15, 4
9,1:6, -3, 5, -1, 7, 2, -15, 5
9,1:6, -3, 5, -1, 7, 2, -15, 8
9,1:6, -3, 5, -1, 7, 2, -15, 15
5,-9:6, 6, 3, 1, 0, -8, -24, -9
5,-9:6, 6, 3, 1, 0, -8, -24, -8
5,-9:6, 6, 3, 1, 0, -8, -24, -7
5,-9:6, 6, 3, 1, 0, -8, -24, -6
5,-9:6, 6, 3, 1, 0, -8, -24, -5
5,-9:6, 6, 3, 1, 0, -8, -24, -4
5,-9:6, 6, 3, 1, 0, -8, -9, -24
5,-9:6, 6, 3, 1, 0, -8, -9, -23
5,-9:6, 6, 3, 1, 0, -8, -9, -22
5,-9:6, 6, 3, 1, 0, -8, -9, -21
5,-9:6, 6, 3, 1, 0, -8, -9, -20
5,-9:6, 6, 3, 1, 0, -8, -9, -19
11,18:6, 6, 13, -1, -8, 0, -14, -14
11,18:6, 6, 13, -1, -8, 0, -14, -10
11,18:6, 6, 13, -1, -8, 0, -14, -9
11,18:6, 6, 13, -1, -8, 0, -14, -7
11,18:6, 6, 13, -1, -8, 0, -14, -4
11,18:6, 6, 13, -1, -8, 0, -11, -21
11,18:6, 6, 13, -1, -8, 0, -11, -20
11,18:6, 6, 13, -1, -8, 0, -11, -17
11,18:6, 6, 13, -1, -8, 0, -11, -10
11,18:6, 6, 13, -1, -8, 0, -9, -13
11,18:6, 6, 13, -1, -8, 0, -9, -12
11,18:6, 6, 13, -1, -8, 0, -9, -9
11,18:6, 6, 13, -1, -8, 0, -9, -2
11,18:6, 6, 13, -1, -8, 0, -8, -15
11,18:6, 6, 13, -1, -8, 0, -8, -8
11,18:6, 6, 13, -1, -8, 0, -8, -5
11,18:6, 6, 13, -1, -8, 0, -8, -4
11,18:6, 6, 13, -1, -8, 0, -6, -7
11,18:6, 6, 13, -1, -8, 0, -6, 0
11,18:6, 6, 13, -1, -8, 0, -3, -13
11,18:6, 6, 13, -1, -8, 0, -3, -10
11,18:6, 6, 13, -1, -8, 0, -3, -8
11,18:6, 6, 13, -1, -8, 0, -3, -7
11,18:6, 6, 13, -1, -8, 0, -3, -3
5,5:6, 6, 13, 7, 15, 10, -7, 12
5,5:6, 6, 13, 7, 15, 10, -7, 13
5,5:6, 6, 13, 7, 15, 10, -7, 16
5,5:6, 6, 13, 7, 15, 10, -7, 23
16,16:6, 7, -2, 6, -8, -15, -7, -20
16,16:6, 7, -2, 6, -8, -15, -7, -19
16,16:6, 7, -2, 6, -8, -15, -7, -12
16,16:6, 7, -2, 6, -8, -15, -7, -11
12,20:6, 7, 7, 14, 0, -7, 1, -12
12,20:6, 7, 7, 14, 0, -7, 1, -11
12,20:6, 7, 7, 14, 0, -7, 1, -4
12,20:6, 7, 7, 14, 0, -7, 1, -3
7,9:6, 7, 8, 8, 15, 9, 18, -5
