16,-5:-4, -6, -8, -2, -17
-1,12:-4, -6, 1, -5, 10
-7,0:-4, -6, 1, -5, 13
0,-7:5, 2, 0, 6, -12
12,-1:5, 2, 0, 6, -9
-5,16:5, 2, 9, 3, 18
-11,4:5, 2, 9, 3, 21
6,-10:-5, -5, -7, -9, -3, -21
18,-4:-5, -5, -7, -9, -3, -18
1,13:-5, -5, -7, 0, -6, 9
-5,1:-5, -5, -7, 0, -6, 12
2,-6:-5, 4, 1, -1, 5, -13
14,0:-5, 4, 1, -1, 5, -10
-3,17:-5, 4, 1, 8, 2, 17
-9,5:-5, 4, 1, 8, 2, 20
8,8:-4, -13, -9, -4, -10, -23
8,8:-4, -13, -9, -4, -10, -22
8,8:-4, -13, -9, -4, -10, -21
8,8:-4, -13, -9, -4, -10, -20
8,8:-4, -13, -9, -4, -10, -19
8,8:-4, -13, -9, -4, -10, -18
-2,-1:-4, -13, -8, -19, -20, 1
-2,-1:-4, -13, -8, -19, -20, 2
-2,-1:-4, -13, -8, -19, -20, 3
-2,-1:-4, -13, -8, -19, -20, 4
-2,-1:-4, -13, -8, -19, -20, 5
-2,-1:-4, -13, -8, -19, -20, 6
-2,-1:-4, -13, -8, -19, 1, -20
-2,-1:-4, -13, -8, -19, 1, -13
-2,-1:-4, -13, -8, -19, 1, -10
-2,-1:-4, -13, -8, -19, 1, -9
8,8:-4, -13, -4, -10, -23, -9
2,8:-4, -11, -14, -11, -12, 7
21,0:-4, -11, -13, -12, -3, -17
8,-1:-4, -11, -13, 7, -19, -32
8,-1:-4, -11, -13, 7, -19, -31
8,-1:-4, -11, -13, 7, -19, -30
8,-1:-4, -11, -13, 7, -19, -29
8,-1:-4, -11, -13, 7, -19, -28
8,-1:-4, -11, -13, 7, -19, -27
3,4:-4, -6, -14, 6, 12, 20
3,4:-4, -6, -14, 6, 12, 21
3,4:-4, -6, -14, 6, 12, 22
3,4:-4, -6, -14, 6, 12, 23
3,4:-4, -6, -14, 6, 12, 24
3,4:-4, -6, -14, 6, 12, 25
8,-1:-4, -6, -13, -19, -32, 0
8,-1:-4, -6, -13, -19, -32, 7
3,4:-4, -6, 6, 12, 20, -14
3,4:-4, -6, 6, 12, 20, -7
12,4:-4, 2, -3, 3, 2, 11
12,4:-4, 2, -3, 3, 2, 12
12,4:-4, 2, -3, 3, 2, 13
12,4:-4, 2, -3, 3, 2, 14
12,4:-4, 2, -3, 3, 2, 15
12,4:-4, 2, -3, 3, 2, 16
12,4:-4, 2, -3, 3, 11, 2
3,-6:-4, 2, 1, -13, 1, 2
3,-6:-4, 2, 1, -13, 1, 3
3,-6:-4, 2, 1, -13, 1, 6
3,-6:-4, 2, 1, -13, 1, 13
3,-6:-4, 2, 1, 1, 2, -13
3,-6:-4, 2, 1, 1, 2, -12
3,-6:-4, 2, 1, 1, 2, -11
3,-6:-4, 2, 1, 1, 2, -10
3,-6:-4, 2, 1, 1, 2, -9
3,-6:-4, 2, 1, 1, 2, -8
12,-2:-4, 4, 4, 5, 7, -14
4,17:-4, 4, 6, 5, -4, 10
4,12:5, -5, -1, 4, -2, -15
4,12:5, -5, -1, 4, -2, -14
4,12:5, -5, -1, 4, -2, -13
4,12:5, -5, -1, 4, -2, -12
4,12:5, -5, -1, 4, -2, -11
4,12:5, -5, -1, 4, -2, -10
-6,3:5, -5, 0, -11, -12, 9
-6,3:5, -5, 0, -11, -12, 10
-6,3:5, -5, 0, -11, -12, 11
-6,3:5, -5, 0, -11, -12, 12
-6,3:5, -5, 0, -11, -12, 13
-6,3:5, -5, 0, -11, -12, 14
-6,3:5, -5, 0, -11, 9, -12
-6,3:5, -5, 0, -11, 9, -5
-6,3:5, -5, 0, -11, 9, -2
-6,3:5, -5, 0, -11, 9, -1
4,12:5, -5, 4, -2, -15, -1
-2,12:5, -3, -6, -3, -4, 15
17,4:5, -3, -5, -4, 5, -9
4,3:5, -3, -5, 15, -11, -24
4,3:5, -3, -5, 15, -11, -23
4,3:5, -3, -5, 15, -11, -22
4,3:5, -3, -5, 15, -11, -21
4,3:5, -3, -5, 15, -11, -20
4,3:5, -3, -5, 15, -11, -19
-1,8:5, 2, -6, 14, 20, 28
-1,8:5, 2, -6, 14, 20, 29
-1,8:5, 2, -6, 14, 20, 30
-1,8:5, 2, -6, 14, 20, 31
-1,8:5, 2, -6, 14, 20, 32
-1,8:5, 2, -6, 14, 20, 33
4,3:5, 2, -5, -11, -24, 8
4,3:5, 2, -5, -11, -24, 15
-1,8:5, 2, 14, 20, 28, -6
-1,8:5, 2, 14, 20, 28, 1
8,8:5, 10, 5, 11, 10, 19
8,8:5, 10, 5, 11, 10, 20
8,8:5, 10, 5, 11, 10, 21
8,8:5, 10, 5, 11, 10, 22
8,8:5, 10, 5, 11, 10, 23
8,8:5, 10, 5, 11, 10, 24
8,8:5, 10, 5, 11, 19, 10
-1,-2:5, 10, 9, -5, 9, 10
-1,-2:5, 10, 9, -5, 9, 11
-1,-2:5, 10, 9, -5, 9, 14
-1,-2:5, 10, 9, -5, 9, 21
-1,-2:5, 10, 9, 9, 10, -5
-1,-2:5, 10, 9, 9, 10, -4
-1,-2:5, 10, 9, 9, 10, -3
-1,-2:5, 10, 9, 9, 10, -2
-1,-2:5, 10, 9, 9, 10, -1
-1,-2:5, 10, 9, 9, 10, 0
8,2:5, 12, 12, 13, 15, -6
0,21:5, 12, 14, 13, 4, 18
5,-9:6, -3, -5, -7, -1, -19
17,-3:6, -3, -5, -7, -1, -16
0,14:6, -3, -5, 2, -4, 11
-6,2:6, -3, -5, 2, -4, 14
1,-5:6, 6, 3, 1, 7, -11
13,1:6, 6, 3, 1, 7, -8
-4,18:6, 6, 3, 10, 4, 19
-10,6:6, 6, 3, 10, 4, 22
8,-9:-5, -6, -6, -8, -10, -4, -22
20,-3:-5, -6, -6, -8, -10, -4, -19
3,14:-5, -6, -6, -8, -1, -7, 8
-3,2:-5, -6, -6, -8, -1, -7, 11
4,-5:-5, -6, 3, 0, -2, 4, -14
16,1:-5, -6, 3, 0, -2, 4, -11
-1,18:-5, -6, 3, 0, 7, 1, 16
-7,6:-5, -6, 3, 0, 7, 1, 19
10,9:-5, -5, -14, -10, -5, -11, -24
10,9:-5, -5, -14, -10, -5, -11, -23
10,9:-5, -5, -14, -10, -5, -11, -22
10,9:-5, -5, -14, -10, -5, -11, -21
10,9:-5, -5, -14, -10, -5, -11, -20
10,9:-5, -5, -14, -10, -5, -11, -19
0,0:-5, -5, -14, -9, -20, -21, 0
0,0:-5, -5, -14, -9, -20, -21, 1
0,0:-5, -5, -14, -9, -20, -21, 2
0,0:-5, -5, -14, -9, -20, -21, 3
0,0:-5, -5, -14, -9, -20, -21, 4
0,0:-5, -5, -14, -9, -20, -21, 5
0,0:-5, -5, -14, -9, -20, 0, -21
0,0:-5, -5, -14, -9, -20, 0, -14
0,0:-5, -5, -14, -9, -20, 0, -11
0,0:-5, -5, -14, -9, -20, 0, -10
10,9:-5, -5, -14, -5, -11, -24, -10
4,9:-5, -5, -12, -15, -12, -13, 6
23,1:-5, -5, -12, -14, -13, -4, -18
10,0:-5, -5, -12, -14, 6, -20, -33
10,0:-5, -5, -12, -14, 6, -20, -32
10,0:-5, -5, -12, -14, 6, -20, -31
10,0:-5, -5, -12, -14, 6, -20, -30
10,0:-5, -5, -12, -14, 6, -20, -29
10,0:-5, -5, -12, -14, 6, -20, -28
5,5:-5, -5, -7, -15, 5, 11, 19
5,5:-5, -5, -7, -15, 5, 11, 20
5,5:-5, -5, -7, -15, 5, 11, 21
5,5:-5, -5, -7, -15, 5, 11, 22
5,5:-5, -5, -7, -15, 5, 11, 23
5,5:-5, -5, -7, -15, 5, 11, 24
10,0:-5, -5, -7, -14, -20, -33, -1
10,0:-5, -5, -7, -14, -20, -33, 6
5,5:-5, -5, -7, 5, 11, 19, -15
5,5:-5, -5, -7, 5, 11, 19, -8
14,5:-5, -5, 1, -4, 2, 1, 10
14,5:-5, -5, 1, -4, 2, 1, 11
14,5:-5, -5, 1, -4, 2, 1, 12
14,5:-5, -5, 1, -4, 2, 1, 13
14,5:-5, -5, 1, -4, 2, 1, 14
14,5:-5, -5, 1, -4, 2, 1, 15
14,5:-5, -5, 1, -4, 2, 10, 1
5,-5:-5, -5, 1, 0, -14, 0, 1
5,-5:-5, -5, 1, 0, -14, 0, 2
5,-5:-5, -5, 1, 0, -14, 0, 5
5,-5:-5, -5, 1, 0, -14, 0, 12
5,-5:-5, -5, 1, 0, 0, 1, -14
5,-5:-5, -5, 1, 0, 0, 1, -13
5,-5:-5, -5, 1, 0, 0, 1, -12
5,-5:-5, -5, 1, 0, 0, 1, -11
5,-5:-5, -5, 1, 0, 0, 1, -10
5,-5:-5, -5, 1, 0, 0, 1, -9
14,-1:-5, -5, 3, 3, 4, 6, -15
6,18:-5, -5, 3, 5, 4, -5, 9
6,13:-5, 4, -6, -2, 3, -3, -16
6,13:-5, 4, -6, -2, 3, -3, -15
6,13:-5, 4, -6, -2, 3, -3, -14
6,13:-5, 4, -6, -2, 3, -3, -13
6,13:-5, 4, -6, -2, 3, -3, -12
6,13:-5, 4, -6, -2, 3, -3, -11
-4,4:-5, 4, -6, -1, -12, -13, 8
-4,4:-5, 4, -6, -1, -12, -13, 9
-4,4:-5, 4, -6, -1, -12, -13, 10
-4,4:-5, 4, -6, -1, -12, -13, 11
-4,4:-5, 4, -6, -1, -12, -13, 12
-4,4:-5, 4, -6, -1, -12, -13, 13
-4,4:-5, 4, -6, -1, -12, 8, -13
-4,4:-5, 4, -6, -1, -12, 8, -6
-4,4:-5, 4, -6, -1, -12, 8, -3
-4,4:-5, 4, -6, -1, -12, 8, -2
6,13:-5, 4, -6, 3, -3, -16, -2
0,13:-5, 4, -4, -7, -4, -5, 14
19,5:-5, 4, -4, -6, -5, 4, -10
6,4:-5, 4, -4, -6, 14, -12, -25
6,4:-5, 4, -4, -6, 14, -12, -24
6,4:-5, 4, -4, -6, 14, -12, -23
6,4:-5, 4, -4, -6, 14, -12, -22
6,4:-5, 4, -4, -6, 14, -12, -21
6,4:-5, 4, -4, -6, 14, -12, -20
1,9:-5, 4, 1, -7, 13, 19, 27
1,9:-5, 4, 1, -7, 13, 19, 28
1,9:-5, 4, 1, -7, 13, 19, 29
1,9:-5, 4, 1, -7, 13, 19, 30
1,9:-5, 4, 1, -7, 13, 19, 31
1,9:-5, 4, 1, -7, 13, 19, 32
6,4:-5, 4, 1, -6, -12, -25, 7
6,4:-5, 4, 1, -6, -12, -25, 14
1,9:-5, 4, 1, 13, 19, 27, -7
1,9:-5, 4, 1, 13, 19, 27, 0
10,9:-5, 4, 9, 4, 10, 9, 18
10,9:-5, 4, 9, 4, 10, 9, 19
10,9:-5, 4, 9, 4, 10, 9, 20
10,9:-5, 4, 9, 4, 10, 9, 21
10,9:-5, 4, 9, 4, 10, 9, 22
10,9:-5, 4, 9, 4, 10, 9, 23
10,9:-5, 4, 9, 4, 10, 18, 9
1,-1:-5, 4, 9, 8, -6, 8, 9
1,-1:-5, 4, 9, 8, -6, 8, 10
1,-1:-5, 4, 9, 8, -6, 8, 13
1,-1:-5, 4, 9, 8, -6, 8, 20
1,-1:-5, 4, 9, 8, 8, 9, -6
1,-1:-5, 4, 9, 8, 8, 9, -5
1,-1:-5, 4, 9, 8, 8, 9, -4
1,-1:-5, 4, 9, 8, 8, 9, -3
1,-1:-5, 4, 9, 8, 8, 9, -2
1,-1:-5, 4, 9, 8, 8, 9, -1
10,3:-5, 4, 11, 11, 12, 14, -7
2,22:-5, 4, 11, 13, 12, 3, 17
7,-8:-5, 5, -4, -6, -8, -2, -20
19,-2:-5, 5, -4, -6, -8, -2, -17
2,15:-5, 5, -4, -6, 1, -5, 10
-4,3:-5, 5, -4, -6, 1, -5, 13
3,-4:-5, 5, 5, 2, 0, 6, -12
15,2:-5, 5, 5, 2, 0, 6, -9
-2,19:-5, 5, 5, 2, 9, 3, 18
-8,7:-5, 5, 5, 2, 9, 3, 21
11,3:-4, -14, -2, -5, 11, 12, 6
11,3:-4, -14, -2, -5, 11, 12, 17
-1,-12:-4, -14, -1, 0, 11, 13, 8
-1,-12:-4, -14, -1, 0, 11, 13, 9
-1,-12:-4, -14, -1, 0, 11, 13, 10
-1,-12:-4, -14, -1, 0, 11, 13, 11
-1,-12:-4, -14, -1, 0, 11, 13, 12
-1,-12:-4, -14, -1, 0, 11, 13, 13
3,12:-4, -14, -1, 20, 30, 4, -12
3,12:-4, -14, -1, 20, 30, 4, -5
3,12:-4, -14, -1, 20, 30, 4, -2
3,12:-4, -14, -1, 20, 30, 4, -1
1,7:-4, -14, 20, 10, 12, 10, 15
8,8:-4, -13, -14, -4, -10, -23, 7
-1,5:-4, -13, -14, 1, -3, -11, -2
-2,-1:-4, -13, -13, -10, -17, -1, -7
6,1:-4, -13, -13, -4, 7, -8, -20
6,1:-4, -13, -13, -4, 7, -8, -19
6,1:-4, -13, -13, -4, 7, -8, -18
6,1:-4, -13, -13, -4, 7, -8, -17
6,1:-4, -13, -13, -4, 7, -8, -16
6,1:-4, -13, -13, -4, 7, -8, -15
8,8:-4, -13, -9, -4, -10, -26, -24
8,8:-4, -13, -9, -4, -10, -26, -23
8,8:-4, -13, -9, -4, -10, -26, -22
8,8:-4, -13, -9, -4, -10, -26, -21
8,8:-4, -13, -9, -4, -10, -26, -20
8,8:-4, -13, -9, -4, -10, -26, -19
8,8:-4, -13, -9, -4, -10, -15, -22
8,8:-4, -13, -9, -4, -10, -15, -21
8,8:-4, -13, -9, -4, -10, -15, -20
8,8:-4, -13, -9, -4, -10, -15, -19
8,8:-4, -13, -9, -4, -10, -15, -18
8,8:-4, -13, -9, -4, -10, -15, -17
-2,-1:-4, -13, -8, -19, -20, -2, 0
-2,-1:-4, -13, -8, -19, -20, -2, 1
-2,-1:-4, -13, -8, -19, -20, -2, 2
-2,-1:-4, -13, -8, -19, -20, -2, 3
-2,-1:-4, -13, -8, -19, -20, -2, 4
-2,-1:-4, -13, -8, -19, -20, -2, 5
-2,-1:-4, -13, -8, -19, -20, 9, 2
-2,-1:-4, -13, -8, -19, -20, 9, 3
-2,-1:-4, -13, -8, -19, -20, 9, 4
-2,-1:-4, -13, -8, -19, -20, 9, 5
-2,-1:-4, -13, -8, -19, -20, 9, 6
-2,-1:-4, -13, -8, -19, -20, 9, 7
-2,-1:-4, -13, -8, -19, -19, 1, -26
-2,-1:-4, -13, -8, -19, -11, 1, -19
-2,-1:-4, -13, -8, -19, -11, 1, -18
-2,-1:-4, -13, -8, -19, -11, 1, -17
-2,-1:-4, -13, -8, -19, -11, 1, -16
-2,-1:-4, -13, -8, -19, -11, 1, -15
-2,-1:-4, -13, -8, -19, -11, 1, -14
-2,-1:-4, -13, -8, -17, -20, -2, -8
-2,-1:-4, -13, -8, -17, -20, 1, -14
-2,-1:-4, -13, -8, -17, -20, 1, -13
-2,-1:-4, -13, -8, -17, -20, 1, -12
-2,-1:-4, -13, -8, -17, -20, 1, -11
-2,-1:-4, -13, -8, -17, -20, 1, -10
-2,-1:-4, -13, -8, -17, -20, 1, -9
-2,-1:-4, -13, -8, -17, -19, -22, -2
-2,-1:-4, -13, -8, -17, -16, 1, -9
-2,-1:-4, -13, -8, -14, -15, 1, -13
-2,-1:-4, -13, -8, -14, -15, 2, -15
-2,-1:-4, -13, -8, -9, -20, -21, -1
-2,-1:-4, -13, -8, -9, -15, -20, 0
-2,-1:-4, -13, -8, -9, -10, 0, -12
-2,-1:-4, -13, -8, -9, -9, -2, -22
-2,-1:-4, -13, -8, -9, -9, -2, -21
-2,-1:-4, -13, -8, -9, -9, -2, -20
-2,-1:-4, -13, -8, -9, -9, -2, -19
-2,-1:-4, -13, -8, -9, -9, -2, -18
-2,-1:-4, -13, -8, -9, -9, -2, -17
-2,-1:-4, -13, -8, -1, -14, -10, -12
-2,-1:-4, -13, -8, -1, -14, -10, -7
-2,-1:-4, -13, -8, -1, -14, -10, -4
-2,-1:-4, -13, -8, 9, -20, -38, -17
-2,-1:-4, -13, -8, 9, -20, -38, -16
-2,-1:-4, -13, -8, 9, -20, -38, -15
-2,-1:-4, -13, -8, 9, -20, -38, -14
-2,-1:-4, -13, -8, 9, -20, -38, -13
-2,-1:-4, -13, -8, 9, -20, -38, -12
-2,-1:-4, -13, -8, 9, -20, -17, -38
-2,-1:-4, -13, -8, 9, -20, -17, -37
-2,-1:-4, -13, -8, 9, -20, -17, -36
-2,-1:-4, -13, -8, 9, -20, -17, -35
-2,-1:-4, -13, -8, 9, -20, -17, -34
-2,-1:-4, -13, -8, 9, -20, -17, -33
8,8:-4, -13, -4, -10, -23, 7, -14
8,8:-4, -13, -4, -10, -23, 7, -7
3,-6:-4, -13, -4, -1, -9, 1, 1
3,-6:-4, -13, 4, 6, 6, 3, 3
1,8:-4, -11, -14, 4, -6, -9, 5
1,8:-4, -11, -14, 4, -6, 5, -9
1,8:-4, -11, -14, 4, -6, 5, -6
-2,-1:-4, -11, -13, -14, 2, -10, -10
8,-1:-4, -11, -13, 7, -19, -35, -33
8,-1:-4, -11, -13, 7, -19, -35, -32
8,-1:-4, -11, -13, 7, -19, -35, -31
8,-1:-4, -11, -13, 7, -19, -35, -30
8,-1:-4, -11, -13, 7, -19, -35, -29
8,-1:-4, -11, -13, 7, -19, -35, -28
8,-1:-4, -11, -13, 7, -19, -24, -31
8,-1:-4, -11, -13, 7, -19, -24, -30
8,-1:-4, -11, -13, 7, -19, -24, -29
8,-1:-4, -11, -13, 7, -19, -24, -28
8,-1:-4, -11, -13, 7, -19, -24, -27
8,-1:-4, -11, -13, 7, -19, -24, -26
13,-6:-4, -11, -11, -1, -20, -16, -13
13,-6:-4, -11, -11, -1, -20, -16, -12
11,1:-4, -11, -11, 1, -5, -8, 5
11,1:-4, -11, -11, 1, -5, -8, 6
11,1:-4, -11, -11, 1, -5, -8, 7
11,1:-4, -11, -11, 1, -5, -8, 8
11,1:-4, -11, -11, 1, -5, -8, 9
11,1:-4, -11, -11, 1, -5, -8, 10
-8,9:-4, -11, -10, -9, -20, -1, -10
12,-5:-4, -11, -8, -16, -3, -4, -4
12,-5:-4, -11, -8, -16, -3, -4, 3
12,-5:-4, -11, -8, -16, -3, -4, 6
12,-5:-4, -11, -8, -16, -3, -4, 7
12,-9:-4, -11, -8, -15, -11, 7, -7
2,-6:-4, -11, 3, 10, 3, 2, -7
3,4:-4, -6, -14, 6, 12, 17, 19
3,4:-4, -6, -14, 6, 12, 17, 20
3,4:-4, -6, -14, 6, 12, 17, 21
3,4:-4, -6, -14, 6, 12, 17, 22
3,4:-4, -6, -14, 6, 12, 17, 23
3,4:-4, -6, -14, 6, 12, 17, 24
3,4:-4, -6, -14, 6, 12, 28, 21
3,4:-4, -6, -14, 6, 12, 28, 22
3,4:-4, -6, -14, 6, 12, 28, 23
3,4:-4, -6, -14, 6, 12, 28, 24
3,4:-4, -6, -14, 6, 12, 28, 25
3,4:-4, -6, -14, 6, 12, 28, 26
8,-3:-4, -6, -13, -19, -32, -2, 1
8,-1:-4, -6, -13, -19, -32, -2, 2
8,-1:-4, -6, -13, -19, -32, -2, 3
8,-1:-4, -6, -13, -19, -32, -2, 4
8,-1:-4, -6, -13, -19, -32, -2, 5
8,-1:-4, -6, -13, -19, -32, -2, 6
-1,10:-4, -6, -13, -19, -32, 6, 2
8,-1:-4, -6, -13, -19, -32, 6, 13
8,-3:-4, -6, -13, -19, -2, 1, -32
8,-3:-4, -6, -13, -19, -2, 1, -31
8,-3:-4, -6, -13, -19, -2, 1, -30
8,-3:-4, -6, -13, -19, -2, 1, -29
8,-3:-4, -6, -13, -19, -2, 1, -28
8,-3:-4, -6, -13, -19, -2, 1, -27
-1,10:-4, -6, -13, -19, 6, 2, -32
-1,10:-4, -6, -13, -19, 6, 2, -31
-1,10:-4, -6, -13, -19, 6, 2, -30
-1,10:-4, -6, -13, -19, 6, 2, -29
-1,10:-4, -6, -13, -19, 6, 2, -28
-1,10:-4, -6, -13, -19, 6, 2, -27
4,-5:-4, -6, -13, -17, -17, -1, -1
4,-5:-4, -6, -13, -17, -17, -1, 0
4,-5:-4, -6, -13, -17, -17, -1, 3
4,-5:-4, -6, -13, -17, -17, -1, 10
4,-5:-4, -6, -13, -17, -1, -1, -17
4,-5:-4, -6, -13, -17, -1, -1, -16
4,-5:-4, -6, -13, -17, -1, -1, -15
4,-5:-4, -6, -13, -17, -1, -1, -14
4,-5:-4, -6, -13, -17, -1, -1, -13
-2,-1:-4, -6, -13, -14, -19, -27, -14
-2,-1:-4, -6, -13, -14, -19, -14, -27
-2,-1:-4, -6, -13, -14, -19, -14, -26
-2,-1:-4, -6, -13, -14, -19, -14, -23
-2,-1:-4, -6, -13, -14, -19, -14, -16
4,-6:-4, -6, -13, -10, -18, -11, -14
-10,6:-4, -6, -13, -2, -7, 8, 3
14,-5:-4, -6, -13, 6, 12, -9, 20
14,-5:-4, -6, -13, 6, 12, -9, 21
14,-5:-4, -6, -13, 6, 12, -9, 22
14,-5:-4, -6, -13, 6, 12, -9, 23
14,-5:-4, -6, -13, 6, 12, -9, 24
14,-5:-4, -6, -13, 6, 12, -9, 25
3,4:-4, -6, -13, 6, 12, 20, -20
14,-5:-4, -6, -13, 6, 12, 20, -9
7,3:-4, -6, -8, -17, -3, -14, 4
6,2:-4, -6, -8, -11, -22, -14, -11
6,2:-4, -6, -8, -11, -22, -14, -10
6,2:-4, -6, -8, -11, -14, -10, -22
6,2:-4, -6, -8, -11, -14, -10, -21
6,2:-4, -6, -8, -11, -14, -10, -20
6,2:-4, -6, -8, -11, -14, -10, -19
6,2:-4, -6, -8, -11, -14, -10, -18
6,2:-4, -6, -8, -11, -14, -10, -17
1,-2:-4, -6, -8, -7, -26, -22, -17
1,-2:-4, -6, -8, -7, -26, -22, -10
1,-2:-4, -6, -8, -7, -26, -10, -22
1,-2:-4, -6, -8, -7, -26, -10, -21
1,-2:-4, -6, -8, -7, -26, -10, -20
1,-2:-4, -6, -8, -7, -26, -10, -19
1,-2:-4, -6, -8, -7, -26, -10, -18
1,-2:-4, -6, -8, -7, -26, -10, -17
2,-3:-4, -6, 1, 0, 6, 3, 10
2,-3:-4, -6, 1, 0, 6, 3, 11
2,-3:-4, -6, 1, 0, 6, 3, 12
2,-3:-4, -6, 1, 0, 6, 3, 13
2,-3:-4, -6, 1, 0, 6, 3, 14
2,-3:-4, -6, 1, 0, 6, 3, 15
2,-3:-4, -6, 1, 0, 6, 10, 3
2,-3:-4, -6, 1, 0, 6, 10, 10
6,2:-4, -6, 1, 4, 4, 3, 10
6,2:-4, -6, 1, 4, 4, 3, 11
6,2:-4, -6, 1, 4, 4, 3, 12
6,2:-4, -6, 1, 4, 4, 3, 13
6,2:-4, -6, 1, 4, 4, 3, 14
6,2:-4, -6, 1, 4, 4, 3, 15
6,2:-4, -6, 1, 4, 4, 10, 3
6,2:-4, -6, 1, 4, 4, 10, 4
7,3:-4, -6, 1, 10, -4, 7, -11
10,-14:-4, -6, 6, -5, -15, 0, -10
3,-6:-4, -6, 6, 3, 10, 0, 0
-2,0:-4, -6, 6, 3, 11, 4, 7
3,-6:-4, -6, 6, 6, 12, 7, 9
3,-6:-4, -6, 6, 6, 12, 7, 16
3,-6:-4, -6, 6, 6, 12, 7, 19
3,-6:-4, -6, 6, 6, 12, 7, 20
3,-6:-4, -6, 6, 6, 12, 9, 7
-1,0:-4, -6, 6, 10, -6, -17, 6
-1,0:-4, -6, 6, 10, -6, -17, 7
-1,0:-4, -6, 6, 10, -6, -17, 8
-1,0:-4, -6, 6, 10, -6, -17, 9
-1,0:-4, -6, 6, 10, -6, -17, 10
-1,0:-4, -6, 6, 10, -6, 6, -17
-1,0:-4, -6, 6, 10, -6, 6, -10
-1,0:-4, -6, 6, 10, -6, 6, -7
-1,0:-4, -6, 6, 10, -6, 6, -6
1,4:-4, -6, 6, 12, -5, -8, 20
1,4:-4, -6, 6, 12, -5, -8, 21
1,4:-4, -6, 6, 12, -5, -8, 22
1,4:-4, -6, 6, 12, -5, -8, 23
1,4:-4, -6, 6, 12, -5, -8, 24
1,4:-4, -6, 6, 12, -5, -8, 25
3,4:-4, -6, 6, 12, -5, 20, -13
3,4:-4, -6, 6, 12, -5, 20, -12
3,4:-4, -6, 6, 12, -5, 20, -11
3,4:-4, -6, 6, 12, -5, 20, -10
3,4:-4, -6, 6, 12, -5, 20, -9
1,4:-4, -6, 6, 12, -5, 20, -8
5,2:-4, 2, -3, -14, 6, 1, 8
5,2:-4, 2, -3, -14, 6, 1, 9
5,2:-4, 2, -3, -14, 6, 1, 10
5,2:-4, 2, -3, -14, 6, 1, 11
5,2:-4, 2, -3, -14, 6, 1, 12
5,2:-4, 2, -3, -14, 6, 1, 13
-2,-1:-4, 2, -3, -6, 2, -8, -8
12,4:-4, 2, -3, 3, -14, 11, 0
12,4:-4, 2, -3, 3, -14, 11, 7
12,4:-4, 2, -3, 3, 0, 11, -14
12,4:-4, 2, -3, 3, 2, 8, 10
12,4:-4, 2, -3, 3, 2, 8, 11
12,4:-4, 2, -3, 3, 2, 8, 12
12,4:-4, 2, -3, 3, 2, 8, 13
12,4:-4, 2, -3, 3, 2, 8, 14
12,4:-4, 2, -3, 3, 2, 8, 15
12,4:-4, 2, -3, 3, 2, 19, 12
12,4:-4, 2, -3, 3, 2, 19, 13
12,4:-4, 2, -3, 3, 2, 19, 14
12,4:-4, 2, -3, 3, 2, 19, 15
12,4:-4, 2, -3, 3, 2, 19, 16
12,4:-4, 2, -3, 3, 2, 19, 17
9,-5:-4, 2, 0, -8, -14, 4, -5
3,-6:-4, 2, 1, -16, 1, 2, -14
3,-6:-4, 2, 1, -16, 1, 2, -13
3,-6:-4, 2, 1, -16, 1, 2, -12
3,-6:-4, 2, 1, -16, 1, 2, -11
3,-6:-4, 2, 1, -16, 1, 2, -10
3,-6:-4, 2, 1, -16, 1, 2, -9
3,-6:-4, 2, 1, -16, 7, -9, 6
3,-6:-4, 2, 1, -16, 13, 5, 26
3,-6:-4, 2, 1, -16, 13, 5, 27
3,-6:-4, 2, 1, -16, 13, 5, 28
3,-6:-4, 2, 1, -16, 13, 5, 29
3,-6:-4, 2, 1, -16, 13, 5, 30
3,-6:-4, 2, 1, -16, 13, 5, 31
3,-6:-4, 2, 1, -16, 13, 26, 5
3,-6:-4, 2, 1, -16, 13, 26, 6
3,-6:-4, 2, 1, -16, 13, 26, 7
3,-6:-4, 2, 1, -16, 13, 26, 8
3,-6:-4, 2, 1, -16, 13, 26, 9
3,-6:-4, 2, 1, -16, 13, 26, 10
3,-6:-4, 2, 1, -13, 1, 4, 7
3,-6:-4, 2, 1, -13, 1, 4, 8
3,-6:-4, 2, 1, -13, 1, 4, 9
3,-6:-4, 2, 1, -13, 1, 4, 10
3,-6:-4, 2, 1, -13, 1, 4, 11
3,-6:-4, 2, 1, -13, 1, 4, 12
3,-6:-4, 2, 1, -13, 1, 12, 19
3,-6:-4, 2, 1, -13, 7, 3, 8
3,-6:-4, 2, 1, -13, 10, 9, 2
3,-6:-4, 2, 1, -13, 10, 13, 2
3,-6:-4, 2, 1, -13, 10, 13, 3
3,-6:-4, 2, 1, -13, 10, 13, 4
3,-6:-4, 2, 1, -13, 10, 13, 5
3,-6:-4, 2, 1, -13, 10, 13, 6
3,-6:-4, 2, 1, -13, 10, 13, 7
3,-6:-4, 2, 1, -6, 7, -8, -3
3,-6:-4, 2, 1, -6, 7, -8, 0
3,-6:-4, 2, 1, -6, 7, -8, 5
3,-6:-4, 2, 1, -5, 1, 2, -12
3,-6:-4, 2, 1, -5, 1, 2, -11
3,-6:-4, 2, 1, -5, 1, 2, -10
3,-6:-4, 2, 1, -5, 1, 2, -9
3,-6:-4, 2, 1, -5, 1, 2, -8
3,-6:-4, 2, 1, -5, 1, 2, -7
3,-6:-4, 2, 1, -5, 10, 13, 1
3,-6:-4, 2, 1, 2, 1, -5, 10
3,-6:-4, 2, 1, 2, 1, -5, 11
3,-6:-4, 2, 1, 2, 1, -5, 12
3,-6:-4, 2, 1, 2, 1, -5, 13
3,-6:-4, 2, 1, 2, 1, -5, 14
3,-6:-4, 2, 1, 2, 1, -5, 15
3,-6:-4, 2, 1, 2, 3, -7, 5
3,-6:-4, 2, 1, 2, 8, 13, -7
3,-6:-4, 2, 1, 2, 13, 14, -6
3,-6:-4, 2, 1, 10, 12, 15, -5
-2,-2:-4, 4, -10, -17, -10, -9, 0
-1,8:-4, 4, 1, -8, 9, -3, -14
-1,8:-4, 4, 1, -8, 9, -3, -13
-1,8:-4, 4, 1, -8, 9, -3, -10
-1,8:-4, 4, 1, -8, 9, -3, -3
-5,8:-4, 4, 1, 8, -14, 3, 0
13,-12:-4, 4, 3, 1, -6, 5, 3
5,7:-4, 4, 4, -8, -2, 1, -17
5,7:-4, 4, 4, -8, -2, 1, -16
5,7:-4, 4, 4, -8, -2, 1, -15
5,7:-4, 4, 4, -8, -2, 1, -14
5,7:-4, 4, 4, -8, -2, 1, -13
5,7:-4, 4, 4, -8, -2, 1, -12
-2,9:-4, 4, 4, -6, 13, 9, 5
-2,9:-4, 4, 4, -6, 13, 9, 6
12,-3:-4, 4, 7, -11, -1, -12, -1
12,-3:-4, 4, 7, -11, -1, -12, 2
12,-3:-4, 4, 7, -11, -1, -1, -12
16,-1:-4, 7, -27, -37, -6, -11, -6
16,-1:-4, 7, -27, -37, -6, -11, -5
16,-1:-4, 7, -27, -37, -6, -11, -2
16,-1:-4, 7, -27, -37, -6, -11, 5
11,-3:-4, 7, -27, -21, -19, -17, -22
-8,-5:-4, 7, -18, -6, -7, -20, -20
-8,-5:-4, 7, -18, -6, -7, -20, -19
-8,-5:-4, 7, -18, -6, -7, -20, -18
-8,-5:-4, 7, -18, -6, -7, -20, -17
-8,-5:-4, 7, -18, -6, -7, -20, -16
-8,-5:-4, 7, -18, -6, -7, -20, -15
7,7:-4, 7, -18, -5, -7, -19, -24
7,7:-4, 7, -18, -5, -7, -19, -13
7,7:5, -6, 6, 3, 19, 20, 14
7,7:5, -6, 6, 3, 19, 20, 25
-5,-8:5, -6, 7, 8, 19, 21, 16
-5,-8:5, -6, 7, 8, 19, 21, 17
-5,-8:5, -6, 7, 8, 19, 21, 18
-5,-8:5, -6, 7, 8, 19, 21, 19
-5,-8:5, -6, 7, 8, 19, 21, 20
-5,-8:5, -6, 7, 8, 19, 21, 21
-1,16:5, -6, 7, 28, 38, 12, -4
-1,16:5, -6, 7, 28, 38, 12, 3
-1,16:5, -6, 7, 28, 38, 12, 6
-1,16:5, -6, 7, 28, 38, 12, 7
-3,11:5, -6, 28, 18, 20, 18, 23
4,12:5, -5, -6, 4, -2, -15, 15
-5,9:5, -5, -6, 9, 5, -3, 6
-6,3:5, -5, -5, -2, -9, 7, 1
2,5:5, -5, -5, 4, 15, 0, -12
2,5:5, -5, -5, 4, 15, 0, -11
2,5:5, -5, -5, 4, 15, 0, -10
2,5:5, -5, -5, 4, 15, 0, -9
2,5:5, -5, -5, 4, 15, 0, -8
2,5:5, -5, -5, 4, 15, 0, -7
4,12:5, -5, -1, 4, -2, -18, -16
4,12:5, -5, -1, 4, -2, -18, -15
4,12:5, -5, -1, 4, -2, -18, -14
4,12:5, -5, -1, 4, -2, -18, -13
4,12:5, -5, -1, 4, -2, -18, -12
4,12:5, -5, -1, 4, -2, -18, -11
4,12:5, -5, -1, 4, -2, -7, -14
4,12:5, -5, -1, 4, -2, -7, -13
4,12:5, -5, -1, 4, -2, -7, -12
4,12:5, -5, -1, 4, -2, -7, -11
4,12:5, -5, -1, 4, -2, -7, -10
4,12:5, -5, -1, 4, -2, -7, -9
-6,3:5, -5, 0, -11, -12, 6, 8
-6,3:5, -5, 0, -11, -12, 6, 9
-6,3:5, -5, 0, -11, -12, 6, 10
-6,3:5, -5, 0, -11, -12, 6, 11
-6,3:5, -5, 0, -11, -12, 6, 12
-6,3:5, -5, 0, -11, -12, 6, 13
-6,3:5, -5, 0, -11, -12, 17, 10
-6,3:5, -5, 0, -11, -12, 17, 11
-6,3:5, -5, 0, -11, -12, 17, 12
-6,3:5, -5, 0, -11, -12, 17, 13
-6,3:5, -5, 0, -11, -12, 17, 14
-6,3:5, -5, 0, -11, -12, 17, 15
-6,3:5, -5, 0, -11, -11, 9, -18
-6,3:5, -5, 0, -11, -3, 9, -11
-6,3:5, -5, 0, -11, -3, 9, -10
-6,3:5, -5, 0, -11, -3, 9, -9
-6,3:5, -5, 0, -11, -3, 9, -8
-6,3:5, -5, 0, -11, -3, 9, -7
-6,3:5, -5, 0, -11, -3, 9, -6
-6,3:5, -5, 0, -9, -12, 6, 0
-6,3:5, -5, 0, -9, -12, 9, -6
-6,3:5, -5, 0, -9, -12, 9, -5
-6,3:5, -5, 0, -9, -12, 9, -4
-6,3:5, -5, 0, -9, -12, 9, -3
-6,3:5, -5, 0, -9, -12, 9, -2
-6,3:5, -5, 0, -9, -12, 9, -1
-6,3:5, -5, 0, -9, -11, -14, 6
-6,3:5, -5, 0, -9, -8, 9, -1
-6,3:5, -5, 0, -6, -7, 9, -5
-6,3:5, -5, 0, -6, -7, 10, -7
-6,3:5, -5, 0, -1, -12, -13, 7
-6,3:5, -5, 0, -1, -7, -12, 8
-6,3:5, -5, 0, -1, -2, 8, -4
-6,3:5, -5, 0, -1, -1, 6, -14
-6,3:5, -5, 0, -1, -1, 6, -13
-6,3:5, -5, 0, -1, -1, 6, -12
-6,3:5, -5, 0, -1, -1, 6, -11
-6,3:5, -5, 0, -1, -1, 6, -10
-6,3:5, -5, 0, -1, -1, 6, -9
-6,3:5, -5, 0, 7, -6, -2, -4
-6,3:5, -5, 0, 7, -6, -2, 1
-6,3:5, -5, 0, 7, -6, -2, 4
-6,3:5, -5, 0, 17, -12, -30, -9
-6,3:5, -5, 0, 17, -12, -30, -8
-6,3:5, -5, 0, 17, -12, -30, -7
-6,3:5, -5, 0, 17, -12, -30, -6
-6,3:5, -5, 0, 17, -12, -30, -5
-6,3:5, -5, 0, 17, -12, -30, -4
-6,3:5, -5, 0, 17, -12, -9, -30
-6,3:5, -5, 0, 17, -12, -9, -29
-6,3:5, -5, 0, 17, -12, -9, -28
-6,3:5, -5, 0, 17, -12, -9, -27
-6,3:5, -5, 0, 17, -12, -9, -26
-6,3:5, -5, 0, 17, -12, -9, -25
4,12:5, -5, 4, -2, -15, 15, -6
4,12:5, -5, 4, -2, -15, 15, 1
-1,-2:5, -5, 4, 7, -1, 9, 9
-1,-2:5, -5, 12, 14, 14, 11, 11
-3,12:5, -3, -6, 12, 2, -1, 13
-3,12:5, -3, -6, 12, 2, 13, -1
-3,12:5, -3, -6, 12, 2, 13, 2
-6,3:5, -3, -5, -6, 10, -2, -2
4,3:5, -3, -5, 15, -11, -27, -25
4,3:5, -3, -5, 15, -11, -27, -24
4,3:5, -3, -5, 15, -11, -27, -23
4,3:5, -3, -5, 15, -11, -27, -22
4,3:5, -3, -5, 15, -11, -27, -21
4,3:5, -3, -5, 15, -11, -27, -20
4,3:5, -3, -5, 15, -11, -16, -23
4,3:5, -3, -5, 15, -11, -16, -22
4,3:5, -3, -5, 15, -11, -16, -21
4,3:5, -3, -5, 15, -11, -16, -20
4,3:5, -3, -5, 15, -11, -16, -19
4,3:5, -3, -5, 15, -11, -16, -18
9,-2:5, -3, -3, 7, -12, -8, -5
9,-2:5, -3, -3, 7, -12, -8, -4
7,5:5, -3, -3, 9, 3, 0, 13
7,5:5, -3, -3, 9, 3, 0, 14
7,5:5, -3, -3, 9, 3, 0, 15
7,5:5, -3, -3, 9, 3, 0, 16
7,5:5, -3, -3, 9, 3, 0, 17
7,5:5, -3, -3, 9, 3, 0, 18
-12,13:5, -3, -2, -1, -12, 7, -2
8,-1:5, -3, 0, -8, 5, 4, 4
8,-1:5, -3, 0, -8, 5, 4, 11
8,-1:5, -3, 0, -8, 5, 4, 14
8,-1:5, -3, 0, -8, 5, 4, 15
8,-5:5, -3, 0, -7, -3, 15, 1
-2,-2:5, -3, 11, 18, 11, 10, 1
-1,8:5, 2, -6, 14, 20, 25, 27
-1,8:5, 2, -6, 14, 20, 25, 28
-1,8:5, 2, -6, 14, 20, 25, 29
-1,8:5, 2, -6, 14, 20, 25, 30
-1,8:5, 2, -6, 14, 20, 25, 31
-1,8:5, 2, -6, 14, 20, 25, 32
-1,8:5, 2, -6, 14, 20, 36, 29
-1,8:5, 2, -6, 14, 20, 36, 30
-1,8:5, 2, -6, 14, 20, 36, 31
-1,8:5, 2, -6, 14, 20, 36, 32
-1,8:5, 2, -6, 14, 20, 36, 33
-1,8:5, 2, -6, 14, 20, 36, 34
4,1:5, 2, -5, -11, -24, 6, 9
4,3:5, 2, -5, -11, -24, 6, 10
4,3:5, 2, -5, -11, -24, 6, 11
4,3:5, 2, -5, -11, -24, 6, 12
4,3:5, 2, -5, -11, -24, 6, 13
4,3:5, 2, -5, -11, -24, 6, 14
-5,14:5, 2, -5, -11, -24, 14, 10
4,3:5, 2, -5, -11, -24, 14, 21
4,1:5, 2, -5, -11, 6, 9, -24
4,1:5, 2, -5, -11, 6, 9, -23
4,1:5, 2, -5, -11, 6, 9, -22
4,1:5, 2, -5, -11, 6, 9, -21
4,1:5, 2, -5, -11, 6, 9, -20
4,1:5, 2, -5, -11, 6, 9, -19
-5,14:5, 2, -5, -11, 14, 10, -24
-5,14:5, 2, -5, -11, 14, 10, -23
-5,14:5, 2, -5, -11, 14, 10, -22
-5,14:5, 2, -5, -11, 14, 10, -21
-5,14:5, 2, -5, -11, 14, 10, -20
-5,14:5, 2, -5, -11, 14, 10, -19
0,-1:5, 2, -5, -9, -9, 7, 7
0,-1:5, 2, -5, -9, -9, 7, 8
0,-1:5, 2, -5, -9, -9, 7, 11
0,-1:5, 2, -5, -9, -9, 7, 18
0,-1:5, 2, -5, -9, 7, 7, -9
0,-1:5, 2, -5, -9, 7, 7, -8
0,-1:5, 2, -5, -9, 7, 7, -7
0,-1:5, 2, -5, -9, 7, 7, -6
0,-1:5, 2, -5, -9, 7, 7, -5
-6,3:5, 2, -5, -6, -11, -19, -6
-6,3:5, 2, -5, -6, -11, -6, -19
-6,3:5, 2, -5, -6, -11, -6, -18
-6,3:5, 2, -5, -6, -11, -6, -15
-6,3:5, 2, -5, -6, -11, -6, -8
0,-2:5, 2, -5, -2, -10, -3, -6
-14,10:5, 2, -5, 6, 1, 16, 11
10,-1:5, 2, -5, 14, 20, -1, 28
10,-1:5, 2, -5, 14, 20, -1, 29
10,-1:5, 2, -5, 14, 20, -1, 30
10,-1:5, 2, -5, 14, 20, -1, 31
10,-1:5, 2, -5, 14, 20, -1, 32
10,-1:5, 2, -5, 14, 20, -1, 33
-1,8:5, 2, -5, 14, 20, 28, -12
10,-1:5, 2, -5, 14, 20, 28, -1
3,7:5, 2, 0, -9, 5, -6, 12
2,6:5, 2, 0, -3, -14, -6, -3
2,6:5, 2, 0, -3, -14, -6, -2
2,6:5, 2, 0, -3, -6, -2, -14
2,6:5, 2, 0, -3, -6, -2, -13
2,6:5, 2, 0, -3, -6, -2, -12
2,6:5, 2, 0, -3, -6, -2, -11
2,6:5, 2, 0, -3, -6, -2, -10
2,6:5, 2, 0, -3, -6, -2, -9
-3,2:5, 2, 0, 1, -18, -14, -9
-3,2:5, 2, 0, 1, -18, -14, -2
-3,2:5, 2, 0, 1, -18, -2, -14
-3,2:5, 2, 0, 1, -18, -2, -13
-3,2:5, 2, 0, 1, -18, -2, -12
-3,2:5, 2, 0, 1, -18, -2, -11
-3,2:5, 2, 0, 1, -18, -2, -10
-3,2:5, 2, 0, 1, -18, -2, -9
-2,1:5, 2, 9, 8, 14, 11, 18
-2,1:5, 2, 9, 8, 14, 11, 19
-2,1:5, 2, 9, 8, 14, 11, 20
-2,1:5, 2, 9, 8, 14, 11, 21
-2,1:5, 2, 9, 8, 14, 11, 22
-2,1:5, 2, 9, 8, 14, 11, 23
-2,1:5, 2, 9, 8, 14, 18, 11
-2,1:5, 2, 9, 8, 14, 18, 18
2,6:5, 2, 9, 12, 12, 11, 18
2,6:5, 2, 9, 12, 12, 11, 19
2,6:5, 2, 9, 12, 12, 11, 20
2,6:5, 2, 9, 12, 12, 11, 21
2,6:5, 2, 9, 12, 12, 11, 22
2,6:5, 2, 9, 12, 12, 11, 23
2,6:5, 2, 9, 12, 12, 18, 11
2,6:5, 2, 9, 12, 12, 18, 12
3,7:5, 2, 9, 18, 4, 15, -3
6,-10:5, 2, 14, 3, -7, 8, -2
-1,-2:5, 2, 14, 11, 18, 8, 8
-6,4:5, 2, 14, 11, 19, 12, 15
-1,-2:5, 2, 14, 14, 20, 15, 17
-1,-2:5, 2, 14, 14, 20, 15, 24
-1,-2:5, 2, 14, 14, 20, 15, 27
-1,-2:5, 2, 14, 14, 20, 15, 28
-1,-2:5, 2, 14, 14, 20, 17, 15
-5,4:5, 2, 14, 18, 2, -9, 14
-5,4:5, 2, 14, 18, 2, -9, 15
-5,4:5, 2, 14, 18, 2, -9, 16
-5,4:5, 2, 14, 18, 2, -9, 17
-5,4:5, 2, 14, 18, 2, -9, 18
-5,4:5, 2, 14, 18, 2, 14, -9
-5,4:5, 2, 14, 18, 2, 14, -2
-5,4:5, 2, 14, 18, 2, 14, 1
-5,4:5, 2, 14, 18, 2, 14, 2
-3,8:5, 2, 14, 20, 3, 0, 28
-3,8:5, 2, 14, 20, 3, 0, 29
-3,8:5, 2, 14, 20, 3, 0, 30
-3,8:5, 2, 14, 20, 3, 0, 31
-3,8:5, 2, 14, 20, 3, 0, 32
-3,8:5, 2, 14, 20, 3, 0, 33
-1,8:5, 2, 14, 20, 3, 28, -5
-1,8:5, 2, 14, 20, 3, 28, -4
-1,8:5, 2, 14, 20, 3, 28, -3
-1,8:5, 2, 14, 20, 3, 28, -2
-1,8:5, 2, 14, 20, 3, 28, -1
-3,8:5, 2, 14, 20, 3, 28, 0
1,6:5, 10, 5, -6, 14, 9, 16
1,6:5, 10, 5, -6, 14, 9, 17
1,6:5, 10, 5, -6, 14, 9, 18
1,6:5, 10, 5, -6, 14, 9, 19
1,6:5, 10, 5, -6, 14, 9, 20
1,6:5, 10, 5, -6, 14, 9, 21
-6,3:5, 10, 5, 2, 10, 0, 0
8,8:5, 10, 5, 11, -6, 19, 8
8,8:5, 10, 5, 11, -6, 19, 15
8,8:5, 10, 5, 11, 8, 19, -6
8,8:5, 10, 5, 11, 10, 16, 18
8,8:5, 10, 5, 11, 10, 16, 19
8,8:5, 10, 5, 11, 10, 16, 20
8,8:5, 10, 5, 11, 10, 16, 21
8,8:5, 10, 5, 11, 10, 16, 22
8,8:5, 10, 5, 11, 10, 16, 23
8,8:5, 10, 5, 11, 10, 27, 20
8,8:5, 10, 5, 11, 10, 27, 21
8,8:5, 10, 5, 11, 10, 27, 22
8,8:5, 10, 5, 11, 10, 27, 23
8,8:5, 10, 5, 11, 10, 27, 24
8,8:5, 10, 5, 11, 10, 27, 25
5,-1:5, 10, 8, 0, -6, 12, 3
-1,-2:5, 10, 9, -8, 9, 10, -6
-1,-2:5, 10, 9, -8, 9, 10, -5
-1,-2:5, 10, 9, -8, 9, 10, -4
-1,-2:5, 10, 9, -8, 9, 10, -3
-1,-2:5, 10, 9, -8, 9, 10, -2
-1,-2:5, 10, 9, -8, 9, 10, -1
-1,-2:5, 10, 9, -8, 15, -1, 14
-1,-2:5, 10, 9, -8, 21, 13, 34
-1,-2:5, 10, 9, -8, 21, 13, 35
-1,-2:5, 10, 9, -8, 21, 13, 36
-1,-2:5, 10, 9, -8, 21, 13, 37
-1,-2:5, 10, 9, -8, 21, 13, 38
-1,-2:5, 10, 9, -8, 21, 13, 39
-1,-2:5, 10, 9, -8, 21, 34, 13
-1,-2:5, 10, 9, -8, 21, 34, 14
-1,-2:5, 10, 9, -8, 21, 34, 15
-1,-2:5, 10, 9, -8, 21, 34, 16
-1,-2:5, 10, 9, -8, 21, 34, 17
-1,-2:5, 10, 9, -8, 21, 34, 18
-1,-2:5, 10, 9, -5, 9, 12, 15
-1,-2:5, 10, 9, -5, 9, 12, 16
-1,-2:5, 10, 9, -5, 9, 12, 17
-1,-2:5, 10, 9, -5, 9, 12, 18
-1,-2:5, 10, 9, -5, 9, 12, 19
-1,-2:5, 10, 9, -5, 9, 12, 20
-1,-2:5, 10, 9, -5, 9, 20, 27
-1,-2:5, 10, 9, -5, 15, 11, 16
-1,-2:5, 10, 9, -5, 18, 17, 10
-1,-2:5, 10, 9, -5, 18, 21, 10
-1,-2:5, 10, 9, -5, 18, 21, 11
-1,-2:5, 10, 9, -5, 18, 21, 12
-1,-2:5, 10, 9, -5, 18, 21, 13
-1,-2:5, 10, 9, -5, 18, 21, 14
-1,-2:5, 10, 9, -5, 18, 21, 15
-1,-2:5, 10, 9, 2, 15, 0, 5
-1,-2:5, 10, 9, 2, 15, 0, 8
-1,-2:5, 10, 9, 2, 15, 0, 13
-1,-2:5, 10, 9, 3, 9, 10, -4
-1,-2:5, 10, 9, 3, 9, 10, -3
-1,-2:5, 10, 9, 3, 9, 10, -2
-1,-2:5, 10, 9, 3, 9, 10, -1
-1,-2:5, 10, 9, 3, 9, 10, 0
-1,-2:5, 10, 9, 3, 9, 10, 1
-1,-2:5, 10, 9, 3, 18, 21, 9
-1,-2:5, 10, 9, 10, 9, 3, 18
-1,-2:5, 10, 9, 10, 9, 3, 19
-1,-2:5, 10, 9, 10, 9, 3, 20
-1,-2:5, 10, 9, 10, 9, 3, 21
-1,-2:5, 10, 9, 10, 9, 3, 22
-1,-2:5, 10, 9, 10, 9, 3, 23
-1,-2:5, 10, 9, 10, 11, 1, 13
-1,-2:5, 10, 9, 10, 16, 21, 1
-1,-2:5, 10, 9, 10, 21, 22, 2
-1,-2:5, 10, 9, 18, 20, 23, 3
-6,2:5, 12, -2, -9, -2, -1, 8
-5,12:5, 12, 9, 0, 17, 5, -6
-5,12:5, 12, 9, 0, 17, 5, -5
-5,12:5, 12, 9, 0, 17, 5, -2
-5,12:5, 12, 9, 0, 17, 5, 5
-9,12:5, 12, 9, 16, -6, 11, 8
9,-8:5, 12, 11, 9, 2, 13, 11
1,11:5, 12, 12, 0, 6, 9, -9
1,11:5, 12, 12, 0, 6, 9, -8
1,11:5, 12, 12, 0, 6, 9, -7
1,11:5, 12, 12, 0, 6, 9, -6
1,11:5, 12, 12, 0, 6, 9, -5
1,11:5, 12, 12, 0, 6, 9, -4
-6,13:5, 12, 12, 2, 21, 17, 13
-6,13:5, 12, 12, 2, 21, 17, 14
8,1:5, 12, 15, -3, 7, -4, 7
8,1:5, 12, 15, -3, 7, -4, 10
8,1:5, 12, 15, -3, 7, 7, -4
12,3:5, 15, -19, -29, 2, -3, 2
12,3:5, 15, -19, -29, 2, -3, 3
12,3:5, 15, -19, -29, 2, -3, 6
12,3:5, 15, -19, -29, 2, -3, 13
7,1:5, 15, -19, -13, -11, -9, -14
-12,-1:5, 15, -10, 2, 1, -12, -12
-12,-1:5, 15, -10, 2, 1, -12, -11
-12,-1:5, 15, -10, 2, 1, -12, -10
-12,-1:5, 15, -10, 2, 1, -12, -9
-12,-1:5, 15, -10, 2, 1, -12, -8
-12,-1:5, 15, -10, 2, 1, -12, -7
3,11:5, 15, -10, 3, 1, -11, -16
3,11:5, 15, -10, 3, 1, -11, -5
9,10:6, -3, -12, -8, -3, -9, -22
9,10:6, -3, -12, -8, -3, -9, -21
9,10:6, -3, -12, -8, -3, -9, -20
9,10:6, -3, -12, -8, -3, -9, -19
9,10:6, -3, -12, -8, -3, -9, -18
9,10:6, -3, -12, -8, -3, -9, -17
-1,1:6, -3, -12, -7, -18, -19, 2
-1,1:6, -3, -12, -7, -18, -19, 3
-1,1:6, -3, -12, -7, -18, -19, 4
-1,1:6, -3, -12, -7, -18, -19, 5
-1,1:6, -3, -12, -7, -18, -19, 6
-1,1:6, -3, -12, -7, -18, -19, 7
-1,1:6, -3, -12, -7, -18, 2, -19
-1,1:6, -3, -12, -7, -18, 2, -12
-1,1:6, -3, -12, -7, -18, 2, -9
-1,1:6, -3, -12, -7, -18, 2, -8
9,10:6, -3, -12, -3, -9, -22, -8
3,10:6, -3, -10, -13, -10, -11, 8
22,2:6, -3, -10, -12, -11, -2, -16
9,1:6, -3, -10, -12, 8, -18, -31
9,1:6, -3, -10, -12, 8, -18, -30
9,1:6, -3, -10, -12, 8, -18, -29
9,1:6, -3, -10, -12, 8, -18, -28
9,1:6, -3, -10, -12, 8, -18, -27
9,1:6, -3, -10, -12, 8, -18, -26
4,6:6, -3, -5, -13, 7, 13, 21
4,6:6, -3, -5, -13, 7, 13, 22
4,6:6, -3, -5, -13, 7, 13, 23
4,6:6, -3, -5, -13, 7, 13, 24
4,6:6, -3, -5, -13, 7, 13, 25
4,6:6, -3, -5, -13, 7, 13, 26
9,1:6, -3, -5, -12, -18, -31, 1
9,1:6, -3, -5, -12, -18, -31, 8
4,6:6, -3, -5, 7, 13, 21, -13
4,6:6, -3, -5, 7, 13, 21, -6
13,6:6, -3, 3, -2, 4, 3, 12
13,6:6, -3, 3, -2, 4, 3, 13
13,6:6, -3, 3, -2, 4, 3, 14
13,6:6, -3, 3, -2, 4, 3, 15
13,6:6, -3, 3, -2, 4, 3, 16
13,6:6, -3, 3, -2, 4, 3, 17
13,6:6, -3, 3, -2, 4, 12, 3
4,-4:6, -3, 3, 2, -12, 2, 3
4,-4:6, -3, 3, 2, -12, 2, 4
4,-4:6, -3, 3, 2, -12, 2, 7
4,-4:6, -3, 3, 2, -12, 2, 14
4,-4:6, -3, 3, 2, 2, 3, -12
4,-4:6, -3, 3, 2, 2, 3, -11
4,-4:6, -3, 3, 2, 2, 3, -10
4,-4:6, -3, 3, 2, 2, 3, -9
4,-4:6, -3, 3, 2, 2, 3, -8
4,-4:6, -3, 3, 2, 2, 3, -7
13,0:6, -3, 5, 5, 6, 8, -13
5,19:6, -3, 5, 7, 6, -3, 11
5,14:6, 6, -4, 0, 5, -1, -14
5,14:6, 6, -4, 0, 5, -1, -13
5,14:6, 6, -4, 0, 5, -1, -12
5,14:6, 6, -4, 0, 5, -1, -11
5,14:6, 6, -4, 0, 5, -1, -10
5,14:6, 6, -4, 0, 5, -1, -9
-5,5:6, 6, -4, 1, -10, -11, 10
-5,5:6, 6, -4, 1, -10, -11, 11
-5,5:6, 6, -4, 1, -10, -11, 12
-5,5:6, 6, -4, 1, -10, -11, 13
-5,5:6, 6, -4, 1, -10, -11, 14
-5,5:6, 6, -4, 1, -10, -11, 15
-5,5:6, 6, -4, 1, -10, 10, -11
-5,5:6, 6, -4, 1, -10, 10, -4
-5,5:6, 6, -4, 1, -10, 10, -1
-5,5:6, 6, -4, 1, -10, 10, 0
5,14:6, 6, -4, 5, -1, -14, 0
-1,14:6, 6, -2, -5, -2, -3, 16
18,6:6, 6, -2, -4, -3, 6, -8
5,5:6, 6, -2, -4, 16, -10, -23
5,5:6, 6, -2, -4, 16, -10, -22
5,5:6, 6, -2, -4, 16, -10, -21
5,5:6, 6, -2, -4, 16, -10, -20
5,5:6, 6, -2, -4, 16, -10, -19
5,5:6, 6, -2, -4, 16, -10, -18
0,10:6, 6, 3, -5, 15, 21, 29
0,10:6, 6, 3, -5, 15, 21, 30
0,10:6, 6, 3, -5, 15, 21, 31
0,10:6, 6, 3, -5, 15, 21, 32
0,10:6, 6, 3, -5, 15, 21, 33
0,10:6, 6, 3, -5, 15, 21, 34
5,5:6, 6, 3, -4, -10, -23, 9
5,5:6, 6, 3, -4, -10, -23, 16
0,10:6, 6, 3, 15, 21, 29, -5
0,10:6, 6, 3, 15, 21, 29, 2
9,10:6, 6, 11, 6, 12, 11, 20
9,10:6, 6, 11, 6, 12, 11, 21
9,10:6, 6, 11, 6, 12, 11, 22
9,10:6, 6, 11, 6, 12, 11, 23
9,10:6, 6, 11, 6, 12, 11, 24
9,10:6, 6, 11, 6, 12, 11, 25
9,10:6, 6, 11, 6, 12, 20, 11
0,0:6, 6, 11, 10, -4, 10, 11
0,0:6, 6, 11, 10, -4, 10, 12
0,0:6, 6, 11, 10, -4, 10, 15
0,0:6, 6, 11, 10, -4, 10, 22
0,0:6, 6, 11, 10, 10, 11, -4
0,0:6, 6, 11, 10, 10, 11, -3
0,0:6, 6, 11, 10, 10, 11, -2
0,0:6, 6, 11, 10, 10, 11, -1
0,0:6, 6, 11, 10, 10, 11, 0
0,0:6, 6, 11, 10, 10, 11, 1
9,4:6, 6, 13, 13, 14, 16, -5
1,23:6, 6, 13, 15, 14, 5, 19
6,-7:6, 7, -2, -4, -6, 0, -18
18,-1:6, 7, -2, -4, -6, 0, -15
1,16:6, 7, -2, -4, 3, -3, 12
-5,4:6, 7, -2, -4, 3, -3, 15
2,-3:6, 7, 7, 4, 2, 8, -10
14,3:6, 7, 7, 4, 2, 8, -7
-3,20:6, 7, 7, 4, 11, 5, 20
-9,8:6, 7, 7, 4, 11, 5, 23
