18,2:-4, -11, -11, -1, 2
6,14:-4, 4, 4, -6, -9
6,14:-4, 4, 4, -6, 2
14,6:5, -3, -3, 7, -1
14,6:5, -3, -3, 7, 10
2,18:5, 12, 12, 2, -1
2,18:5, 12, 12, 2, 10
20,3:-5, -5, -12, -12, -2, -10
20,3:-5, -5, -12, -12, -2, 1
8,15:-5, -5, 3, 3, -7, -10
8,15:-5, -5, 3, 3, -7, 1
16,7:-5, 4, -4, -4, 6, -2
16,7:-5, 4, -4, -4, 6, 9
4,19:-5, 4, 11, 11, 1, -2
4,19:-5, 4, 11, 11, 1, 9
18,2:-4, -11, -14, -11, -1, -4
18,2:-4, -11, -14, -11, -1, -3
18,2:-4, -11, -14, -11, -1, 0
18,2:-4, -11, -14, -11, -1, 7
18,2:-4, -11, -11, -1, 0, -7
18,2:-4, -11, -11, -1, 0, -4
18,2:-4, -11, -11, -1, 0, -3
0,1:-4, -6, -13, -17, -17, -10
0,1:-4, -6, -13, -17, -17, -9
0,1:-4, -6, -13, -17, -17, -8
0,1:-4, -6, -13, -17, -17, -7
0,1:-4, -6, -13, -17, -17, -6
0,1:-4, -6, -13, -17, -8, -17
0,1:-4, -6, -13, -17, -8, -16
0,1:-4, -6, -13, -17, -8, -15
0,1:-4, -6, -13, -17, -8, -14
0,1:-4, -6, -13, -17, -8, -13
0,1:-4, -6, -13, -17, -8, -12
9,-12:-4, -6, -13, -2, -1, -16
-8,5:-4, -6, 6, -5, -6, 9
5,-4:-4, -6, 6, 10, -1, 5
5,-4:-4, -6, 6, 10, -1, 6
5,-4:-4, -6, 6, 10, -1, 7
5,-4:-4, -6, 6, 10, -1, 8
5,-4:-4, -6, 6, 10, -1, 9
5,-4:-4, -6, 6, 10, -1, 10
5,-4:-4, -6, 6, 10, 5, -1
5,-4:-4, -6, 6, 10, 5, 0
5,-4:-4, -6, 6, 10, 5, 1
5,-4:-4, -6, 6, 10, 5, 2
5,-4:-4, -6, 6, 10, 5, 3
6,14:-4, 4, 4, -6, -14, -4
6,14:-4, 4, 4, -6, -14, -3
6,14:-4, 4, 4, -6, -14, 0
6,14:-4, 4, 4, -6, 0, -14
6,14:-4, 4, 4, -6, 0, -7
6,14:-4, 4, 4, -6, 0, -4
6,14:-4, 4, 4, -6, 0, -3
14,6:5, -3, -6, -3, 7, 4
14,6:5, -3, -6, -3, 7, 5
14,6:5, -3, -6, -3, 7, 8
14,6:5, -3, -6, -3, 7, 15
14,6:5, -3, -3, 7, 8, 1
14,6:5, -3, -3, 7, 8, 4
14,6:5, -3, -3, 7, 8, 5
-4,5:5, 2, -5, -9, -9, -2
-4,5:5, 2, -5, -9, -9, -1
-4,5:5, 2, -5, -9, -9, 0
-4,5:5, 2, -5, -9, -9, 1
-4,5:5, 2, -5, -9, -9, 2
-4,5:5, 2, -5, -9, 0, -9
-4,5:5, 2, -5, -9, 0, -8
-4,5:5, 2, -5, -9, 0, -7
-4,5:5, 2, -5, -9, 0, -6
-4,5:5, 2, -5, -9, 0, -5
-4,5:5, 2, -5, -9, 0, -4
5,-8:5, 2, -5, 6, 7, -8
-12,9:5, 2, 14, 3, 2, 17
1,0:5, 2, 14, 18, 7, 13
1,0:5, 2, 14, 18, 7, 14
1,0:5, 2, 14, 18, 7, 15
1,0:5, 2, 14, 18, 7, 16
1,0:5, 2, 14, 18, 7, 17
1,0:5, 2, 14, 18, 7, 18
1,0:5, 2, 14, 18, 13, 7
1,0:5, 2, 14, 18, 13, 8
1,0:5, 2, 14, 18, 13, 9
1,0:5, 2, 14, 18, 13, 10
1,0:5, 2, 14, 18, 13, 11
2,18:5, 12, 12, 2, -6, 4
2,18:5, 12, 12, 2, -6, 5
2,18:5, 12, 12, 2, -6, 8
2,18:5, 12, 12, 2, 8, -6
2,18:5, 12, 12, 2, 8, 1
2,18:5, 12, 12, 2, 8, 4
2,18:5, 12, 12, 2, 8, 5
19,4:6, -3, -10, -10, 0, -8
19,4:6, -3, -10, -10, 0, 3
7,16:6, -3, 5, 5, -5, -8
7,16:6, -3, 5, 5, -5, 3
15,8:6, 6, -2, -2, 8, 0
15,8:6, 6, -2, -2, 8, 11
3,20:6, 6, 13, 13, 3, 0
3,20:6, 6, 13, 13, 3, 11
22,4:-5, -6, -6, -13, -13, -3, -11
22,4:-5, -6, -6, -13, -13, -3, 0
10,16:-5, -6, -6, 2, 2, -8, -11
10,16:-5, -6, -6, 2, 2, -8, 0
18,8:-5, -6, 3, -5, -5, 5, -3
18,8:-5, -6, 3, -5, -5, 5, 8
6,20:-5, -6, 3, 10, 10, 0, -3
6,20:-5, -6, 3, 10, 10, 0, 8
20,3:-5, -5, -12, -15, -12, -2, -5
20,3:-5, -5, -12, -15, -12, -2, -4
20,3:-5, -5, -12, -15, -12, -2, -1
20,3:-5, -5, -12, -15, -12, -2, 6
20,3:-5, -5, -12, -12, -2, -1, -8
20,3:-5, -5, -12, -12, -2, -1, -5
20,3:-5, -5, -12, -12, -2, -1, -4
2,2:-5, -5, -7, -14, -18, -18, -11
2,2:-5, -5, -7, -14, -18, -18, -10
2,2:-5, -5, -7, -14, -18, -18, -9
2,2:-5, -5, -7, -14, -18, -18, -8
2,2:-5, -5, -7, -14, -18, -18, -7
2,2:-5, -5, -7, -14, -18, -9, -18
2,2:-5, -5, -7, -14, -18, -9, -17
2,2:-5, -5, -7, -14, -18, -9, -16
2,2:-5, -5, -7, -14, -18, -9, -15
2,2:-5, -5, -7, -14, -18, -9, -14
2,2:-5, -5, -7, -14, -18, -9, -13
11,-11:-5, -5, -7, -14, -3, -2, -17
-6,6:-5, -5, -7, 5, -6, -7, 8
7,-3:-5, -5, -7, 5, 9, -2, 4
7,-3:-5, -5, -7, 5, 9, -2, 5
7,-3:-5, -5, -7, 5, 9, -2, 6
7,-3:-5, -5, -7, 5, 9, -2, 7
7,-3:-5, -5, -7, 5, 9, -2, 8
7,-3:-5, -5, -7, 5, 9, -2, 9
7,-3:-5, -5, -7, 5, 9, 4, -2
7,-3:-5, -5, -7, 5, 9, 4, -1
7,-3:-5, -5, -7, 5, 9, 4, 0
7,-3:-5, -5, -7, 5, 9, 4, 1
7,-3:-5, -5, -7, 5, 9, 4, 2
8,15:-5, -5, 3, 3, -7, -15, -5
8,15:-5, -5, 3, 3, -7, -15, -4
8,15:-5, -5, 3, 3, -7, -15, -1
8,15:-5, -5, 3, 3, -7, -1, -15
8,15:-5, -5, 3, 3, -7, -1, -8
8,15:-5, -5, 3, 3, -7, -1, -5
8,15:-5, -5, 3, 3, -7, -1, -4
16,7:-5, 4, -4, -7, -4, 6, 3
16,7:-5, 4, -4, -7, -4, 6, 4
16,7:-5, 4, -4, -7, -4, 6, 7
16,7:-5, 4, -4, -7, -4, 6, 14
16,7:-5, 4, -4, -4, 6, 7, 0
16,7:-5, 4, -4, -4, 6, 7, 3
16,7:-5, 4, -4, -4, 6, 7, 4
-2,6:-5, 4, 1, -6, -10, -10, -3
-2,6:-5, 4, 1, -6, -10, -10, -2
-2,6:-5, 4, 1, -6, -10, -10, -1
-2,6:-5, 4, 1, -6, -10, -10, 0
-2,6:-5, 4, 1, -6, -10, -10, 1
-2,6:-5, 4, 1, -6, -10, -1, -10
-2,6:-5, 4, 1, -6, -10, -1, -9
-2,6:-5, 4, 1, -6, -10, -1, -8
-2,6:-5, 4, 1, -6, -10, -1, -7
-2,6:-5, 4, 1, -6, -10, -1, -6
-2,6:-5, 4, 1, -6, -10, -1, -5
7,-7:-5, 4, 1, -6, 5, 6, -9
-10,10:-5, 4, 1, 13, 2, 1, 16
3,1:-5, 4, 1, 13, 17, 6, 12
3,1:-5, 4, 1, 13, 17, 6, 13
3,1:-5, 4, 1, 13, 17, 6, 14
3,1:-5, 4, 1, 13, 17, 6, 15
3,1:-5, 4, 1, 13, 17, 6, 16
3,1:-5, 4, 1, 13, 17, 6, 17
3,1:-5, 4, 1, 13, 17, 12, 6
3,1:-5, 4, 1, 13, 17, 12, 7
3,1:-5, 4, 1, 13, 17, 12, 8
3,1:-5, 4, 1, 13, 17, 12, 9
3,1:-5, 4, 1, 13, 17, 12, 10
4,19:-5, 4, 11, 11, 1, -7, 3
4,19:-5, 4, 11, 11, 1, -7, 4
4,19:-5, 4, 11, 11, 1, -7, 7
4,19:-5, 4, 11, 11, 1, 7, -7
4,19:-5, 4, 11, 11, 1, 7, 0
4,19:-5, 4, 11, 11, 1, 7, 3
4,19:-5, 4, 11, 11, 1, 7, 4
21,5:-5, 5, -4, -11, -11, -1, -9
21,5:-5, 5, -4, -11, -11, -1, 2
9,17:-5, 5, -4, 4, 4, -6, -9
9,17:-5, 5, -4, 4, 4, -6, 2
17,9:-5, 5, 5, -3, -3, 7, -1
17,9:-5, 5, 5, -3, -3, 7, 10
5,21:-5, 5, 5, 12, 12, 2, -1
5,21:-5, 5, 5, 12, 12, 2, 10
8,-7:-4, -13, -13, 1, -3, -2, 2
8,-7:-4, -13, -13, 1, -3, -2, 3
8,-7:-4, -13, -13, 1, -3, -2, 4
8,-7:-4, -13, -13, 1, -3, -2, 5
8,-7:-4, -13, -13, 1, -3, -2, 6
8,-7:-4, -13, -13, 1, -3, -2, 7
-19,9:-4, -13, 4, -6, 6, 6, -7
2,-6:-4, -13, 4, 7, -8, -19, -8
18,2:-4, -11, -14, -11, -1, -2, 1
18,2:-4, -11, -14, -11, -1, -2, 2
18,2:-4, -11, -14, -11, -1, -2, 3
18,2:-4, -11, -14, -11, -1, -2, 4
18,2:-4, -11, -14, -11, -1, -2, 5
18,2:-4, -11, -14, -11, -1, -2, 6
18,2:-4, -11, -14, -11, -1, 6, 13
-2,-2:-4, -11, -14, 2, 1, 1, 1
18,2:-4, -11, -13, -14, -11, -1, -5
13,-23:-4, -11, -13, -14, 2, -1, 0
18,2:-4, -11, -11, -1, 0, -5, -9
18,2:-4, -11, -11, -1, 0, -5, -8
18,2:-4, -11, -11, -1, 1, -5, 9
18,2:-4, -11, -11, -1, 1, 2, 14
18,2:-4, -11, -11, -1, 1, 10, 4
18,2:-4, -11, -11, -1, 1, 13, 2
18,2:-4, -11, -11, -1, 1, 13, 6
18,2:-4, -11, -11, -1, 1, 13, 7
18,2:-4, -11, -11, -1, 1, 13, 9
18,2:-4, -11, -11, -1, 1, 13, 12
18,2:-4, -11, -11, -1, 6, 6, -2
18,2:-4, -11, -11, -1, 6, 6, 10
8,-2:-4, -11, -8, -11, 6, -13, -14
8,-2:-4, -11, -8, -11, 6, -13, -13
8,-2:-4, -11, -8, -11, 6, -13, -6
8,-2:-4, -11, -8, -11, 6, -13, -5
7,5:-4, -11, 3, -9, 0, -6, 3
0,1:-4, -6, -13, -17, -20, -21, -10
0,1:-4, -6, -13, -17, -20, -9, -18
0,1:-4, -6, -13, -17, -20, -9, -17
0,1:-4, -6, -13, -17, -20, -9, -16
0,1:-4, -6, -13, -17, -20, -9, -15
0,1:-4, -6, -13, -17, -20, -9, -14
0,1:-4, -6, -13, -17, -20, -9, -13
0,1:-4, -6, -13, -17, -19, -29, -24
0,1:-4, -6, -13, -17, -19, -29, -23
0,1:-4, -6, -13, -17, -19, -29, -22
0,1:-4, -6, -13, -17, -19, -29, -21
0,1:-4, -6, -13, -17, -19, -29, -20
0,1:-4, -6, -13, -17, -19, -29, -19
0,1:-4, -6, -13, -17, -17, -13, -11
0,1:-4, -6, -13, -17, -17, -13, -10
0,1:-4, -6, -13, -17, -17, -13, -9
0,1:-4, -6, -13, -17, -17, -13, -8
0,1:-4, -6, -13, -17, -17, -13, -7
0,1:-4, -6, -13, -17, -10, -14, -13
0,1:-4, -6, -13, -17, -10, -13, -18
0,1:-4, -6, -13, -17, -10, -13, -17
0,1:-4, -6, -13, -17, -10, -13, -16
0,1:-4, -6, -13, -17, -10, -13, -15
0,1:-4, -6, -13, -17, -10, -13, -14
0,1:-4, -6, -13, -17, -10, -13, -13
0,1:-4, -6, -13, -17, -10, -3, -21
0,1:-4, -6, -13, -17, -9, -7, -16
0,1:-4, -6, -13, -17, -9, -7, -15
0,1:-4, -6, -13, -17, -9, -7, -14
0,1:-4, -6, -13, -17, -9, -7, -13
0,1:-4, -6, -13, -17, -9, -7, -12
0,1:-4, -6, -13, -17, -9, -7, -11
3,0:-4, -6, -13, -17, -8, -10, -17
5,-4:-4, -6, 6, 10, -1, 2, 4
5,-4:-4, -6, 6, 10, -1, 2, 5
5,-4:-4, -6, 6, 10, -1, 2, 6
5,-4:-4, -6, 6, 10, -1, 2, 7
5,-4:-4, -6, 6, 10, -1, 2, 8
5,-4:-4, -6, 6, 10, -1, 2, 9
4,-1:-4, -6, 6, 10, -1, 3, 10
5,-4:-4, -6, 6, 10, -1, 13, 6
5,-4:-4, -6, 6, 10, -1, 13, 7
5,-4:-4, -6, 6, 10, -1, 13, 8
5,-4:-4, -6, 6, 10, -1, 13, 9
5,-4:-4, -6, 6, 10, -1, 13, 10
5,-4:-4, -6, 6, 10, -1, 13, 11
5,-4:-4, -6, 6, 10, 3, -4, 14
5,-4:-4, -6, 6, 10, 3, 1, 6
5,-4:-4, -6, 6, 10, 3, 1, 7
5,-4:-4, -6, 6, 10, 3, 1, 8
5,-4:-4, -6, 6, 10, 3, 1, 9
5,-4:-4, -6, 6, 10, 3, 1, 10
5,-4:-4, -6, 6, 10, 3, 1, 11
5,-4:-4, -6, 6, 10, 3, 7, 6
5,-4:-4, -6, 6, 10, 5, 6, 0
5,-4:-4, -6, 6, 10, 5, 6, 1
5,-4:-4, -6, 6, 10, 5, 6, 2
5,-4:-4, -6, 6, 10, 5, 6, 3
5,-4:-4, -6, 6, 10, 5, 6, 4
5,-4:-4, -6, 6, 10, 12, 22, 12
5,-4:-4, -6, 6, 10, 12, 22, 13
5,-4:-4, -6, 6, 10, 12, 22, 14
5,-4:-4, -6, 6, 10, 12, 22, 15
5,-4:-4, -6, 6, 10, 12, 22, 16
5,-4:-4, -6, 6, 10, 12, 22, 17
5,-4:-4, -6, 6, 10, 13, 14, 3
-3,4:-4, 2, 6, -8, -9, -5, -14
-3,4:-4, 2, 6, -8, -9, -5, -13
-3,4:-4, 2, 6, -8, -9, -5, -12
-3,4:-4, 2, 6, -8, -9, -5, -11
-3,4:-4, 2, 6, -8, -9, -5, -10
-3,4:-4, 2, 6, -8, -9, -5, -9
9,3:-4, 4, -10, 2, -7, -1, -10
2,4:-4, 4, 1, -13, -1, 6, -2
2,4:-4, 4, 1, -13, -1, 6, -1
2,4:-4, 4, 1, -13, -1, 6, 6
2,4:-4, 4, 1, -13, -1, 6, 7
6,14:-4, 4, 4, -6, -14, -2, 1
6,14:-4, 4, 4, -6, -14, -2, 2
6,14:-4, 4, 4, -6, -13, -14, -17
6,14:-4, 4, 4, -6, -13, -14, -5
6,14:-4, 4, 4, -6, -13, -3, -20
6,14:-4, 4, 4, -6, -8, -20, -19
6,14:-4, 4, 4, -6, -8, -20, -16
6,14:-4, 4, 4, -6, -8, -20, -14
6,14:-4, 4, 4, -6, -8, -20, -13
6,14:-4, 4, 4, -6, -8, -20, -9
6,14:-4, 4, 4, -6, -8, -17, -11
6,14:-4, 4, 4, -6, -8, -9, -21
6,14:-4, 4, 4, -6, -8, -2, -16
6,14:-4, 4, 4, -6, 0, -5, -13
6,14:-4, 4, 4, -6, 0, -5, -12
6,14:-4, 4, 4, -6, 0, -5, -11
6,14:-4, 4, 4, -6, 0, -5, -10
6,14:-4, 4, 4, -6, 0, -5, -9
6,14:-4, 4, 4, -6, 0, -5, -8
6,14:-4, 4, 4, 6, 6, -6, -2
4,-3:5, -5, -5, 9, 5, 6, 10
4,-3:5, -5, -5, 9, 5, 6, 11
4,-3:5, -5, -5, 9, 5, 6, 12
4,-3:5, -5, -5, 9, 5, 6, 13
4,-3:5, -5, -5, 9, 5, 6, 14
4,-3:5, -5, -5, 9, 5, 6, 15
-23,13:5, -5, 12, 2, 14, 14, 1
-2,-2:5, -5, 12, 15, 0, -11, 0
14,6:5, -3, -6, -3, 7, 6, 9
14,6:5, -3, -6, -3, 7, 6, 10
14,6:5, -3, -6, -3, 7, 6, 11
14,6:5, -3, -6, -3, 7, 6, 12
14,6:5, -3, -6, -3, 7, 6, 13
14,6:5, -3, -6, -3, 7, 6, 14
14,6:5, -3, -6, -3, 7, 14, 21
-6,2:5, -3, -6, 10, 9, 9, 9
14,6:5, -3, -5, -6, -3, 7, 3
9,-19:5, -3, -5, -6, 10, 7, 8
14,6:5, -3, -3, 7, 8, 3, -1
14,6:5, -3, -3, 7, 8, 3, 0
14,6:5, -3, -3, 7, 9, 3, 17
14,6:5, -3, -3, 7, 9, 10, 22
14,6:5, -3, -3, 7, 9, 18, 12
14,6:5, -3, -3, 7, 9, 21, 10
14,6:5, -3, -3, 7, 9, 21, 14
14,6:5, -3, -3, 7, 9, 21, 15
14,6:5, -3, -3, 7, 9, 21, 17
14,6:5, -3, -3, 7, 9, 21, 20
14,6:5, -3, -3, 7, 14, 14, 6
14,6:5, -3, -3, 7, 14, 14, 18
4,2:5, -3, 0, -3, 14, -5, -6
4,2:5, -3, 0, -3, 14, -5, -5
4,2:5, -3, 0, -3, 14, -5, 2
4,2:5, -3, 0, -3, 14, -5, 3
3,9:5, -3, 11, -1, 8, 2, 11
-4,5:5, 2, -5, -9, -12, -13, -2
-4,5:5, 2, -5, -9, -12, -1, -10
-4,5:5, 2, -5, -9, -12, -1, -9
-4,5:5, 2, -5, -9, -12, -1, -8
-4,5:5, 2, -5, -9, -12, -1, -7
-4,5:5, 2, -5, -9, -12, -1, -6
-4,5:5, 2, -5, -9, -12, -1, -5
-4,5:5, 2, -5, -9, -11, -21, -16
-4,5:5, 2, -5, -9, -11, -21, -15
-4,5:5, 2, -5, -9, -11, -21, -14
-4,5:5, 2, -5, -9, -11, -21, -13
-4,5:5, 2, -5, -9, -11, -21, -12
-4,5:5, 2, -5, -9, -11, -21, -11
-4,5:5, 2, -5, -9, -9, -5, -3
-4,5:5, 2, -5, -9, -9, -5, -2
-4,5:5, 2, -5, -9, -9, -5, -1
-4,5:5, 2, -5, -9, -9, -5, 0
-4,5:5, 2, -5, -9, -9, -5, 1
-4,5:5, 2, -5, -9, -2, -6, -5
-4,5:5, 2, -5, -9, -2, -5, -10
-4,5:5, 2, -5, -9, -2, -5, -9
-4,5:5, 2, -5, -9, -2, -5, -8
-4,5:5, 2, -5, -9, -2, -5, -7
-4,5:5, 2, -5, -9, -2, -5, -6
-4,5:5, 2, -5, -9, -2, -5, -5
-4,5:5, 2, -5, -9, -2, 5, -13
-4,5:5, 2, -5, -9, -1, 1, -8
-4,5:5, 2, -5, -9, -1, 1, -7
-4,5:5, 2, -5, -9, -1, 1, -6
-4,5:5, 2, -5, -9, -1, 1, -5
-4,5:5, 2, -5, -9, -1, 1, -4
-4,5:5, 2, -5, -9, -1, 1, -3
-1,4:5, 2, -5, -9, 0, -2, -9
1,0:5, 2, 14, 18, 7, 10, 12
1,0:5, 2, 14, 18, 7, 10, 13
1,0:5, 2, 14, 18, 7, 10, 14
1,0:5, 2, 14, 18, 7, 10, 15
1,0:5, 2, 14, 18, 7, 10, 16
1,0:5, 2, 14, 18, 7, 10, 17
0,3:5, 2, 14, 18, 7, 11, 18
1,0:5, 2, 14, 18, 7, 21, 14
1,0:5, 2, 14, 18, 7, 21, 15
1,0:5, 2, 14, 18, 7, 21, 16
1,0:5, 2, 14, 18, 7, 21, 17
1,0:5, 2, 14, 18, 7, 21, 18
1,0:5, 2, 14, 18, 7, 21, 19
1,0:5, 2, 14, 18, 11, 4, 22
1,0:5, 2, 14, 18, 11, 9, 14
1,0:5, 2, 14, 18, 11, 9, 15
1,0:5, 2, 14, 18, 11, 9, 16
1,0:5, 2, 14, 18, 11, 9, 17
1,0:5, 2, 14, 18, 11, 9, 18
1,0:5, 2, 14, 18, 11, 9, 19
1,0:5, 2, 14, 18, 11, 15, 14
1,0:5, 2, 14, 18, 13, 14, 8
1,0:5, 2, 14, 18, 13, 14, 9
1,0:5, 2, 14, 18, 13, 14, 10
1,0:5, 2, 14, 18, 13, 14, 11
1,0:5, 2, 14, 18, 13, 14, 12
1,0:5, 2, 14, 18, 20, 30, 20
1,0:5, 2, 14, 18, 20, 30, 21
1,0:5, 2, 14, 18, 20, 30, 22
1,0:5, 2, 14, 18, 20, 30, 23
1,0:5, 2, 14, 18, 20, 30, 24
1,0:5, 2, 14, 18, 20, 30, 25
1,0:5, 2, 14, 18, 21, 22, 11
-7,8:5, 10, 14, 0, -1, 3, -6
-7,8:5, 10, 14, 0, -1, 3, -5
-7,8:5, 10, 14, 0, -1, 3, -4
-7,8:5, 10, 14, 0, -1, 3, -3
-7,8:5, 10, 14, 0, -1, 3, -2
-7,8:5, 10, 14, 0, -1, 3, -1
5,7:5, 12, -2, 10, 1, 7, -2
-2,8:5, 12, 9, -5, 7, 14, 6
-2,8:5, 12, 9, -5, 7, 14, 7
-2,8:5, 12, 9, -5, 7, 14, 14
-2,8:5, 12, 9, -5, 7, 14, 15
2,18:5, 12, 12, 2, -6, 6, 9
2,18:5, 12, 12, 2, -6, 6, 10
2,18:5, 12, 12, 2, -5, -6, -9
2,18:5, 12, 12, 2, -5, -6, 3
2,18:5, 12, 12, 2, -5, 5, -12
2,18:5, 12, 12, 2, 0, -12, -11
2,18:5, 12, 12, 2, 0, -12, -8
2,18:5, 12, 12, 2, 0, -12, -6
2,18:5, 12, 12, 2, 0, -12, -5
2,18:5, 12, 12, 2, 0, -12, -1
2,18:5, 12, 12, 2, 0, -9, -3
2,18:5, 12, 12, 2, 0, -1, -13
2,18:5, 12, 12, 2, 0, 6, -8
2,18:5, 12, 12, 2, 8, 3, -5
2,18:5, 12, 12, 2, 8, 3, -4
2,18:5, 12, 12, 2, 8, 3, -3
2,18:5, 12, 12, 2, 8, 3, -2
2,18:5, 12, 12, 2, 8, 3, -1
2,18:5, 12, 12, 2, 8, 3, 0
2,18:5, 12, 12, 14, 14, 2, 6
19,4:6, -3, -10, -13, -10, 0, -3
19,4:6, -3, -10, -13, -10, 0, -2
19,4:6, -3, -10, -13, -10, 0, 1
19,4:6, -3, -10, -13, -10, 0, 8
19,4:6, -3, -10, -10, 0, 1, -6
19,4:6, -3, -10, -10, 0, 1, -3
19,4:6, -3, -10, -10, 0, 1, -2
1,3:6, -3, -5, -12, -16, -16, -9
1,3:6, -3, -5, -12, -16, -16, -8
1,3:6, -3, -5, -12, -16, -16, -7
1,3:6, -3, -5, -12, -16, -16, -6
1,3:6, -3, -5, -12, -16, -16, -5
1,3:6, -3, -5, -12, -16, -7, -16
1,3:6, -3, -5, -12, -16, -7, -15
1,3:6, -3, -5, -12, -16, -7, -14
1,3:6, -3, -5, -12, -16, -7, -13
1,3:6, -3, -5, -12, -16, -7, -12
1,3:6, -3, -5, -12, -16, -7, -11
10,-10:6, -3, -5, -12, -1, 0, -15
-7,7:6, -3, -5, 7, -4, -5, 10
6,-2:6, -3, -5, 7, 11, 0, 6
6,-2:6, -3, -5, 7, 11, 0, 7
6,-2:6, -3, -5, 7, 11, 0, 8
6,-2:6, -3, -5, 7, 11, 0, 9
6,-2:6, -3, -5, 7, 11, 0, 10
6,-2:6, -3, -5, 7, 11, 0, 11
6,-2:6, -3, -5, 7, 11, 6, 0
6,-2:6, -3, -5, 7, 11, 6, 1
6,-2:6, -3, -5, 7, 11, 6, 2
6,-2:6, -3, -5, 7, 11, 6, 3
6,-2:6, -3, -5, 7, 11, 6, 4
7,16:6, -3, 5, 5, -5, -13, -3
7,16:6, -3, 5, 5, -5, -13, -2
7,16:6, -3, 5, 5, -5, -13, 1
7,16:6, -3, 5, 5, -5, 1, -13
7,16:6, -3, 5, 5, -5, 1, -6
7,16:6, -3, 5, 5, -5, 1, -3
7,16:6, -3, 5, 5, -5, 1, -2
15,8:6, 6, -2, -5, -2, 8, 5
15,8:6, 6, -2, -5, -2, 8, 6
15,8:6, 6, -2, -5, -2, 8, 9
15,8:6, 6, -2, -5, -2, 8, 16
15,8:6, 6, -2, -2, 8, 9, 2
15,8:6, 6, -2, -2, 8, 9, 5
15,8:6, 6, -2, -2, 8, 9, 6
-3,7:6, 6, 3, -4, -8, -8, -1
-3,7:6, 6, 3, -4, -8, -8, 0
-3,7:6, 6, 3, -4, -8, -8, 1
-3,7:6, 6, 3, -4, -8, -8, 2
-3,7:6, 6, 3, -4, -8, -8, 3
-3,7:6, 6, 3, -4, -8, 1, -8
-3,7:6, 6, 3, -4, -8, 1, -7
-3,7:6, 6, 3, -4, -8, 1, -6
-3,7:6, 6, 3, -4, -8, 1, -5
-3,7:6, 6, 3, -4, -8, 1, -4
-3,7:6, 6, 3, -4, -8, 1, -3
6,-6:6, 6, 3, -4, 7, 8, -7
-11,11:6, 6, 3, 15, 4, 3, 18
2,2:6, 6, 3, 15, 19, 8, 14
2,2:6, 6, 3, 15, 19, 8, 15
2,2:6, 6, 3, 15, 19, 8, 16
2,2:6, 6, 3, 15, 19, 8, 17
2,2:6, 6, 3, 15, 19, 8, 18
2,2:6, 6, 3, 15, 19, 8, 19
2,2:6, 6, 3, 15, 19, 14, 8
2,2:6, 6, 3, 15, 19, 14, 9
2,2:6, 6, 3, 15, 19, 14, 10
2,2:6, 6, 3, 15, 19, 14, 11
2,2:6, 6, 3, 15, 19, 14, 12
3,20:6, 6, 13, 13, 3, -5, 5
3,20:6, 6, 13, 13, 3, -5, 6
3,20:6, 6, 13, 13, 3, -5, 9
3,20:6, 6, 13, 13, 3, 9, -5
3,20:6, 6, 13, 13, 3, 9, 2
3,20:6, 6, 13, 13, 3, 9, 5
3,20:6, 6, 13, 13, 3, 9, 6
20,6:6, 7, -2, -9, -9, 1, -7
20,6:6, 7, -2, -9, -9, 1, 4
8,18:6, 7, -2, 6, 6, -4, -7
8,18:6, 7, -2, 6, 6, -4, 4
16,10:6, 7, 7, -1, -1, 9, 1
16,10:6, 7, 7, -1, -1, 9, 12
4,22:6, 7, 7, 14, 14, 4, 1
4,22:6, 7, 7, 14, 14, 4, 12
