-1,0:-4, -6, -13, -5, -25
-1,0:-4, -6, -13, -5, -24
-1,0:-4, -6, -13, -5, -23
-1,0:-4, -6, -13, -5, -22
-1,0:-4, -6, -13, -5, -21
5,-6:-4, -6, 6, -2, 14
5,-6:-4, -6, 6, -2, 15
5,-6:-4, -6, 6, -2, 16
5,-6:-4, -6, 6, -2, 17
5,-6:-4, -6, 6, -2, 18
5,-6:-4, -6, 6, -2, 19
-5,4:5, 2, -5, 3, -18
-5,4:5, 2, -5, 3, -17
-5,4:5, 2, -5, 3, -16
-5,4:5, 2, -5, 3, -15
-5,4:5, 2, -5, 3, -14
-5,4:5, 2, -5, 3, -13
1,-2:5, 2, 14, 6, 22
1,-2:5, 2, 14, 6, 23
1,-2:5, 2, 14, 6, 24
1,-2:5, 2, 14, 6, 25
1,-2:5, 2, 14, 6, 26
1,-2:5, 2, 14, 6, 27
1,1:-5, -5, -7, -14, -6, -27
1,1:-5, -5, -7, -14, -6, -26
1,1:-5, -5, -7, -14, -6, -25
1,1:-5, -5, -7, -14, -6, -24
1,1:-5, -5, -7, -14, -6, -23
1,1:-5, -5, -7, -14, -6, -22
7,-5:-5, -5, -7, 5, -3, 13
7,-5:-5, -5, -7, 5, -3, 14
7,-5:-5, -5, -7, 5, -3, 15
7,-5:-5, -5, -7, 5, -3, 16
7,-5:-5, -5, -7, 5, -3, 17
7,-5:-5, -5, -7, 5, -3, 18
-3,5:-5, 4, 1, -6, 2, -19
-3,5:-5, 4, 1, -6, 2, -18
-3,5:-5, 4, 1, -6, 2, -17
-3,5:-5, 4, 1, -6, 2, -16
-3,5:-5, 4, 1, -6, 2, -15
-3,5:-5, 4, 1, -6, 2, -14
3,-1:-5, 4, 1, 13, 5, 21
3,-1:-5, 4, 1, 13, 5, 22
3,-1:-5, 4, 1, 13, 5, 23
3,-1:-5, 4, 1, 13, 5, 24
3,-1:-5, 4, 1, 13, 5, 25
3,-1:-5, 4, 1, 13, 5, 26
5,10:-4, -14, 10, 10, 17, 20
5,10:-4, -14, 10, 10, 17, 21
5,10:-4, -14, 10, 10, 17, 22
5,10:-4, -14, 10, 10, 17, 23
5,10:-4, -14, 10, 10, 17, 24
5,10:-4, -14, 10, 10, 17, 25
10,5:-4, -13, -14, -4, -1, 6
10,5:-4, -11, -14, 4, -11, 8
11,-13:-4, -11, -8, -11, -4, -21
3,-5:-4, -11, -8, -11, -4, -8
2,11:-4, -11, 3, 10, 2, -14
2,11:-4, -11, 3, 10, 2, -8
2,11:-4, -11, 3, 10, 2, -3
2,11:-4, -11, 3, 10, 2, 0
-1,0:-4, -6, -13, -5, -29, -27
-1,0:-4, -6, -13, -5, -29, -26
-1,0:-4, -6, -13, -5, -29, -25
-1,0:-4, -6, -13, -5, -29, -24
-1,0:-4, -6, -13, -5, -29, -23
-1,0:-4, -6, -13, -5, -29, -22
-1,0:-4, -6, -13, -5, -18, -25
-1,0:-4, -6, -13, -5, -18, -24
-1,0:-4, -6, -13, -5, -18, -23
-1,0:-4, -6, -13, -5, -18, -22
-1,0:-4, -6, -13, -5, -18, -21
-1,0:-4, -6, -13, -5, -18, -20
10,-13:-4, -6, -13, -2, -20, 1
10,-13:-4, -6, -13, -2, -20, 2
10,-13:-4, -6, -13, -2, -20, 3
10,-13:-4, -6, -13, -2, -20, 4
10,-13:-4, -6, -13, -2, -20, 5
10,-13:-4, -6, -13, -2, -20, 6
2,-5:-4, -6, -13, -2, -7, 2
2,-5:-4, -6, -13, -2, -7, 3
2,-5:-4, -6, -13, -2, -7, 4
2,-5:-4, -6, -13, -2, -7, 5
2,-5:-4, -6, -13, -2, -7, 6
10,-13:-4, -6, -13, -2, 1, -20
2,-5:-4, -6, -13, -2, 1, -7
0,-3:-4, -6, 6, -5, -13, 0
-8,5:-4, -6, 6, -5, -13, 13
0,-3:-4, -6, 6, -5, 0, -13
0,-3:-4, -6, 6, -5, 0, -12
0,-3:-4, -6, 6, -5, 0, -11
0,-3:-4, -6, 6, -5, 0, -10
0,-3:-4, -6, 6, -5, 0, -9
-8,5:-4, -6, 6, -5, 13, -13
-8,5:-4, -6, 6, -5, 13, -12
-8,5:-4, -6, 6, -5, 13, -11
-8,5:-4, -6, 6, -5, 13, -10
-8,5:-4, -6, 6, -5, 13, -9
-8,5:-4, -6, 6, -5, 13, -8
5,-6:-4, -6, 6, -2, 11, 13
5,-6:-4, -6, 6, -2, 11, 14
5,-6:-4, -6, 6, -2, 11, 15
5,-6:-4, -6, 6, -2, 11, 16
5,-6:-4, -6, 6, -2, 11, 17
5,-6:-4, -6, 6, -2, 11, 18
5,-6:-4, -6, 6, -2, 22, 15
5,-6:-4, -6, 6, -2, 22, 16
5,-6:-4, -6, 6, -2, 22, 17
5,-6:-4, -6, 6, -2, 22, 18
5,-6:-4, -6, 6, -2, 22, 19
5,-6:-4, -6, 6, -2, 22, 20
10,5:-4, 2, -3, -6, 7, -13
16,-3:-4, 4, -10, -17, -9, -7
16,-3:-4, 4, -10, -17, -9, -4
16,-3:-4, 4, -10, -17, -9, 1
16,-3:-4, 4, -10, -17, -9, 7
0,-2:-4, 4, 1, -1, -3, 1
-8,6:-4, 4, 1, -1, -3, 14
10,5:-4, 4, 7, -11, -3, -15
15,0:-4, 7, -17, -17, -24, -32
15,0:-4, 7, -17, -17, -24, -31
15,0:-4, 7, -17, -17, -24, -30
15,0:-4, 7, -17, -17, -24, -29
15,0:-4, 7, -17, -17, -24, -28
15,0:-4, 7, -17, -17, -24, -27
1,14:5, -6, 18, 18, 25, 28
1,14:5, -6, 18, 18, 25, 29
1,14:5, -6, 18, 18, 25, 30
1,14:5, -6, 18, 18, 25, 31
1,14:5, -6, 18, 18, 25, 32
1,14:5, -6, 18, 18, 25, 33
6,9:5, -5, -6, 4, 7, 14
6,9:5, -3, -6, 12, -3, 16
7,-9:5, -3, 0, -3, 4, -13
-1,-1:5, -3, 0, -3, 4, 0
-2,15:5, -3, 11, 18, 10, -6
-2,15:5, -3, 11, 18, 10, 0
-2,15:5, -3, 11, 18, 10, 5
-2,15:5, -3, 11, 18, 10, 8
-5,4:5, 2, -5, 3, -21, -19
-5,4:5, 2, -5, 3, -21, -18
-5,4:5, 2, -5, 3, -21, -17
-5,4:5, 2, -5, 3, -21, -16
-5,4:5, 2, -5, 3, -21, -15
-5,4:5, 2, -5, 3, -21, -14
-5,4:5, 2, -5, 3, -10, -17
-5,4:5, 2, -5, 3, -10, -16
-5,4:5, 2, -5, 3, -10, -15
-5,4:5, 2, -5, 3, -10, -14
-5,4:5, 2, -5, 3, -10, -13
-5,4:5, 2, -5, 3, -10, -12
6,-9:5, 2, -5, 6, -12, 9
6,-9:5, 2, -5, 6, -12, 10
6,-9:5, 2, -5, 6, -12, 11
6,-9:5, 2, -5, 6, -12, 12
6,-9:5, 2, -5, 6, -12, 13
6,-9:5, 2, -5, 6, -12, 14
-2,-1:5, 2, -5, 6, 1, 10
-2,-1:5, 2, -5, 6, 1, 11
-2,-1:5, 2, -5, 6, 1, 12
-2,-1:5, 2, -5, 6, 1, 13
-2,-1:5, 2, -5, 6, 1, 14
6,-9:5, 2, -5, 6, 9, -12
-2,-1:5, 2, -5, 6, 9, 1
-4,1:5, 2, 14, 3, -5, 8
-12,9:5, 2, 14, 3, -5, 21
-4,1:5, 2, 14, 3, 8, -5
-4,1:5, 2, 14, 3, 8, -4
-4,1:5, 2, 14, 3, 8, -3
-4,1:5, 2, 14, 3, 8, -2
-4,1:5, 2, 14, 3, 8, -1
-12,9:5, 2, 14, 3, 21, -5
-12,9:5, 2, 14, 3, 21, -4
-12,9:5, 2, 14, 3, 21, -3
-12,9:5, 2, 14, 3, 21, -2
-12,9:5, 2, 14, 3, 21, -1
-12,9:5, 2, 14, 3, 21, 0
1,-2:5, 2, 14, 6, 19, 21
1,-2:5, 2, 14, 6, 19, 22
1,-2:5, 2, 14, 6, 19, 23
1,-2:5, 2, 14, 6, 19, 24
1,-2:5, 2, 14, 6, 19, 25
1,-2:5, 2, 14, 6, 19, 26
1,-2:5, 2, 14, 6, 30, 23
1,-2:5, 2, 14, 6, 30, 24
1,-2:5, 2, 14, 6, 30, 25
1,-2:5, 2, 14, 6, 30, 26
1,-2:5, 2, 14, 6, 30, 27
1,-2:5, 2, 14, 6, 30, 28
6,9:5, 10, 5, 2, 15, -5
12,1:5, 12, -2, -9, -1, 1
12,1:5, 12, -2, -9, -1, 4
12,1:5, 12, -2, -9, -1, 9
12,1:5, 12, -2, -9, -1, 15
-4,2:5, 12, 9, 7, 5, 9
-12,10:5, 12, 9, 7, 5, 22
6,9:5, 12, 15, -3, 5, -7
11,4:5, 15, -9, -9, -16, -24
11,4:5, 15, -9, -9, -16, -23
11,4:5, 15, -9, -9, -16, -22
11,4:5, 15, -9, -9, -16, -21
11,4:5, 15, -9, -9, -16, -20
11,4:5, 15, -9, -9, -16, -19
0,2:6, -3, -5, -12, -4, -25
0,2:6, -3, -5, -12, -4, -24
0,2:6, -3, -5, -12, -4, -23
0,2:6, -3, -5, -12, -4, -22
0,2:6, -3, -5, -12, -4, -21
0,2:6, -3, -5, -12, -4, -20
6,-4:6, -3, -5, 7, -1, 15
6,-4:6, -3, -5, 7, -1, 16
6,-4:6, -3, -5, 7, -1, 17
6,-4:6, -3, -5, 7, -1, 18
6,-4:6, -3, -5, 7, -1, 19
6,-4:6, -3, -5, 7, -1, 20
-4,6:6, 6, 3, -4, 4, -17
-4,6:6, 6, 3, -4, 4, -16
-4,6:6, 6, 3, -4, 4, -15
-4,6:6, 6, 3, -4, 4, -14
-4,6:6, 6, 3, -4, 4, -13
-4,6:6, 6, 3, -4, 4, -12
2,0:6, 6, 3, 15, 7, 23
2,0:6, 6, 3, 15, 7, 24
2,0:6, 6, 3, 15, 7, 25
2,0:6, 6, 3, 15, 7, 26
2,0:6, 6, 3, 15, 7, 27
2,0:6, 6, 3, 15, 7, 28
3,2:-5, -6, -6, -8, -15, -7, -28
3,2:-5, -6, -6, -8, -15, -7, -27
3,2:-5, -6, -6, -8, -15, -7, -26
3,2:-5, -6, -6, -8, -15, -7, -25
3,2:-5, -6, -6, -8, -15, -7, -24
3,2:-5, -6, -6, -8, -15, -7, -23
9,-4:-5, -6, -6, -8, 4, -4, 12
9,-4:-5, -6, -6, -8, 4, -4, 13
9,-4:-5, -6, -6, -8, 4, -4, 14
9,-4:-5, -6, -6, -8, 4, -4, 15
9,-4:-5, -6, -6, -8, 4, -4, 16
9,-4:-5, -6, -6, -8, 4, -4, 17
-1,6:-5, -6, 3, 0, -7, 1, -20
-1,6:-5, -6, 3, 0, -7, 1, -19
-1,6:-5, -6, 3, 0, -7, 1, -18
-1,6:-5, -6, 3, 0, -7, 1, -17
-1,6:-5, -6, 3, 0, -7, 1, -16
-1,6:-5, -6, 3, 0, -7, 1, -15
5,0:-5, -6, 3, 0, 12, 4, 20
5,0:-5, -6, 3, 0, 12, 4, 21
5,0:-5, -6, 3, 0, 12, 4, 22
5,0:-5, -6, 3, 0, 12, 4, 23
5,0:-5, -6, 3, 0, 12, 4, 24
5,0:-5, -6, 3, 0, 12, 4, 25
7,11:-5, -5, -15, 9, 9, 16, 19
7,11:-5, -5, -15, 9, 9, 16, 20
7,11:-5, -5, -15, 9, 9, 16, 21
7,11:-5, -5, -15, 9, 9, 16, 22
7,11:-5, -5, -15, 9, 9, 16, 23
7,11:-5, -5, -15, 9, 9, 16, 24
12,6:-5, -5, -14, -15, -5, -2, 5
12,6:-5, -5, -12, -15, 3, -12, 7
13,-12:-5, -5, -12, -9, -12, -5, -22
5,-4:-5, -5, -12, -9, -12, -5, -9
4,12:-5, -5, -12, 2, 9, 1, -15
4,12:-5, -5, -12, 2, 9, 1, -9
4,12:-5, -5, -12, 2, 9, 1, -4
4,12:-5, -5, -12, 2, 9, 1, -1
1,1:-5, -5, -7, -14, -6, -30, -28
1,1:-5, -5, -7, -14, -6, -30, -27
1,1:-5, -5, -7, -14, -6, -30, -26
1,1:-5, -5, -7, -14, -6, -30, -25
1,1:-5, -5, -7, -14, -6, -30, -24
1,1:-5, -5, -7, -14, -6, -30, -23
1,1:-5, -5, -7, -14, -6, -19, -26
1,1:-5, -5, -7, -14, -6, -19, -25
1,1:-5, -5, -7, -14, -6, -19, -24
1,1:-5, -5, -7, -14, -6, -19, -23
1,1:-5, -5, -7, -14, -6, -19, -22
1,1:-5, -5, -7, -14, -6, -19, -21
12,-12:-5, -5, -7, -14, -3, -21, 0
12,-12:-5, -5, -7, -14, -3, -21, 1
12,-12:-5, -5, -7, -14, -3, -21, 2
12,-12:-5, -5, -7, -14, -3, -21, 3
12,-12:-5, -5, -7, -14, -3, -21, 4
12,-12:-5, -5, -7, -14, -3, -21, 5
4,-4:-5, -5, -7, -14, -3, -8, 1
4,-4:-5, -5, -7, -14, -3, -8, 2
4,-4:-5, -5, -7, -14, -3, -8, 3
4,-4:-5, -5, -7, -14, -3, -8, 4
4,-4:-5, -5, -7, -14, -3, -8, 5
12,-12:-5, -5, -7, -14, -3, 0, -21
4,-4:-5, -5, -7, -14, -3, 0, -8
2,-2:-5, -5, -7, 5, -6, -14, -1
-6,6:-5, -5, -7, 5, -6, -14, 12
2,-2:-5, -5, -7, 5, -6, -1, -14
2,-2:-5, -5, -7, 5, -6, -1, -13
2,-2:-5, -5, -7, 5, -6, -1, -12
2,-2:-5, -5, -7, 5, -6, -1, -11
2,-2:-5, -5, -7, 5, -6, -1, -10
-6,6:-5, -5, -7, 5, -6, 12, -14
-6,6:-5, -5, -7, 5, -6, 12, -13
-6,6:-5, -5, -7, 5, -6, 12, -12
-6,6:-5, -5, -7, 5, -6, 12, -11
-6,6:-5, -5, -7, 5, -6, 12, -10
-6,6:-5, -5, -7, 5, -6, 12, -9
7,-5:-5, -5, -7, 5, -3, 10, 12
7,-5:-5, -5, -7, 5, -3, 10, 13
7,-5:-5, -5, -7, 5, -3, 10, 14
7,-5:-5, -5, -7, 5, -3, 10, 15
7,-5:-5, -5, -7, 5, -3, 10, 16
7,-5:-5, -5, -7, 5, -3, 10, 17
7,-5:-5, -5, -7, 5, -3, 21, 14
7,-5:-5, -5, -7, 5, -3, 21, 15
7,-5:-5, -5, -7, 5, -3, 21, 16
7,-5:-5, -5, -7, 5, -3, 21, 17
7,-5:-5, -5, -7, 5, -3, 21, 18
7,-5:-5, -5, -7, 5, -3, 21, 19
12,6:-5, -5, 1, -4, -7, 6, -14
18,-2:-5, -5, 3, -11, -18, -10, -8
18,-2:-5, -5, 3, -11, -18, -10, -5
18,-2:-5, -5, 3, -11, -18, -10, 0
18,-2:-5, -5, 3, -11, -18, -10, 6
2,-1:-5, -5, 3, 0, -2, -4, 0
-6,7:-5, -5, 3, 0, -2, -4, 13
12,6:-5, -5, 3, 6, -12, -4, -16
17,1:-5, -5, 6, -18, -18, -25, -33
17,1:-5, -5, 6, -18, -18, -25, -32
17,1:-5, -5, 6, -18, -18, -25, -31
17,1:-5, -5, 6, -18, -18, -25, -30
17,1:-5, -5, 6, -18, -18, -25, -29
17,1:-5, -5, 6, -18, -18, -25, -28
3,15:-5, 4, -7, 17, 17, 24, 27
3,15:-5, 4, -7, 17, 17, 24, 28
3,15:-5, 4, -7, 17, 17, 24, 29
3,15:-5, 4, -7, 17, 17, 24, 30
3,15:-5, 4, -7, 17, 17, 24, 31
3,15:-5, 4, -7, 17, 17, 24, 32
8,10:-5, 4, -6, -7, 3, 6, 13
8,10:-5, 4, -4, -7, 11, -4, 15
9,-8:-5, 4, -4, -1, -4, 3, -14
1,0:-5, 4, -4, -1, -4, 3, -1
0,16:-5, 4, -4, 10, 17, 9, -7
0,16:-5, 4, -4, 10, 17, 9, -1
0,16:-5, 4, -4, 10, 17, 9, 4
0,16:-5, 4, -4, 10, 17, 9, 7
-3,5:-5, 4, 1, -6, 2, -22, -20
-3,5:-5, 4, 1, -6, 2, -22, -19
-3,5:-5, 4, 1, -6, 2, -22, -18
-3,5:-5, 4, 1, -6, 2, -22, -17
-3,5:-5, 4, 1, -6, 2, -22, -16
-3,5:-5, 4, 1, -6, 2, -22, -15
-3,5:-5, 4, 1, -6, 2, -11, -18
-3,5:-5, 4, 1, -6, 2, -11, -17
-3,5:-5, 4, 1, -6, 2, -11, -16
-3,5:-5, 4, 1, -6, 2, -11, -15
-3,5:-5, 4, 1, -6, 2, -11, -14
-3,5:-5, 4, 1, -6, 2, -11, -13
8,-8:-5, 4, 1, -6, 5, -13, 8
8,-8:-5, 4, 1, -6, 5, -13, 9
8,-8:-5, 4, 1, -6, 5, -13, 10
8,-8:-5, 4, 1, -6, 5, -13, 11
8,-8:-5, 4, 1, -6, 5, -13, 12
8,-8:-5, 4, 1, -6, 5, -13, 13
0,0:-5, 4, 1, -6, 5, 0, 9
0,0:-5, 4, 1, -6, 5, 0, 10
0,0:-5, 4, 1, -6, 5, 0, 11
0,0:-5, 4, 1, -6, 5, 0, 12
0,0:-5, 4, 1, -6, 5, 0, 13
8,-8:-5, 4, 1, -6, 5, 8, -13
0,0:-5, 4, 1, -6, 5, 8, 0
-2,2:-5, 4, 1, 13, 2, -6, 7
-10,10:-5, 4, 1, 13, 2, -6, 20
-2,2:-5, 4, 1, 13, 2, 7, -6
-2,2:-5, 4, 1, 13, 2, 7, -5
-2,2:-5, 4, 1, 13, 2, 7, -4
-2,2:-5, 4, 1, 13, 2, 7, -3
-2,2:-5, 4, 1, 13, 2, 7, -2
-10,10:-5, 4, 1, 13, 2, 20, -6
-10,10:-5, 4, 1, 13, 2, 20, -5
-10,10:-5, 4, 1, 13, 2, 20, -4
-10,10:-5, 4, 1, 13, 2, 20, -3
-10,10:-5, 4, 1, 13, 2, 20, -2
-10,10:-5, 4, 1, 13, 2, 20, -1
3,-1:-5, 4, 1, 13, 5, 18, 20
3,-1:-5, 4, 1, 13, 5, 18, 21
3,-1:-5, 4, 1, 13, 5, 18, 22
3,-1:-5, 4, 1, 13, 5, 18, 23
3,-1:-5, 4, 1, 13, 5, 18, 24
3,-1:-5, 4, 1, 13, 5, 18, 25
3,-1:-5, 4, 1, 13, 5, 29, 22
3,-1:-5, 4, 1, 13, 5, 29, 23
3,-1:-5, 4, 1, 13, 5, 29, 24
3,-1:-5, 4, 1, 13, 5, 29, 25
3,-1:-5, 4, 1, 13, 5, 29, 26
3,-1:-5, 4, 1, 13, 5, 29, 27
8,10:-5, 4, 9, 4, 1, 14, -6
14,2:-5, 4, 11, -3, -10, -2, 0
14,2:-5, 4, 11, -3, -10, -2, 3
14,2:-5, 4, 11, -3, -10, -2, 8
14,2:-5, 4, 11, -3, -10, -2, 14
-2,3:-5, 4, 11, 8, 6, 4, 8
-10,11:-5, 4, 11, 8, 6, 4, 21
8,10:-5, 4, 11, 14, -4, 4, -8
13,5:-5, 4, 14, -10, -10, -17, -25
13,5:-5, 4, 14, -10, -10, -17, -24
13,5:-5, 4, 14, -10, -10, -17, -23
13,5:-5, 4, 14, -10, -10, -17, -22
13,5:-5, 4, 14, -10, -10, -17, -21
13,5:-5, 4, 14, -10, -10, -17, -20
2,3:-5, 5, -4, -6, -13, -5, -26
2,3:-5, 5, -4, -6, -13, -5, -25
2,3:-5, 5, -4, -6, -13, -5, -24
2,3:-5, 5, -4, -6, -13, -5, -23
2,3:-5, 5, -4, -6, -13, -5, -22
2,3:-5, 5, -4, -6, -13, -5, -21
8,-3:-5, 5, -4, -6, 6, -2, 14
8,-3:-5, 5, -4, -6, 6, -2, 15
8,-3:-5, 5, -4, -6, 6, -2, 16
8,-3:-5, 5, -4, -6, 6, -2, 17
8,-3:-5, 5, -4, -6, 6, -2, 18
8,-3:-5, 5, -4, -6, 6, -2, 19
-2,7:-5, 5, 5, 2, -5, 3, -18
-2,7:-5, 5, 5, 2, -5, 3, -17
-2,7:-5, 5, 5, 2, -5, 3, -16
-2,7:-5, 5, 5, 2, -5, 3, -15
-2,7:-5, 5, 5, 2, -5, 3, -14
-2,7:-5, 5, 5, 2, -5, 3, -13
4,1:-5, 5, 5, 2, 14, 6, 22
4,1:-5, 5, 5, 2, 14, 6, 23
4,1:-5, 5, 5, 2, 14, 6, 24
4,1:-5, 5, 5, 2, 14, 6, 25
4,1:-5, 5, 5, 2, 14, 6, 26
4,1:-5, 5, 5, 2, 14, 6, 27
17,-1:-4, -14, -11, -13, -1, -9, 15
17,-1:-4, -14, -11, -13, -1, -9, 18
13,3:-4, -14, -2, -5, 7, -1, 11
13,3:-4, -14, -2, -5, 7, -1, 15
11,-14:-4, -14, -2, 10, 10, 9, 5
11,-14:-4, -14, -2, 10, 10, 9, 16
11,-14:-4, -14, -2, 10, 10, 16, 9
5,10:-4, -14, 10, 10, 17, 17, 19
5,10:-4, -14, 10, 10, 17, 17, 20
5,10:-4, -14, 10, 10, 17, 17, 21
5,10:-4, -14, 10, 10, 17, 17, 22
5,10:-4, -14, 10, 10, 17, 17, 23
5,10:-4, -14, 10, 10, 17, 17, 24
5,10:-4, -14, 10, 10, 17, 28, 21
5,10:-4, -14, 10, 10, 17, 28, 22
5,10:-4, -14, 10, 10, 17, 28, 23
5,10:-4, -14, 10, 10, 17, 28, 24
5,10:-4, -14, 10, 10, 17, 28, 25
5,10:-4, -14, 10, 10, 17, 28, 26
10,5:-4, -13, -14, -4, -5, -6, 6
0,-3:-4, -13, -14, -4, -1, -8, -3
0,-3:-4, -13, -14, -4, -1, -8, -2
0,-3:-4, -13, -14, -4, -1, -8, -1
0,-3:-4, -13, -14, -4, -1, -8, 0
0,-3:-4, -13, -14, -4, -1, -8, 1
0,-3:-4, -13, -14, -4, -1, -8, 2
3,-1:-4, -13, -13, -7, -21, -3, -1
-5,7:-4, -13, -13, -7, -21, -3, 12
-9,9:-4, -13, -9, -4, 4, -5, 7
-9,9:-4, -13, -9, -4, 4, -5, 8
-9,9:-4, -13, -9, -4, 4, -5, 11
-9,9:-4, -13, -9, -4, 4, -5, 18
-9,9:-4, -13, -9, -4, 4, 7, -5
-9,9:-4, -13, -9, -4, 4, 7, 2
-9,9:-4, -13, -9, -4, 4, 7, 5
-9,9:-4, -13, -9, -4, 4, 7, 6
10,-4:-4, -13, -9, -4, 7, -11, 0
10,-4:-4, -13, -9, -4, 7, -11, 1
10,-4:-4, -13, -9, -4, 7, -11, 2
10,-4:-4, -13, -9, -4, 7, -11, 3
10,-4:-4, -13, -9, -4, 7, -11, 4
10,-4:-4, -13, -9, -4, 7, -11, 5
10,-4:-4, -13, -9, -4, 7, 3, -11
2,4:-4, -13, -9, -4, 7, 3, 2
-1,-7:-4, -13, -8, -17, -6, -6, -11
5,-10:-4, -13, -8, -9, -10, -20, -22
5,-10:-4, -13, -8, -9, -10, -20, -11
2,-1:-4, -13, -8, 9, -20, -38, 6
2,-1:-4, -13, -8, 9, -20, 6, -38
2,-1:-4, -13, -8, 9, -20, 6, -37
2,-1:-4, -13, -8, 9, -20, 6, -36
2,-1:-4, -13, -8, 9, -20, 6, -35
2,-1:-4, -13, -8, 9, -20, 6, -34
2,-1:-4, -13, -8, 9, -20, 6, -33
-1,9:-4, -13, -4, 2, 1, -12, 7
-9,9:-4, -13, -4, 4, -5, 7, -9
-9,9:-4, -13, -4, 4, -5, 7, 2
10,-4:-4, -13, -4, 7, -11, 0, 2
1,5:-4, -13, -4, 7, -6, -13, -7
1,5:-4, -13, -4, 7, -6, -13, 0
1,5:-4, -13, -4, 7, -6, -13, 3
1,5:-4, -13, -4, 7, -6, -13, 4
1,5:-4, -13, -4, 7, -6, -7, -13
1,5:-4, -13, -4, 7, -6, -7, -12
1,5:-4, -13, -4, 7, -6, -7, -11
1,5:-4, -13, -4, 7, -6, -7, -10
1,5:-4, -13, -4, 7, -6, -7, -9
1,5:-4, -13, -4, 7, -6, -7, -8
2,4:-4, -13, -4, 7, 3, 2, -9
9,-6:-4, -13, 4, 3, 0, 4, -12
1,2:-4, -13, 4, 3, 0, 4, 1
5,-6:-4, -13, 4, 6, 4, -2, -1
5,-6:-4, -13, 4, 6, 4, -2, 0
5,-6:-4, -13, 4, 6, 4, -2, 1
5,-6:-4, -13, 4, 6, 4, -2, 2
5,-6:-4, -13, 4, 6, 4, -2, 3
10,5:-4, -11, -14, -11, 1, 6, 17
10,5:-4, -11, -14, -11, 1, 6, 18
10,5:-4, -11, -14, -11, 1, 6, 19
10,5:-4, -11, -14, -11, 1, 6, 20
10,5:-4, -11, -14, -11, 1, 6, 21
10,5:-4, -11, -14, -11, 1, 6, 22
6,-3:-4, -11, -14, -5, 9, -6, -6
-2,5:-4, -11, -14, -5, 9, -6, 7
-3,2:-4, -11, -14, 4, 5, 13, 2
11,-1:-4, -11, -13, -12, -5, -9, -4
11,-1:-4, -11, -13, -12, -5, -9, -1
11,-1:-4, -11, -13, -12, -5, -9, 6
-1,0:-4, -11, -13, -11, -5, -5, -10
-1,0:-4, -11, -13, -11, -5, -5, -9
-1,0:-4, -11, -13, -11, -5, -5, -8
-1,0:-4, -11, -13, -11, -5, -5, -7
-1,0:-4, -11, -13, -11, -5, -5, -6
-9,0:-4, -11, -13, 7, -5, -14, -2
-9,0:-4, -11, -13, 7, -5, -14, -1
-9,0:-4, -11, -13, 7, -5, -14, 2
-9,0:-4, -11, -13, 7, -5, -14, 9
-9,0:-4, -11, -13, 7, -5, -2, -14
-9,0:-4, -11, -13, 7, -5, -2, -7
-9,0:-4, -11, -13, 7, -5, -2, -4
-9,0:-4, -11, -13, 7, -5, -2, -3
10,-13:-4, -11, -13, 7, -2, -20, -9
10,-13:-4, -11, -13, 7, -2, -20, -8
10,-13:-4, -11, -13, 7, -2, -20, -7
10,-13:-4, -11, -13, 7, -2, -20, -6
10,-13:-4, -11, -13, 7, -2, -20, -5
10,-13:-4, -11, -13, 7, -2, -20, -4
-6,-10:-4, -11, -11, -1, -11, 0, -2
2,-13:-4, -11, -10, -19, -1, -14, -3
2,-13:-4, -11, -10, -19, -1, -14, 4
2,-13:-4, -11, -10, -19, -1, -14, 7
2,-13:-4, -11, -10, -19, -1, -14, 8
2,-13:-4, -11, -10, -19, -1, 4, -14
19,-2:-4, -11, -10, -9, -19, -16, -10
7,-4:-4, -11, 2, -10, -12, -11, -8
-1,4:-4, -11, 2, -10, -12, -11, 5
-3,31:-4, -11, 3, -9, 9, 19, -3
-3,31:-4, -11, 3, -9, 9, 19, -2
-3,31:-4, -11, 3, -9, 9, 19, -1
-3,31:-4, -11, 3, -9, 9, 19, 0
-3,31:-4, -11, 3, -9, 9, 19, 1
-3,31:-4, -11, 3, -9, 9, 19, 2
2,11:-4, -11, 3, 10, 2, -13, -9
2,11:-4, -11, 3, 10, 2, -13, -4
2,11:-4, -11, 3, 10, 2, -11, -10
2,11:-4, -11, 3, 10, 2, -11, -3
2,11:-4, -11, 3, 10, 2, -11, 0
2,11:-4, -11, 3, 10, 2, -11, 1
2,11:-4, -11, 3, 10, 2, -10, -6
2,11:-4, -11, 3, 10, 2, -10, -2
2,11:-4, -11, 3, 10, 2, -9, -8
2,11:-4, -11, 3, 10, 2, -9, -7
2,11:-4, -11, 3, 10, 2, -9, -6
2,11:-4, -11, 3, 10, 2, -9, -5
2,11:-4, -11, 3, 10, 2, -9, -4
2,11:-4, -11, 3, 10, 2, -9, -3
2,11:-4, -11, 3, 10, 2, -6, -13
2,11:-4, -11, 3, 10, 2, -6, -8
2,11:-4, -11, 3, 10, 2, -6, -7
2,11:-4, -11, 3, 10, 2, -6, -2
2,11:-4, -11, 3, 10, 2, -4, -14
2,11:-4, -11, 3, 10, 2, -4, -7
2,11:-4, -11, 3, 10, 2, -4, -4
2,11:-4, -11, 3, 10, 2, -4, -3
-8,5:-4, -6, -14, 6, -5, 13, -3
-8,5:-4, -6, -14, 6, -5, 13, -2
-8,5:-4, -6, -14, 6, -5, 13, -1
-8,5:-4, -6, -14, 6, -5, 13, 0
-8,5:-4, -6, -14, 6, -5, 13, 1
-8,5:-4, -6, -14, 6, -5, 13, 2
5,-14:-4, -6, -14, 6, -2, -16, -4
5,-14:-4, -6, -14, 6, -2, -16, -3
5,-14:-4, -6, -14, 6, -2, -16, 0
5,-14:-4, -6, -14, 6, -2, -16, 7
5,-14:-4, -6, -14, 6, -2, -4, -16
5,-14:-4, -6, -14, 6, -2, -4, -9
5,-14:-4, -6, -14, 6, -2, -4, -6
5,-14:-4, -6, -14, 6, -2, -4, -5
5,9:-4, -6, -13, -10, -1, 3, 5
-1,0:-4, -6, -13, -5, -29, -30, -28
-1,0:-4, -6, -13, -5, -29, -30, -27
-1,0:-4, -6, -13, -5, -29, -30, -26
-1,0:-4, -6, -13, -5, -29, -30, -25
-1,0:-4, -6, -13, -5, -29, -30, -24
-1,0:-4, -6, -13, -5, -29, -30, -23
-1,0:-4, -6, -13, -5, -29, -19, -26
-1,0:-4, -6, -13, -5, -29, -19, -25
-1,0:-4, -6, -13, -5, -29, -19, -24
-1,0:-4, -6, -13, -5, -29, -19, -23
-1,0:-4, -6, -13, -5, -29, -19, -22
-1,0:-4, -6, -13, -5, -29, -19, -21
-1,0:-4, -6, -13, -5, -28, -30, -33
-1,0:-4, -6, -13, -5, -28, -30, -22
-1,0:-4, -6, -13, -5, -19, -22, -25
-1,0:-4, -6, -13, -5, -19, -22, -14
-1,0:-4, -6, -13, -5, -18, -17, -24
-1,0:-4, -6, -13, -5, -18, -17, -23
-1,0:-4, -6, -13, -5, -18, -17, -22
-1,0:-4, -6, -13, -5, -18, -17, -21
-1,0:-4, -6, -13, -5, -18, -17, -20
-1,0:-4, -6, -13, -5, -18, -17, -19
10,-13:-4, -6, -13, -2, -20, -2, 0
10,-13:-4, -6, -13, -2, -20, -2, 1
10,-13:-4, -6, -13, -2, -20, -2, 2
10,-13:-4, -6, -13, -2, -20, -2, 3
10,-13:-4, -6, -13, -2, -20, -2, 4
10,-13:-4, -6, -13, -2, -20, -2, 5
10,-13:-4, -6, -13, -2, -20, 9, 2
10,-13:-4, -6, -13, -2, -20, 9, 3
10,-13:-4, -6, -13, -2, -20, 9, 4
10,-13:-4, -6, -13, -2, -20, 9, 5
10,-13:-4, -6, -13, -2, -20, 9, 6
10,-13:-4, -6, -13, -2, -20, 9, 7
2,-5:-4, -6, -13, -2, -7, 9, 2
2,-5:-4, -6, -13, -2, -7, 9, 3
2,-5:-4, -6, -13, -2, -7, 9, 4
2,-5:-4, -6, -13, -2, -7, 9, 5
2,-5:-4, -6, -13, -2, -7, 9, 6
2,-5:-4, -6, -13, -2, -7, 9, 7
2,-5:-4, -6, -13, -2, -2, -7, 1
2,-5:-4, -6, -13, -2, -2, -7, 2
2,-5:-4, -6, -13, -2, -2, -7, 3
2,-5:-4, -6, -13, -2, -2, -7, 4
2,-5:-4, -6, -13, -2, -2, -7, 5
10,-13:-4, -6, -13, 1, -20, 1, 5
10,-13:-4, -6, -13, 1, -20, 1, 10
10,-13:-4, -6, -13, 1, -20, 1, 11
10,-13:-4, -6, -13, 1, -20, 1, 16
10,-13:-4, -6, -13, 1, -20, 2, 2
10,-13:-4, -6, -13, 1, -20, 2, 3
10,-13:-4, -6, -13, 1, -20, 2, 6
10,-13:-4, -6, -13, 1, -20, 2, 13
10,-13:-4, -6, -13, 1, -20, 5, 7
10,-13:-4, -6, -13, 1, -20, 5, 8
2,-5:-4, -6, -13, 1, 1, -7, 5
2,-5:-4, -6, -13, 1, 1, -7, 10
2,-5:-4, -6, -13, 1, 1, -7, 11
2,-5:-4, -6, -13, 1, 1, -7, 16
2,-5:-4, -6, -13, 1, 2, -7, 2
2,-5:-4, -6, -13, 1, 2, -7, 3
2,-5:-4, -6, -13, 1, 2, -7, 6
2,-5:-4, -6, -13, 1, 2, -7, 13
13,-10:-4, -6, -8, -17, -20, -17, -17
3,6:-4, -6, -8, -16, -8, -40, -4
3,6:-4, -6, -8, -16, -8, -4, -40
3,6:-4, -6, -8, -16, -8, -4, -39
3,6:-4, -6, -8, -16, -8, -4, -38
3,6:-4, -6, -8, -16, -8, -4, -37
3,6:-4, -6, -8, -16, -8, -4, -36
3,6:-4, -6, -8, -16, -8, -4, -35
4,2:-4, -6, -8, -10, -20, -2, -8
4,2:-4, -6, -8, -10, -20, -2, -7
4,2:-4, -6, -8, -10, -20, -2, -6
4,2:-4, -6, -8, -10, -20, -2, -5
4,2:-4, -6, -8, -10, -20, -2, -4
4,2:-4, -6, -8, -10, -2, -8, -20
4,2:-4, -6, -8, -10, -2, -8, -13
4,2:-4, -6, -8, -10, -2, -8, -10
4,2:-4, -6, -8, -10, -2, -8, -9
20,-11:-4, -6, -8, -9, -11, -23, -11
12,1:-4, -6, -8, -4, -9, -12, -19
17,5:-4, -6, -8, 1, -6, -8, -5
10,12:-4, -6, 1, -8, -1, -2, -2
6,7:-4, -6, 1, -7, 2, 5, 12
-6,15:-4, -6, 1, 2, 4, 16, 4
7,-1:-4, -6, 1, 3, -5, -3, 2
7,-1:-4, -6, 1, 3, -5, -3, 3
7,-1:-4, -6, 1, 3, -5, -3, 6
7,-1:-4, -6, 1, 3, -5, -3, 13
7,-1:-4, -6, 1, 3, -5, 6, -3
7,-1:-4, -6, 1, 3, -5, 6, -2
7,-1:-4, -6, 1, 3, -5, 6, -1
7,-1:-4, -6, 1, 3, -5, 6, 0
7,-1:-4, -6, 1, 3, -5, 6, 1
11,-2:-4, -6, 1, 9, 1, -3, 28
11,-2:-4, -6, 1, 9, 1, -3, 29
11,-2:-4, -6, 1, 9, 1, -3, 30
11,-2:-4, -6, 1, 9, 1, -3, 31
11,-2:-4, -6, 1, 9, 1, -3, 32
11,-2:-4, -6, 1, 9, 1, -3, 33
11,-2:-4, -6, 1, 9, 1, 28, -3
-5,8:-4, -6, 1, 10, 10, 13, 10
-8,5:-4, -6, 6, -8, -12, 13, -15
-8,5:-4, -6, 6, -8, -12, 13, -14
0,-3:-4, -6, 6, -8, -9, 0, -20
0,-3:-4, -6, 6, -8, -9, 0, -13
0,-3:-4, -6, 6, -8, -9, 0, -10
0,-3:-4, -6, 6, -8, -9, 0, -9
-8,5:-4, -6, 6, -8, -9, 13, -20
-8,5:-4, -6, 6, -8, -9, 13, -13
-8,5:-4, -6, 6, -8, -9, 13, -10
-8,5:-4, -6, 6, -8, -9, 13, -9
0,-3:-4, -6, 6, -8, -8, 0, -23
0,-3:-4, -6, 6, -8, -8, 0, -18
0,-3:-4, -6, 6, -8, -8, 0, -17
0,-3:-4, -6, 6, -8, -8, 0, -12
-8,5:-4, -6, 6, -8, -8, 13, -23
-8,5:-4, -6, 6, -8, -8, 13, -18
-8,5:-4, -6, 6, -8, -8, 13, -17
-8,5:-4, -6, 6, -8, -8, 13, -12
0,-3:-4, -6, 6, -5, -16, 0, -14
0,-3:-4, -6, 6, -5, -16, 0, -13
0,-3:-4, -6, 6, -5, -16, 0, -12
0,-3:-4, -6, 6, -5, -16, 0, -11
0,-3:-4, -6, 6, -5, -16, 0, -10
0,-3:-4, -6, 6, -5, -16, 0, -9
-8,5:-4, -6, 6, -5, -16, 13, -14
-8,5:-4, -6, 6, -5, -16, 13, -13
-8,5:-4, -6, 6, -5, -16, 13, -12
-8,5:-4, -6, 6, -5, -16, 13, -11
-8,5:-4, -6, 6, -5, -16, 13, -10
-8,5:-4, -6, 6, -5, -16, 13, -9
0,-3:-4, -6, 6, -5, -5, 0, -12
0,-3:-4, -6, 6, -5, -5, 0, -11
0,-3:-4, -6, 6, -5, -5, 0, -10
0,-3:-4, -6, 6, -5, -5, 0, -9
0,-3:-4, -6, 6, -5, -5, 0, -8
-8,5:-4, -6, 6, -5, -5, 13, -12
-8,5:-4, -6, 6, -5, -5, 13, -11
-8,5:-4, -6, 6, -5, -5, 13, -10
-8,5:-4, -6, 6, -5, -5, 13, -9
-8,5:-4, -6, 6, -5, -5, 13, -8
-8,5:-4, -6, 6, -5, -5, 13, -7
5,-6:-4, -6, 6, -2, 11, 10, 12
5,-6:-4, -6, 6, -2, 11, 10, 13
5,-6:-4, -6, 6, -2, 11, 10, 14
5,-6:-4, -6, 6, -2, 11, 10, 15
5,-6:-4, -6, 6, -2, 11, 10, 16
5,-6:-4, -6, 6, -2, 11, 10, 17
5,-6:-4, -6, 6, -2, 11, 21, 14
5,-6:-4, -6, 6, -2, 11, 21, 15
5,-6:-4, -6, 6, -2, 11, 21, 16
5,-6:-4, -6, 6, -2, 11, 21, 17
5,-6:-4, -6, 6, -2, 11, 21, 18
5,-6:-4, -6, 6, -2, 11, 21, 19
5,-6:-4, -6, 6, -2, 12, 10, 7
5,-6:-4, -6, 6, -2, 12, 10, 18
5,-6:-4, -6, 6, -2, 21, 18, 15
5,-6:-4, -6, 6, -2, 21, 18, 26
5,-6:-4, -6, 6, -2, 22, 23, 16
5,-6:-4, -6, 6, -2, 22, 23, 17
5,-6:-4, -6, 6, -2, 22, 23, 18
5,-6:-4, -6, 6, -2, 22, 23, 19
5,-6:-4, -6, 6, -2, 22, 23, 20
5,-6:-4, -6, 6, -2, 22, 23, 21
14,0:-4, -6, 6, 3, -6, -10, -12
9,-3:-4, 2, -3, -14, -11, -9, 2
1,5:-4, 2, -3, -14, -11, 4, -9
10,-4:-4, 2, -3, -14, -1, -11, 1
10,-4:-4, 2, -3, -14, -1, -11, 2
10,-4:-4, 2, -3, -14, -1, -11, 3
10,-4:-4, 2, -3, -14, -1, -11, 4
10,-4:-4, 2, -3, -14, -1, -11, 5
10,-4:-4, 2, -3, -14, -1, -11, 6
10,-4:-4, 2, -3, -14, -1, 1, -11
10,-4:-4, 2, -3, -14, -1, 1, -10
10,-4:-4, 2, -3, -14, -1, 1, -7
10,-4:-4, 2, -3, -14, -1, 1, 0
14,-14:-4, 2, -3, -11, -25, -13, -9
14,-14:-4, 2, -3, -11, -25, -13, 2
14,-14:-4, 2, -3, -11, -25, 2, -13
14,-14:-4, 2, -3, -11, -25, 2, -12
14,-14:-4, 2, -3, -11, -25, 2, -9
14,-14:-4, 2, -3, -11, -25, 2, -2
14,-14:-4, 2, -3, -11, -13, -9, -25
14,-14:-4, 2, -3, -11, -13, -9, -18
14,-14:-4, 2, -3, -11, -13, -9, -15
14,-14:-4, 2, -3, -11, -13, -9, -14
14,-6:-4, 2, -3, -9, -8, 5, -14
10,5:-4, 2, -3, -6, -5, 0, -13
2,-5:-4, 2, -3, -6, 7, 1, -9
2,-5:-4, 2, -3, -6, 7, 1, -8
2,-5:-4, 2, -3, -6, 7, 1, -7
2,-5:-4, 2, -3, -6, 7, 1, -6
2,-5:-4, 2, -3, -6, 7, 1, -5
2,-5:-4, 2, -3, -6, 7, 1, -4
4,-3:-4, 2, 1, -16, 13, -13, 26
4,-3:-4, 2, 1, -16, 13, -13, 27
4,-3:-4, 2, 1, -16, 13, -13, 28
4,-3:-4, 2, 1, -16, 13, -13, 29
4,-3:-4, 2, 1, -16, 13, -13, 30
4,-3:-4, 2, 1, -16, 13, -13, 31
4,-3:-4, 2, 1, -16, 13, 26, -13
-5,0:-4, 2, 1, 2, 3, 13, 4
-5,0:-4, 2, 1, 2, 3, 13, 15
-2,-6:-4, 2, 1, 10, -1, -1, 4
9,-3:-4, 2, 2, -3, -14, -11, -9
1,5:-4, 2, 2, -3, -14, -11, 4
1,5:-4, 2, 2, -3, -14, 4, -12
1,5:-4, 2, 2, -3, -14, 4, -11
1,5:-4, 2, 2, -3, -14, 4, -10
1,5:-4, 2, 2, -3, -14, 4, -9
1,5:-4, 2, 2, -3, -14, 4, -8
1,5:-4, 2, 2, -3, -14, 4, -7
12,-10:-4, 2, 6, 0, 14, -4, -19
4,-2:-4, 2, 6, 0, 14, -4, -6
16,-3:-4, 4, -10, -17, -9, -3, -4
16,-3:-4, 4, -10, -17, -9, -3, -3
16,-3:-4, 4, -10, -17, -9, -3, 0
16,-3:-4, 4, -10, -17, -9, -3, 7
16,-3:-4, 4, -10, -17, -9, -1, -5
16,-3:-4, 4, -10, -17, -9, -1, 0
16,-3:-4, 4, -10, -17, -9, -1, 1
16,-3:-4, 4, -10, -17, -9, -1, 6
16,-3:-4, 4, -10, -17, -9, 2, -4
16,-3:-4, 4, -10, -17, -9, 2, -3
16,-3:-4, 4, -10, -17, -9, 2, -2
16,-3:-4, 4, -10, -17, -9, 2, -1
16,-3:-4, 4, -10, -17, -9, 2, 0
16,-3:-4, 4, -10, -17, -9, 2, 1
16,-3:-4, 4, -10, -17, -9, 3, -5
16,-3:-4, 4, -10, -17, -9, 3, -1
16,-3:-4, 4, -10, -17, -9, 4, -8
16,-3:-4, 4, -10, -17, -9, 4, -7
16,-3:-4, 4, -10, -17, -9, 4, -4
16,-3:-4, 4, -10, -17, -9, 4, 3
16,-3:-4, 4, -10, -17, -9, 6, -3
16,-3:-4, 4, -10, -17, -9, 6, 2
36,-8:-4, 4, -10, 2, -16, -26, -9
36,-8:-4, 4, -10, 2, -16, -26, -8
36,-8:-4, 4, -10, 2, -16, -26, -7
36,-8:-4, 4, -10, 2, -16, -26, -6
36,-8:-4, 4, -10, 2, -16, -26, -5
36,-8:-4, 4, -10, 2, -16, -26, -4
4,6:-4, 4, -2, 6, 5, 2, -13
4,6:-4, 4, -2, 6, 5, 2, -6
4,6:-4, 4, -2, 6, 5, 2, -3
10,-7:-4, 4, -2, 7, -16, -1, -14
2,1:-4, 4, -2, 7, -16, -1, -1
-8,-3:-4, 4, 3, -6, -15, 8, 7
-8,-3:-4, 4, 3, -6, 8, 7, -15
-8,-3:-4, 4, 3, -6, 8, 7, -14
-8,-3:-4, 4, 3, -6, 8, 7, -11
-8,-3:-4, 4, 3, -6, 8, 7, -4
3,14:-4, 4, 3, 2, 12, 9, 3
10,5:-4, 4, 4, -8, 0, -13, -29
10,5:-4, 4, 4, -8, 0, -13, -28
10,5:-4, 4, 4, -8, 0, -13, -27
10,5:-4, 4, 4, -8, 0, -13, -26
10,5:-4, 4, 4, -8, 0, -13, -25
10,5:-4, 4, 4, -8, 0, -13, -24
-5,-11:-4, 4, 4, -6, -14, 4, -5
7,-8:-4, 4, 7, -11, -12, -20, -9
15,0:-4, 7, -17, -17, -24, -35, -33
15,0:-4, 7, -17, -17, -24, -35, -32
15,0:-4, 7, -17, -17, -24, -35, -31
15,0:-4, 7, -17, -17, -24, -35, -30
15,0:-4, 7, -17, -17, -24, -35, -29
15,0:-4, 7, -17, -17, -24, -35, -28
15,0:-4, 7, -17, -17, -24, -24, -31
15,0:-4, 7, -17, -17, -24, -24, -30
15,0:-4, 7, -17, -17, -24, -24, -29
15,0:-4, 7, -17, -17, -24, -24, -28
15,0:-4, 7, -17, -17, -24, -24, -27
15,0:-4, 7, -17, -17, -24, -24, -26
-9,6:-4, 7, -17, -5, -17, -23, -16
-9,6:-4, 7, -17, -5, -17, -16, -23
-9,6:-4, 7, -17, -5, -17, -16, -12
8,8:-4, 7, -5, -7, -14, -6, -22
8,8:-4, 7, -5, -7, -14, -6, -18
4,12:-4, 7, 4, 1, -6, 2, -25
4,12:-4, 7, 4, 1, -6, 2, -22
13,3:5, -6, -3, -5, 7, -1, 23
13,3:5, -6, -3, -5, 7, -1, 26
9,7:5, -6, 6, 3, 15, 7, 19
9,7:5, -6, 6, 3, 15, 7, 23
7,-10:5, -6, 6, 18, 18, 17, 13
7,-10:5, -6, 6, 18, 18, 17, 24
7,-10:5, -6, 6, 18, 18, 24, 17
1,14:5, -6, 18, 18, 25, 25, 27
1,14:5, -6, 18, 18, 25, 25, 28
1,14:5, -6, 18, 18, 25, 25, 29
1,14:5, -6, 18, 18, 25, 25, 30
1,14:5, -6, 18, 18, 25, 25, 31
1,14:5, -6, 18, 18, 25, 25, 32
1,14:5, -6, 18, 18, 25, 36, 29
1,14:5, -6, 18, 18, 25, 36, 30
1,14:5, -6, 18, 18, 25, 36, 31
1,14:5, -6, 18, 18, 25, 36, 32
1,14:5, -6, 18, 18, 25, 36, 33
1,14:5, -6, 18, 18, 25, 36, 34
6,9:5, -5, -6, 4, 3, 2, 14
-4,1:5, -5, -6, 4, 7, 0, 5
-4,1:5, -5, -6, 4, 7, 0, 6
-4,1:5, -5, -6, 4, 7, 0, 7
-4,1:5, -5, -6, 4, 7, 0, 8
-4,1:5, -5, -6, 4, 7, 0, 9
-4,1:5, -5, -6, 4, 7, 0, 10
-1,3:5, -5, -5, 1, -13, 5, 7
-9,11:5, -5, -5, 1, -13, 5, 20
-13,13:5, -5, -1, 4, 12, 3, 15
-13,13:5, -5, -1, 4, 12, 3, 16
-13,13:5, -5, -1, 4, 12, 3, 19
-13,13:5, -5, -1, 4, 12, 3, 26
-13,13:5, -5, -1, 4, 12, 15, 3
-13,13:5, -5, -1, 4, 12, 15, 10
-13,13:5, -5, -1, 4, 12, 15, 13
-13,13:5, -5, -1, 4, 12, 15, 14
6,0:5, -5, -1, 4, 15, -3, 8
6,0:5, -5, -1, 4, 15, -3, 9
6,0:5, -5, -1, 4, 15, -3, 10
6,0:5, -5, -1, 4, 15, -3, 11
6,0:5, -5, -1, 4, 15, -3, 12
6,0:5, -5, -1, 4, 15, -3, 13
6,0:5, -5, -1, 4, 15, 11, -3
-2,8:5, -5, -1, 4, 15, 11, 10
-5,-3:5, -5, 0, -9, 2, 2, -3
1,-6:5, -5, 0, -1, -2, -12, -14
1,-6:5, -5, 0, -1, -2, -12, -3
-2,3:5, -5, 0, 17, -12, -30, 14
-2,3:5, -5, 0, 17, -12, 14, -30
-2,3:5, -5, 0, 17, -12, 14, -29
-2,3:5, -5, 0, 17, -12, 14, -28
-2,3:5, -5, 0, 17, -12, 14, -27
-2,3:5, -5, 0, 17, -12, 14, -26
-2,3:5, -5, 0, 17, -12, 14, -25
-5,13:5, -5, 4, 10, 9, -4, 15
-13,13:5, -5, 4, 12, 3, 15, -1
-13,13:5, -5, 4, 12, 3, 15, 10
6,0:5, -5, 4, 15, -3, 8, 10
-3,9:5, -5, 4, 15, 2, -5, 1
-3,9:5, -5, 4, 15, 2, -5, 8
-3,9:5, -5, 4, 15, 2, -5, 11
-3,9:5, -5, 4, 15, 2, -5, 12
-3,9:5, -5, 4, 15, 2, 1, -5
-3,9:5, -5, 4, 15, 2, 1, -4
-3,9:5, -5, 4, 15, 2, 1, -3
-3,9:5, -5, 4, 15, 2, 1, -2
-3,9:5, -5, 4, 15, 2, 1, -1
-3,9:5, -5, 4, 15, 2, 1, 0
-2,8:5, -5, 4, 15, 11, 10, -1
5,-2:5, -5, 12, 11, 8, 12, -4
-3,6:5, -5, 12, 11, 8, 12, 9
1,-2:5, -5, 12, 14, 12, 6, 7
1,-2:5, -5, 12, 14, 12, 6, 8
1,-2:5, -5, 12, 14, 12, 6, 9
1,-2:5, -5, 12, 14, 12, 6, 10
1,-2:5, -5, 12, 14, 12, 6, 11
6,9:5, -3, -6, -3, 9, 14, 25
6,9:5, -3, -6, -3, 9, 14, 26
6,9:5, -3, -6, -3, 9, 14, 27
6,9:5, -3, -6, -3, 9, 14, 28
6,9:5, -3, -6, -3, 9, 14, 29
6,9:5, -3, -6, -3, 9, 14, 30
2,1:5, -3, -6, 3, 17, 2, 2
-6,9:5, -3, -6, 3, 17, 2, 15
-7,6:5, -3, -6, 12, 13, 21, 10
7,3:5, -3, -5, -4, 3, -1, 4
7,3:5, -3, -5, -4, 3, -1, 7
7,3:5, -3, -5, -4, 3, -1, 14
-5,4:5, -3, -5, -3, 3, 3, -2
-5,4:5, -3, -5, -3, 3, 3, -1
-5,4:5, -3, -5, -3, 3, 3, 0
-5,4:5, -3, -5, -3, 3, 3, 1
-5,4:5, -3, -5, -3, 3, 3, 2
-13,4:5, -3, -5, 15, 3, -6, 6
-13,4:5, -3, -5, 15, 3, -6, 7
-13,4:5, -3, -5, 15, 3, -6, 10
-13,4:5, -3, -5, 15, 3, -6, 17
-13,4:5, -3, -5, 15, 3, 6, -6
-13,4:5, -3, -5, 15, 3, 6, 1
-13,4:5, -3, -5, 15, 3, 6, 4
-13,4:5, -3, -5, 15, 3, 6, 5
6,-9:5, -3, -5, 15, 6, -12, -1
6,-9:5, -3, -5, 15, 6, -12, 0
6,-9:5, -3, -5, 15, 6, -12, 1
6,-9:5, -3, -5, 15, 6, -12, 2
6,-9:5, -3, -5, 15, 6, -12, 3
6,-9:5, -3, -5, 15, 6, -12, 4
-10,-6:5, -3, -3, 7, -3, 8, 6
-2,-9:5, -3, -2, -11, 7, -6, 5
-2,-9:5, -3, -2, -11, 7, -6, 12
-2,-9:5, -3, -2, -11, 7, -6, 15
-2,-9:5, -3, -2, -11, 7, -6, 16
-2,-9:5, -3, -2, -11, 7, 12, -6
15,2:5, -3, -2, -1, -11, -8, -2
3,0:5, -3, 10, -2, -4, -3, 0
-5,8:5, -3, 10, -2, -4, -3, 13
-7,35:5, -3, 11, -1, 17, 27, 5
-7,35:5, -3, 11, -1, 17, 27, 6
-7,35:5, -3, 11, -1, 17, 27, 7
-7,35:5, -3, 11, -1, 17, 27, 8
-7,35:5, -3, 11, -1, 17, 27, 9
-7,35:5, -3, 11, -1, 17, 27, 10
-2,15:5, -3, 11, 18, 10, -5, -1
-2,15:5, -3, 11, 18, 10, -5, 4
-2,15:5, -3, 11, 18, 10, -3, -2
-2,15:5, -3, 11, 18, 10, -3, 5
-2,15:5, -3, 11, 18, 10, -3, 8
-2,15:5, -3, 11, 18, 10, -3, 9
-2,15:5, -3, 11, 18, 10, -2, 2
-2,15:5, -3, 11, 18, 10, -2, 6
-2,15:5, -3, 11, 18, 10, -1, 0
-2,15:5, -3, 11, 18, 10, -1, 1
-2,15:5, -3, 11, 18, 10, -1, 2
-2,15:5, -3, 11, 18, 10, -1, 3
-2,15:5, -3, 11, 18, 10, -1, 4
-2,15:5, -3, 11, 18, 10, -1, 5
-2,15:5, -3, 11, 18, 10, 2, -5
-2,15:5, -3, 11, 18, 10, 2, 0
-2,15:5, -3, 11, 18, 10, 2, 1
-2,15:5, -3, 11, 18, 10, 2, 6
-2,15:5, -3, 11, 18, 10, 4, -6
-2,15:5, -3, 11, 18, 10, 4, 1
-2,15:5, -3, 11, 18, 10, 4, 4
-2,15:5, -3, 11, 18, 10, 4, 5
-12,9:5, 2, -6, 14, 3, 21, 5
-12,9:5, 2, -6, 14, 3, 21, 6
-12,9:5, 2, -6, 14, 3, 21, 7
-12,9:5, 2, -6, 14, 3, 21, 8
-12,9:5, 2, -6, 14, 3, 21, 9
-12,9:5, 2, -6, 14, 3, 21, 10
1,-10:5, 2, -6, 14, 6, -8, 4
1,-10:5, 2, -6, 14, 6, -8, 5
1,-10:5, 2, -6, 14, 6, -8, 8
1,-10:5, 2, -6, 14, 6, -8, 15
1,-10:5, 2, -6, 14, 6, 4, -8
1,-10:5, 2, -6, 14, 6, 4, -1
1,-10:5, 2, -6, 14, 6, 4, 2
1,-10:5, 2, -6, 14, 6, 4, 3
1,13:5, 2, -5, -2, 7, 11, 13
-5,4:5, 2, -5, 3, -21, -22, -20
-5,4:5, 2, -5, 3, -21, -22, -19
-5,4:5, 2, -5, 3, -21, -22, -18
-5,4:5, 2, -5, 3, -21, -22, -17
-5,4:5, 2, -5, 3, -21, -22, -16
-5,4:5, 2, -5, 3, -21, -22, -15
-5,4:5, 2, -5, 3, -21, -11, -18
-5,4:5, 2, -5, 3, -21, -11, -17
-5,4:5, 2, -5, 3, -21, -11, -16
-5,4:5, 2, -5, 3, -21, -11, -15
-5,4:5, 2, -5, 3, -21, -11, -14
-5,4:5, 2, -5, 3, -21, -11, -13
-5,4:5, 2, -5, 3, -20, -22, -25
-5,4:5, 2, -5, 3, -20, -22, -14
-5,4:5, 2, -5, 3, -11, -14, -17
-5,4:5, 2, -5, 3, -11, -14, -6
-5,4:5, 2, -5, 3, -10, -9, -16
-5,4:5, 2, -5, 3, -10, -9, -15
-5,4:5, 2, -5, 3, -10, -9, -14
-5,4:5, 2, -5, 3, -10, -9, -13
-5,4:5, 2, -5, 3, -10, -9, -12
-5,4:5, 2, -5, 3, -10, -9, -11
6,-9:5, 2, -5, 6, -12, 6, 8
6,-9:5, 2, -5, 6, -12, 6, 9
6,-9:5, 2, -5, 6, -12, 6, 10
6,-9:5, 2, -5, 6, -12, 6, 11
6,-9:5, 2, -5, 6, -12, 6, 12
6,-9:5, 2, -5, 6, -12, 6, 13
6,-9:5, 2, -5, 6, -12, 17, 10
6,-9:5, 2, -5, 6, -12, 17, 11
6,-9:5, 2, -5, 6, -12, 17, 12
6,-9:5, 2, -5, 6, -12, 17, 13
6,-9:5, 2, -5, 6, -12, 17, 14
6,-9:5, 2, -5, 6, -12, 17, 15
-2,-1:5, 2, -5, 6, 1, 17, 10
-2,-1:5, 2, -5, 6, 1, 17, 11
-2,-1:5, 2, -5, 6, 1, 17, 12
-2,-1:5, 2, -5, 6, 1, 17, 13
-2,-1:5, 2, -5, 6, 1, 17, 14
-2,-1:5, 2, -5, 6, 1, 17, 15
-2,-1:5, 2, -5, 6, 6, 1, 9
-2,-1:5, 2, -5, 6, 6, 1, 10
-2,-1:5, 2, -5, 6, 6, 1, 11
-2,-1:5, 2, -5, 6, 6, 1, 12
-2,-1:5, 2, -5, 6, 6, 1, 13
6,-9:5, 2, -5, 9, -12, 9, 13
6,-9:5, 2, -5, 9, -12, 9, 18
6,-9:5, 2, -5, 9, -12, 9, 19
6,-9:5, 2, -5, 9, -12, 9, 24
6,-9:5, 2, -5, 9, -12, 10, 10
6,-9:5, 2, -5, 9, -12, 10, 11
6,-9:5, 2, -5, 9, -12, 10, 14
6,-9:5, 2, -5, 9, -12, 10, 21
6,-9:5, 2, -5, 9, -12, 13, 15
6,-9:5, 2, -5, 9, -12, 13, 16
-2,-1:5, 2, -5, 9, 9, 1, 13
-2,-1:5, 2, -5, 9, 9, 1, 18
-2,-1:5, 2, -5, 9, 9, 1, 19
-2,-1:5, 2, -5, 9, 9, 1, 24
-2,-1:5, 2, -5, 9, 10, 1, 10
-2,-1:5, 2, -5, 9, 10, 1, 11
-2,-1:5, 2, -5, 9, 10, 1, 14
-2,-1:5, 2, -5, 9, 10, 1, 21
9,-6:5, 2, 0, -9, -12, -9, -9
-1,10:5, 2, 0, -8, 0, -32, 4
-1,10:5, 2, 0, -8, 0, 4, -32
-1,10:5, 2, 0, -8, 0, 4, -31
-1,10:5, 2, 0, -8, 0, 4, -30
-1,10:5, 2, 0, -8, 0, 4, -29
-1,10:5, 2, 0, -8, 0, 4, -28
-1,10:5, 2, 0, -8, 0, 4, -27
0,6:5, 2, 0, -2, -12, 6, 0
0,6:5, 2, 0, -2, -12, 6, 1
0,6:5, 2, 0, -2, -12, 6, 2
0,6:5, 2, 0, -2, -12, 6, 3
0,6:5, 2, 0, -2, -12, 6, 4
0,6:5, 2, 0, -2, 6, 0, -12
0,6:5, 2, 0, -2, 6, 0, -5
0,6:5, 2, 0, -2, 6, 0, -2
0,6:5, 2, 0, -2, 6, 0, -1
16,-7:5, 2, 0, -1, -3, -15, -3
8,5:5, 2, 0, 4, -1, -4, -11
13,9:5, 2, 0, 9, 2, 0, 3
6,16:5, 2, 9, 0, 7, 6, 6
2,11:5, 2, 9, 1, 10, 13, 20
-10,19:5, 2, 9, 10, 12, 24, 12
3,3:5, 2, 9, 11, 3, 5, 10
3,3:5, 2, 9, 11, 3, 5, 11
3,3:5, 2, 9, 11, 3, 5, 14
3,3:5, 2, 9, 11, 3, 5, 21
3,3:5, 2, 9, 11, 3, 14, 5
3,3:5, 2, 9, 11, 3, 14, 6
3,3:5, 2, 9, 11, 3, 14, 7
3,3:5, 2, 9, 11, 3, 14, 8
3,3:5, 2, 9, 11, 3, 14, 9
7,2:5, 2, 9, 17, 9, 5, 36
7,2:5, 2, 9, 17, 9, 5, 37
7,2:5, 2, 9, 17, 9, 5, 38
7,2:5, 2, 9, 17, 9, 5, 39
7,2:5, 2, 9, 17, 9, 5, 40
7,2:5, 2, 9, 17, 9, 5, 41
7,2:5, 2, 9, 17, 9, 36, 5
-9,12:5, 2, 9, 18, 18, 21, 18
-12,9:5, 2, 14, 0, -4, 21, -7
-12,9:5, 2, 14, 0, -4, 21, -6
-4,1:5, 2, 14, 0, -1, 8, -12
-4,1:5, 2, 14, 0, -1, 8, -5
-4,1:5, 2, 14, 0, -1, 8, -2
-4,1:5, 2, 14, 0, -1, 8, -1
-12,9:5, 2, 14, 0, -1, 21, -12
-12,9:5, 2, 14, 0, -1, 21, -5
-12,9:5, 2, 14, 0, -1, 21, -2
-12,9:5, 2, 14, 0, -1, 21, -1
-4,1:5, 2, 14, 0, 0, 8, -15
-4,1:5, 2, 14, 0, 0, 8, -10
-4,1:5, 2, 14, 0, 0, 8, -9
-4,1:5, 2, 14, 0, 0, 8, -4
-12,9:5, 2, 14, 0, 0, 21, -15
-12,9:5, 2, 14, 0, 0, 21, -10
-12,9:5, 2, 14, 0, 0, 21, -9
-12,9:5, 2, 14, 0, 0, 21, -4
-4,1:5, 2, 14, 3, -8, 8, -6
-4,1:5, 2, 14, 3, -8, 8, -5
-4,1:5, 2, 14, 3, -8, 8, -4
-4,1:5, 2, 14, 3, -8, 8, -3
-4,1:5, 2, 14, 3, -8, 8, -2
-4,1:5, 2, 14, 3, -8, 8, -1
-12,9:5, 2, 14, 3, -8, 21, -6
-12,9:5, 2, 14, 3, -8, 21, -5
-12,9:5, 2, 14, 3, -8, 21, -4
-12,9:5, 2, 14, 3, -8, 21, -3
-12,9:5, 2, 14, 3, -8, 21, -2
-12,9:5, 2, 14, 3, -8, 21, -1
-4,1:5, 2, 14, 3, 3, 8, -4
-4,1:5, 2, 14, 3, 3, 8, -3
-4,1:5, 2, 14, 3, 3, 8, -2
-4,1:5, 2, 14, 3, 3, 8, -1
-4,1:5, 2, 14, 3, 3, 8, 0
-12,9:5, 2, 14, 3, 3, 21, -4
-12,9:5, 2, 14, 3, 3, 21, -3
-12,9:5, 2, 14, 3, 3, 21, -2
-12,9:5, 2, 14, 3, 3, 21, -1
-12,9:5, 2, 14, 3, 3, 21, 0
-12,9:5, 2, 14, 3, 3, 21, 1
1,-2:5, 2, 14, 6, 19, 18, 20
1,-2:5, 2, 14, 6, 19, 18, 21
1,-2:5, 2, 14, 6, 19, 18, 22
1,-2:5, 2, 14, 6, 19, 18, 23
1,-2:5, 2, 14, 6, 19, 18, 24
1,-2:5, 2, 14, 6, 19, 18, 25
1,-2:5, 2, 14, 6, 19, 29, 22
1,-2:5, 2, 14, 6, 19, 29, 23
1,-2:5, 2, 14, 6, 19, 29, 24
1,-2:5, 2, 14, 6, 19, 29, 25
1,-2:5, 2, 14, 6, 19, 29, 26
1,-2:5, 2, 14, 6, 19, 29, 27
1,-2:5, 2, 14, 6, 20, 18, 15
1,-2:5, 2, 14, 6, 20, 18, 26
1,-2:5, 2, 14, 6, 29, 26, 23
1,-2:5, 2, 14, 6, 29, 26, 34
1,-2:5, 2, 14, 6, 30, 31, 24
1,-2:5, 2, 14, 6, 30, 31, 25
1,-2:5, 2, 14, 6, 30, 31, 26
1,-2:5, 2, 14, 6, 30, 31, 27
1,-2:5, 2, 14, 6, 30, 31, 28
1,-2:5, 2, 14, 6, 30, 31, 29
10,4:5, 2, 14, 11, 2, -2, -4
5,1:5, 10, 5, -6, -3, -1, 10
-3,9:5, 10, 5, -6, -3, 12, -1
6,0:5, 10, 5, -6, 7, -3, 9
6,0:5, 10, 5, -6, 7, -3, 10
6,0:5, 10, 5, -6, 7, -3, 11
6,0:5, 10, 5, -6, 7, -3, 12
6,0:5, 10, 5, -6, 7, -3, 13
6,0:5, 10, 5, -6, 7, -3, 14
6,0:5, 10, 5, -6, 7, 9, -3
6,0:5, 10, 5, -6, 7, 9, -2
6,0:5, 10, 5, -6, 7, 9, 1
6,0:5, 10, 5, -6, 7, 9, 8
10,-10:5, 10, 5, -3, -17, -5, -1
10,-10:5, 10, 5, -3, -17, -5, 10
10,-10:5, 10, 5, -3, -17, 10, -5
10,-10:5, 10, 5, -3, -17, 10, -4
10,-10:5, 10, 5, -3, -17, 10, -1
10,-10:5, 10, 5, -3, -17, 10, 6
10,-10:5, 10, 5, -3, -5, -1, -17
10,-10:5, 10, 5, -3, -5, -1, -10
10,-10:5, 10, 5, -3, -5, -1, -7
10,-10:5, 10, 5, -3, -5, -1, -6
10,-2:5, 10, 5, -1, 0, 13, -6
6,9:5, 10, 5, 2, 3, 8, -5
-2,-1:5, 10, 5, 2, 15, 9, -1
-2,-1:5, 10, 5, 2, 15, 9, 0
-2,-1:5, 10, 5, 2, 15, 9, 1
-2,-1:5, 10, 5, 2, 15, 9, 2
-2,-1:5, 10, 5, 2, 15, 9, 3
-2,-1:5, 10, 5, 2, 15, 9, 4
0,1:5, 10, 9, -8, 21, -5, 34
0,1:5, 10, 9, -8, 21, -5, 35
0,1:5, 10, 9, -8, 21, -5, 36
0,1:5, 10, 9, -8, 21, -5, 37
0,1:5, 10, 9, -8, 21, -5, 38
0,1:5, 10, 9, -8, 21, -5, 39
0,1:5, 10, 9, -8, 21, 34, -5
-9,4:5, 10, 9, 10, 11, 21, 12
-9,4:5, 10, 9, 10, 11, 21, 23
-6,-2:5, 10, 9, 18, 7, 7, 12
5,1:5, 10, 10, 5, -6, -3, -1
-3,9:5, 10, 10, 5, -6, -3, 12
-3,9:5, 10, 10, 5, -6, 12, -4
-3,9:5, 10, 10, 5, -6, 12, -3
-3,9:5, 10, 10, 5, -6, 12, -2
-3,9:5, 10, 10, 5, -6, 12, -1
-3,9:5, 10, 10, 5, -6, 12, 0
-3,9:5, 10, 10, 5, -6, 12, 1
8,-6:5, 10, 14, 8, 22, 4, -11
0,2:5, 10, 14, 8, 22, 4, 2
12,1:5, 12, -2, -9, -1, 5, 4
12,1:5, 12, -2, -9, -1, 5, 5
12,1:5, 12, -2, -9, -1, 5, 8
12,1:5, 12, -2, -9, -1, 5, 15
12,1:5, 12, -2, -9, -1, 7, 3
12,1:5, 12, -2, -9, -1, 7, 8
12,1:5, 12, -2, -9, -1, 7, 9
12,1:5, 12, -2, -9, -1, 7, 14
12,1:5, 12, -2, -9, -1, 10, 4
12,1:5, 12, -2, -9, -1, 10, 5
12,1:5, 12, -2, -9, -1, 10, 6
12,1:5, 12, -2, -9, -1, 10, 7
12,1:5, 12, -2, -9, -1, 10, 8
12,1:5, 12, -2, -9, -1, 10, 9
12,1:5, 12, -2, -9, -1, 11, 3
12,1:5, 12, -2, -9, -1, 11, 7
12,1:5, 12, -2, -9, -1, 12, 0
12,1:5, 12, -2, -9, -1, 12, 1
12,1:5, 12, -2, -9, -1, 12, 4
12,1:5, 12, -2, -9, -1, 12, 11
12,1:5, 12, -2, -9, -1, 14, 5
12,1:5, 12, -2, -9, -1, 14, 10
32,-4:5, 12, -2, 10, -8, -18, -1
32,-4:5, 12, -2, 10, -8, -18, 0
32,-4:5, 12, -2, 10, -8, -18, 1
32,-4:5, 12, -2, 10, -8, -18, 2
32,-4:5, 12, -2, 10, -8, -18, 3
32,-4:5, 12, -2, 10, -8, -18, 4
0,10:5, 12, 6, 14, 13, 10, -5
0,10:5, 12, 6, 14, 13, 10, 2
0,10:5, 12, 6, 14, 13, 10, 5
-12,1:5, 12, 11, 2, -7, 16, 15
-12,1:5, 12, 11, 2, 16, 15, -7
-12,1:5, 12, 11, 2, 16, 15, -6
-12,1:5, 12, 11, 2, 16, 15, -3
-12,1:5, 12, 11, 2, 16, 15, 4
-1,18:5, 12, 11, 10, 20, 17, 11
6,9:5, 12, 12, 0, 8, -5, -21
6,9:5, 12, 12, 0, 8, -5, -20
6,9:5, 12, 12, 0, 8, -5, -19
6,9:5, 12, 12, 0, 8, -5, -18
6,9:5, 12, 12, 0, 8, -5, -17
6,9:5, 12, 12, 0, 8, -5, -16
-9,-7:5, 12, 12, 2, -6, 12, 3
3,-4:5, 12, 15, -3, -4, -12, -1
11,4:5, 15, -9, -9, -16, -27, -25
11,4:5, 15, -9, -9, -16, -27, -24
11,4:5, 15, -9, -9, -16, -27, -23
11,4:5, 15, -9, -9, -16, -27, -22
11,4:5, 15, -9, -9, -16, -27, -21
11,4:5, 15, -9, -9, -16, -27, -20
11,4:5, 15, -9, -9, -16, -16, -23
11,4:5, 15, -9, -9, -16, -16, -22
11,4:5, 15, -9, -9, -16, -16, -21
11,4:5, 15, -9, -9, -16, -16, -20
11,4:5, 15, -9, -9, -16, -16, -19
11,4:5, 15, -9, -9, -16, -16, -18
-13,10:5, 15, -9, 3, -9, -15, -8
-13,10:5, 15, -9, 3, -9, -8, -15
-13,10:5, 15, -9, 3, -9, -8, -4
4,12:5, 15, 3, 1, -6, 2, -14
4,12:5, 15, 3, 1, -6, 2, -10
0,16:5, 15, 12, 9, 2, 10, -17
0,16:5, 15, 12, 9, 2, 10, -14
6,12:6, -3, -13, 11, 11, 18, 21
6,12:6, -3, -13, 11, 11, 18, 22
6,12:6, -3, -13, 11, 11, 18, 23
6,12:6, -3, -13, 11, 11, 18, 24
6,12:6, -3, -13, 11, 11, 18, 25
6,12:6, -3, -13, 11, 11, 18, 26
11,7:6, -3, -12, -13, -3, 0, 7
11,7:6, -3, -10, -13, 5, -10, 9
12,-11:6, -3, -10, -7, -10, -3, -20
4,-3:6, -3, -10, -7, -10, -3, -7
3,13:6, -3, -10, 4, 11, 3, -13
3,13:6, -3, -10, 4, 11, 3, -7
3,13:6, -3, -10, 4, 11, 3, -2
3,13:6, -3, -10, 4, 11, 3, 1
0,2:6, -3, -5, -12, -4, -28, -26
0,2:6, -3, -5, -12, -4, -28, -25
0,2:6, -3, -5, -12, -4, -28, -24
0,2:6, -3, -5, -12, -4, -28, -23
0,2:6, -3, -5, -12, -4, -28, -22
0,2:6, -3, -5, -12, -4, -28, -21
0,2:6, -3, -5, -12, -4, -17, -24
0,2:6, -3, -5, -12, -4, -17, -23
0,2:6, -3, -5, -12, -4, -17, -22
0,2:6, -3, -5, -12, -4, -17, -21
0,2:6, -3, -5, -12, -4, -17, -20
0,2:6, -3, -5, -12, -4, -17, -19
11,-11:6, -3, -5, -12, -1, -19, 2
11,-11:6, -3, -5, -12, -1, -19, 3
11,-11:6, -3, -5, -12, -1, -19, 4
11,-11:6, -3, -5, -12, -1, -19, 5
11,-11:6, -3, -5, -12, -1, -19, 6
11,-11:6, -3, -5, -12, -1, -19, 7
3,-3:6, -3, -5, -12, -1, -6, 3
3,-3:6, -3, -5, -12, -1, -6, 4
3,-3:6, -3, -5, -12, -1, -6, 5
3,-3:6, -3, -5, -12, -1, -6, 6
3,-3:6, -3, -5, -12, -1, -6, 7
11,-11:6, -3, -5, -12, -1, 2, -19
3,-3:6, -3, -5, -12, -1, 2, -6
1,-1:6, -3, -5, 7, -4, -12, 1
-7,7:6, -3, -5, 7, -4, -12, 14
1,-1:6, -3, -5, 7, -4, 1, -12
1,-1:6, -3, -5, 7, -4, 1, -11
1,-1:6, -3, -5, 7, -4, 1, -10
1,-1:6, -3, -5, 7, -4, 1, -9
1,-1:6, -3, -5, 7, -4, 1, -8
-7,7:6, -3, -5, 7, -4, 14, -12
-7,7:6, -3, -5, 7, -4, 14, -11
-7,7:6, -3, -5, 7, -4, 14, -10
-7,7:6, -3, -5, 7, -4, 14, -9
-7,7:6, -3, -5, 7, -4, 14, -8
-7,7:6, -3, -5, 7, -4, 14, -7
6,-4:6, -3, -5, 7, -1, 12, 14
6,-4:6, -3, -5, 7, -1, 12, 15
6,-4:6, -3, -5, 7, -1, 12, 16
6,-4:6, -3, -5, 7, -1, 12, 17
6,-4:6, -3, -5, 7, -1, 12, 18
6,-4:6, -3, -5, 7, -1, 12, 19
6,-4:6, -3, -5, 7, -1, 23, 16
6,-4:6, -3, -5, 7, -1, 23, 17
6,-4:6, -3, -5, 7, -1, 23, 18
6,-4:6, -3, -5, 7, -1, 23, 19
6,-4:6, -3, -5, 7, -1, 23, 20
6,-4:6, -3, -5, 7, -1, 23, 21
11,7:6, -3, 3, -2, -5, 8, -12
17,-1:6, -3, 5, -9, -16, -8, -6
17,-1:6, -3, 5, -9, -16, -8, -3
17,-1:6, -3, 5, -9, -16, -8, 2
17,-1:6, -3, 5, -9, -16, -8, 8
1,0:6, -3, 5, 2, 0, -2, 2
-7,8:6, -3, 5, 2, 0, -2, 15
11,7:6, -3, 5, 8, -10, -2, -14
16,2:6, -3, 8, -16, -16, -23, -31
16,2:6, -3, 8, -16, -16, -23, -30
16,2:6, -3, 8, -16, -16, -23, -29
16,2:6, -3, 8, -16, -16, -23, -28
16,2:6, -3, 8, -16, -16, -23, -27
16,2:6, -3, 8, -16, -16, -23, -26
2,16:6, 6, -5, 19, 19, 26, 29
2,16:6, 6, -5, 19, 19, 26, 30
2,16:6, 6, -5, 19, 19, 26, 31
2,16:6, 6, -5, 19, 19, 26, 32
2,16:6, 6, -5, 19, 19, 26, 33
2,16:6, 6, -5, 19, 19, 26, 34
7,11:6, 6, -4, -5, 5, 8, 15
7,11:6, 6, -2, -5, 13, -2, 17
8,-7:6, 6, -2, 1, -2, 5, -12
0,1:6, 6, -2, 1, -2, 5, 1
-1,17:6, 6, -2, 12, 19, 11, -5
-1,17:6, 6, -2, 12, 19, 11, 1
-1,17:6, 6, -2, 12, 19, 11, 6
-1,17:6, 6, -2, 12, 19, 11, 9
-4,6:6, 6, 3, -4, 4, -20, -18
-4,6:6, 6, 3, -4, 4, -20, -17
-4,6:6, 6, 3, -4, 4, -20, -16
-4,6:6, 6, 3, -4, 4, -20, -15
-4,6:6, 6, 3, -4, 4, -20, -14
-4,6:6, 6, 3, -4, 4, -20, -13
-4,6:6, 6, 3, -4, 4, -9, -16
-4,6:6, 6, 3, -4, 4, -9, -15
-4,6:6, 6, 3, -4, 4, -9, -14
-4,6:6, 6, 3, -4, 4, -9, -13
-4,6:6, 6, 3, -4, 4, -9, -12
-4,6:6, 6, 3, -4, 4, -9, -11
7,-7:6, 6, 3, -4, 7, -11, 10
7,-7:6, 6, 3, -4, 7, -11, 11
7,-7:6, 6, 3, -4, 7, -11, 12
7,-7:6, 6, 3, -4, 7, -11, 13
7,-7:6, 6, 3, -4, 7, -11, 14
7,-7:6, 6, 3, -4, 7, -11, 15
-1,1:6, 6, 3, -4, 7, 2, 11
-1,1:6, 6, 3, -4, 7, 2, 12
-1,1:6, 6, 3, -4, 7, 2, 13
-1,1:6, 6, 3, -4, 7, 2, 14
-1,1:6, 6, 3, -4, 7, 2, 15
7,-7:6, 6, 3, -4, 7, 10, -11
-1,1:6, 6, 3, -4, 7, 10, 2
-3,3:6, 6, 3, 15, 4, -4, 9
-11,11:6, 6, 3, 15, 4, -4, 22
-3,3:6, 6, 3, 15, 4, 9, -4
-3,3:6, 6, 3, 15, 4, 9, -3
-3,3:6, 6, 3, 15, 4, 9, -2
-3,3:6, 6, 3, 15, 4, 9, -1
-3,3:6, 6, 3, 15, 4, 9, 0
-11,11:6, 6, 3, 15, 4, 22, -4
-11,11:6, 6, 3, 15, 4, 22, -3
-11,11:6, 6, 3, 15, 4, 22, -2
-11,11:6, 6, 3, 15, 4, 22, -1
-11,11:6, 6, 3, 15, 4, 22, 0
-11,11:6, 6, 3, 15, 4, 22, 1
2,0:6, 6, 3, 15, 7, 20, 22
2,0:6, 6, 3, 15, 7, 20, 23
2,0:6, 6, 3, 15, 7, 20, 24
2,0:6, 6, 3, 15, 7, 20, 25
2,0:6, 6, 3, 15, 7, 20, 26
2,0:6, 6, 3, 15, 7, 20, 27
2,0:6, 6, 3, 15, 7, 31, 24
2,0:6, 6, 3, 15, 7, 31, 25
2,0:6, 6, 3, 15, 7, 31, 26
2,0:6, 6, 3, 15, 7, 31, 27
2,0:6, 6, 3, 15, 7, 31, 28
2,0:6, 6, 3, 15, 7, 31, 29
7,11:6, 6, 11, 6, 3, 16, -4
13,3:6, 6, 13, -1, -8, 0, 2
13,3:6, 6, 13, -1, -8, 0, 5
13,3:6, 6, 13, -1, -8, 0, 10
13,3:6, 6, 13, -1, -8, 0, 16
-3,4:6, 6, 13, 10, 8, 6, 10
-11,12:6, 6, 13, 10, 8, 6, 23
7,11:6, 6, 13, 16, -2, 6, -6
12,6:6, 6, 16, -8, -8, -15, -23
12,6:6, 6, 16, -8, -8, -15, -22
12,6:6, 6, 16, -8, -8, -15, -21
12,6:6, 6, 16, -8, -8, -15, -20
12,6:6, 6, 16, -8, -8, -15, -19
12,6:6, 6, 16, -8, -8, -15, -18
1,4:6, 7, -2, -4, -11, -3, -24
1,4:6, 7, -2, -4, -11, -3, -23
1,4:6, 7, -2, -4, -11, -3, -22
1,4:6, 7, -2, -4, -11, -3, -21
1,4:6, 7, -2, -4, -11, -3, -20
1,4:6, 7, -2, -4, -11, -3, -19
7,-2:6, 7, -2, -4, 8, 0, 16
7,-2:6, 7, -2, -4, 8, 0, 17
7,-2:6, 7, -2, -4, 8, 0, 18
7,-2:6, 7, -2, -4, 8, 0, 19
7,-2:6, 7, -2, -4, 8, 0, 20
7,-2:6, 7, -2, -4, 8, 0, 21
-3,8:6, 7, 7, 4, -3, 5, -16
-3,8:6, 7, 7, 4, -3, 5, -15
-3,8:6, 7, 7, 4, -3, 5, -14
-3,8:6, 7, 7, 4, -3, 5, -13
-3,8:6, 7, 7, 4, -3, 5, -12
-3,8:6, 7, 7, 4, -3, 5, -11
3,2:6, 7, 7, 4, 16, 8, 24
3,2:6, 7, 7, 4, 16, 8, 25
3,2:6, 7, 7, 4, 16, 8, 26
3,2:6, 7, 7, 4, 16, 8, 27
3,2:6, 7, 7, 4, 16, 8, 28
3,2:6, 7, 7, 4, 16, 8, 29
