10,-5:-4, -6, -8, -20
5,-5:-4, -6, 6, -2, -4, 14
5,-5:-4, -6, 6, -2, -4, 16
5,-5:-4, -6, 6, -2, -4, 18
5,-5:-4, -6, 6, -2, 14, -4
10,-5:-4, -4, -8, -20, -2, 0
10,-5:-4, -4, -8, -20, 4, 2
10,-5:-4, -4, -8, -20, 4, 4
10,-5:-4, -4, -8, -20, 4, 6
10,-5:-4, -4, -8, -20, 6, 0
10,-5:-4, -4, -8, -20, 6, 10
10,-5:-4, -4, -8, -20, 8, 8
-4,-3:-4, 0, -8, -10, 4, 14
-4,-3:-4, 0, -8, 4, 14, -10
-4,-3:-4, 0, -8, 4, 14, -6
7,3:-4, 4, 4, 4, -14, 8
7,3:-4, 4, 4, 4, 8, -14
13,-2:6, -4, -4, -6, -8, -20
0,0:6, 6, -2, 12, 12, 16
-3,-10:-4, -6, -6, -4, -4, -4, 4
-3,-10:-4, -6, -6, -4, -4, -4, 6
-3,-10:-4, -6, -6, -4, -4, -4, 8
-3,-1:-4, -6, -6, 2, 8, 8, 8
12,-9:-4, -6, 0, -8, -12, -14, -26
5,-5:-4, -6, 6, -2, -4, 22, 16
5,-5:-4, -6, 6, -2, -4, 22, 18
5,-5:-4, -6, 6, -2, -4, 22, 20
10,-5:-4, -4, -8, -20, -4, 8, 6
10,-5:-4, -4, -8, -20, -2, 8, 8
10,-5:-4, -4, -8, -20, 2, 8, 8
10,-5:-4, -4, -8, -20, 4, -2, 0
10,-5:-4, -4, -8, -20, 4, -2, 2
10,-5:-4, -4, -8, -20, 4, -2, 4
10,-5:-4, -4, -8, -20, 8, 12, 0
10,-5:-4, -4, -8, -20, 10, 6, 2
10,-5:-4, -4, -8, -20, 10, 6, 4
10,-5:-4, -4, -8, -20, 10, 6, 6
7,0:-4, -4, -6, -2, -8, -30, -10
7,0:-4, -4, -6, -2, -8, -10, -30
2,-2:-4, 0, -12, 8, 8, 2, 16
2,-2:-4, 0, -12, 8, 8, 16, 2
-4,-3:-4, 0, -8, -10, 4, 10, 8
-4,-3:-4, 0, -8, -10, 4, 12, 12
-4,-3:-4, 0, -8, -10, 4, 12, 18
-4,-3:-4, 0, -8, 4, -4, 14, -12
-4,-3:-4, 0, -8, 4, -4, 14, -10
-4,-3:-4, 0, -8, 4, -4, 14, -8
-3,1:-4, 0, -8, 6, 10, 0, 10
1,1:-4, 0, 4, -4, 2, -10, -2
1,1:-4, 0, 4, -4, 2, -10, 4
-4,0:-4, 0, 6, 4, -6, -12, -2
-4,0:-4, 0, 6, 4, -6, -12, 0
-4,0:-4, 0, 6, 4, -6, -12, 2
2,-2:-4, 0, 8, 8, 2, 16, -12
2,-2:-4, 0, 8, 8, 2, 16, -10
2,-2:-4, 0, 8, 8, 2, 16, -8
4,-6:-4, 2, 6, 0, 14, -16, -16
4,-6:-4, 2, 6, 0, 14, -16, -14
4,-6:-4, 2, 6, 0, 14, -16, -12
4,-6:-4, 2, 6, 0, 14, -12, -14
4,-6:-4, 2, 6, 0, 14, -12, -12
12,-5:-4, 4, -10, -6, -14, -12, -8
19,-12:-4, 4, -4, -16, -16, -18, -20
1,7:6, 6, 2, 10, 6, 14, 14
-1,-1:6, 6, 8, 6, 12, 2, 6
24,1:-4, -14, -12, 14, -12, -14, -16, -28
4,3:-4, -14, -8, 10, 10, 8, 6, -6
-9,5:-4, -14, -8, 20, 12, 26, 26, 30
6,5:-4, -14, 10, -2, 6, 0, 12, 4
6,5:-4, -14, 10, -2, 6, 0, 12, 8
6,5:-4, -14, 10, -2, 6, 0, 12, 14
11,3:-4, -14, 14, -2, -10, 4, 4, 8
10,6:-4, -12, -14, -4, -4, -6, 6, 2
6,-1:-4, -12, -14, -4, 6, -12, 4, 12
6,-1:-4, -12, -14, -4, 6, -12, 4, 16
6,-1:-4, -12, -14, -4, 6, -12, 4, 22
4,-5:-4, -12, -6, -2, -4, -6, -6, -10
-3,4:-4, -12, -6, -2, -4, 6, 8, 8
6,-2:-4, -12, -6, 0, -8, -4, 10, -2
10,-5:-4, -12, 0, -4, -8, -8, -20, 0
10,-5:-4, -12, 0, -4, -8, -8, -20, 2
9,27:-4, -12, 0, -2, 6, 12, 18, 28
10,-5:-4, -12, 4, 4, -6, -8, -20, -4
10,-5:-4, -12, 4, 4, -6, -8, -20, -2
10,-5:-4, -12, 4, 4, -6, -8, -20, 0
5,-13:-4, -6, -14, 6, -2, -16, -12, -4
5,-13:-4, -6, -14, 6, -2, -16, -12, 0
5,-13:-4, -6, -14, 6, -2, -16, -4, -12
18,-11:-4, -6, -8, -20, -20, -20, -22, -34
3,-7:-4, -6, -8, -10, -2, -8, -2, -8
-3,-10:-4, -6, -6, -4, -4, -4, 0, 2
-3,-10:-4, -6, -6, -4, -4, -4, 0, 4
-3,-10:-4, -6, -6, -4, -4, -4, 0, 6
-5,-4:-4, -6, -6, 2, 8, -10, -18, -4
-5,-4:-4, -6, -6, 2, 8, -10, -4, -18
-5,-4:-4, -6, -6, 2, 8, -10, -4, -14
11,-8:-4, -6, -4, -6, -8, -10, -12, -24
-3,-5:-4, -6, 0, -2, -30, -4, -12, -4
-3,-5:-4, -6, 0, -2, -30, -4, -12, 2
17,-1:-4, -6, 0, -2, -14, -20, -28, -20
17,-1:-4, -6, 0, -2, -14, -20, -28, -14
0,-2:-4, -6, 6, -8, -20, -6, 0, 4
0,-2:-4, -6, 6, -8, -8, 0, 4, -18
0,-2:-4, -6, 6, -8, -8, 0, 4, -12
5,-5:-4, -6, 6, -2, -4, 12, 10, 18
5,-5:-4, -6, 6, -2, -4, 22, 12, 14
5,-5:-4, -6, 6, -2, -4, 22, 12, 16
5,-5:-4, -6, 6, -2, -4, 22, 12, 18
-4,5:-4, -6, 6, 0, -8, -4, 0, 14
-1,21:-4, -6, 6, 6, 12, 0, 8, 14
-1,21:-4, -6, 6, 6, 12, 0, 14, 8
-1,21:-4, -6, 6, 6, 12, 0, 16, 6
10,-5:-4, -4, -8, -20, -4, -4, 2, 2
10,-5:-4, -4, -8, -20, -4, -4, 2, 6
10,-5:-4, -4, -8, -20, -4, 8, 8, -2
10,-5:-4, -4, -8, -20, -4, 8, 8, 0
10,-5:-4, -4, -8, -20, -4, 8, 8, 6
10,-5:-4, -4, -8, -20, -4, 10, -2, 8
10,-5:-4, -4, -8, -20, -4, 10, 14, 2
10,-5:-4, -4, -8, -20, -2, 8, 2, 4
10,-5:-4, -4, -8, -20, -2, 8, 2, 6
10,-5:-4, -4, -8, -20, -2, 8, 4, 2
10,-5:-4, -4, -8, -20, -2, 8, 10, 0
10,-5:-4, -4, -8, -20, -2, 10, 2, 4
10,-5:-4, -4, -8, -20, -2, 10, 2, 6
10,-5:-4, -4, -8, -20, -2, 10, 2, 8
10,-5:-4, -4, -8, -20, -2, 10, 12, 6
10,-5:-4, -4, -8, -20, 2, 8, 6, 0
10,-5:-4, -4, -8, -20, 2, 8, 6, 10
10,-5:-4, -4, -8, -20, 2, 12, -2, 14
10,-5:-4, -4, -8, -20, 2, 12, 14, -2
10,-5:-4, -4, -8, -20, 4, -2, 8, 2
10,-5:-4, -4, -8, -20, 4, -2, 8, 4
10,-5:-4, -4, -8, -20, 4, -2, 8, 6
10,-5:-4, -4, -8, -20, 6, 6, 2, 10
10,-5:-4, -4, -8, -20, 6, 12, -16, 0
10,-5:-4, -4, -8, -20, 6, 12, -16, 8
10,-5:-4, -4, -8, -20, 6, 12, 0, -16
10,-5:-4, -4, -8, -20, 6, 12, 0, -8
10,-5:-4, -4, -8, -20, 8, 0, 8, 0
10,-5:-4, -4, -8, -20, 8, 4, 8, 0
10,-5:-4, -4, -8, -20, 8, 6, 10, 12
10,-5:-4, -4, -8, -20, 8, 6, 12, -4
10,-5:-4, -4, -8, -20, 10, 6, -2, 0
10,-5:-4, -4, -8, -20, 10, 6, -2, 2
10,-5:-4, -4, -8, -20, 10, 6, -2, 4
7,0:-4, -4, -6, -2, -8, -30, -16, -18
7,0:-4, -4, -6, -2, -8, -30, -14, -12
7,0:-4, -4, -6, -2, -8, -30, -14, -10
7,0:-4, -4, -6, -2, -8, -30, -8, -12
7,0:-4, -4, -6, -2, -8, -28, -10, -26
7,0:-4, -4, -6, -2, -8, -28, -10, -24
7,0:-4, -4, -6, -2, -8, -26, -16, -16
7,0:-4, -4, -6, -2, -8, -26, -10, -32
8,-5:-4, -4, -4, 10, 14, -4, -2, -2
10,-5:-4, -4, -2, 8, -2, -8, -20, 2
10,-5:-4, -4, -2, 8, -2, -8, -20, 4
10,-5:-4, -4, -2, 8, -2, -8, -20, 6
18,9:-4, -4, -2, 8, -2, 0, 6, -6
14,7:-4, -4, 6, 6, 2, 0, -12, 2
6,14:-4, 0, -16, 0, 10, 8, 0, 14
3,2:-4, 0, -16, 2, 6, 8, 8, -6
0,9:-4, 0, -12, -12, 0, -8, 0, -4
0,9:-4, 0, -12, -12, 0, -8, 0, -2
-5,1:-4, 0, -12, -12, 6, 8, 4, -2
16,-20:-4, 0, -12, 0, -6, 0, -26, -12
16,-20:-4, 0, -12, 0, -6, 0, -26, -10
16,-20:-4, 0, -12, 0, -6, 0, -12, -26
16,-20:-4, 0, -12, 0, -6, 0, -8, -26
2,-2:-4, 0, -12, 8, 8, 2, 12, 14
2,-2:-4, 0, -12, 8, 8, 2, 12, 16
2,-2:-4, 0, -12, 8, 8, 2, 12, 18
2,-2:-4, 0, -12, 8, 8, 2, 14, 18
-3,-9:-4, 0, -12, 10, -4, 4, -8, -14
-3,-9:-4, 0, -12, 10, -4, 4, -8, -12
-3,-15:-4, 0, -12, 10, 6, -2, -14, -16
-3,-15:-4, 0, -12, 10, 6, -2, -14, -14
-3,-15:-4, 0, -12, 10, 6, -2, -14, -12
-4,-3:-4, 0, -8, -10, 4, 6, 8, 0
-4,-3:-4, 0, -8, -10, 4, 10, 0, -6
-4,-3:-4, 0, -8, -10, 4, 10, 0, -4
-4,-3:-4, 0, -8, -10, 4, 10, 0, -2
-4,-3:-4, 0, -8, -10, 4, 12, 14, 10
-4,-3:-4, 0, -8, -10, 4, 12, 14, 12
-4,-3:-4, 0, -8, -10, 4, 12, 14, 14
-4,-3:-4, 0, -8, -10, 4, 16, 16, 16
-4,-3:-4, 0, -8, -10, 4, 16, 16, 20
2,-10:-4, 0, -8, -4, -10, 10, -6, -18
2,-10:-4, 0, -8, -4, -10, 10, -6, -16
2,-10:-4, 0, -8, -4, -10, 10, -6, -14
1,-3:-4, 0, -8, -4, -2, 2, 6, -4
-4,-3:-4, 0, -8, 4, -4, -4, 14, -10
-4,-3:-4, 0, -8, 4, -4, -4, 14, -8
-4,-3:-4, 0, -8, 4, -4, -4, 14, -6
3,1:-4, 0, -8, 8, 6, -8, -8, 2
-5,3:-4, 0, -2, 4, 8, -2, 14, -8
1,1:-4, 0, 4, -4, 2, -12, 4, 10
-4,0:-4, 0, 6, 4, -6, -12, 6, 0
-4,0:-4, 0, 6, 4, -6, -12, 6, 2
-4,0:-4, 0, 6, 4, -6, -12, 6, 4
16,14:-4, 0, 8, -6, -12, -14, 4, 6
16,14:-4, 0, 8, -6, -12, -14, 6, 4
19,0:-4, 0, 8, -2, -2, -2, -14, 18
19,0:-4, 0, 8, -2, -2, -2, 18, -14
19,0:-4, 0, 8, -2, 22, -8, 0, -14
19,0:-4, 0, 8, -2, 22, 0, -14, -6
19,0:-4, 0, 8, -2, 22, 0, -14, -4
5,10:-4, 0, 8, 6, -2, -8, -12, 14
5,10:-4, 0, 8, 6, -2, -8, -10, -2
5,10:-4, 0, 8, 6, -2, -8, 14, -12
5,10:-4, 0, 8, 6, -2, -8, 14, -6
5,10:-4, 0, 8, 6, -2, -8, 14, -4
2,-2:-4, 0, 8, 8, 2, 16, -16, -14
2,-2:-4, 0, 8, 8, 2, 16, -16, -12
2,-2:-4, 0, 8, 8, 2, 16, -16, -10
8,-4:-4, 2, 2, -8, -14, 0, 0, 4
7,8:-4, 2, 6, -8, -4, -6, -2, -2
14,1:-4, 2, 6, -8, 2, 2, -20, -4
14,1:-4, 2, 6, -8, 2, 2, -4, -20
4,-6:-4, 2, 6, 0, 14, -16, -8, -14
4,-6:-4, 2, 6, 0, 14, -16, -8, -12
4,-6:-4, 2, 6, 0, 14, -16, -8, -10
4,-6:-4, 2, 6, 0, 14, -12, -16, -14
4,-6:-4, 2, 6, 0, 14, -12, -16, -12
4,-6:-4, 2, 6, 0, 14, -12, -16, -10
5,-1:-4, 2, 6, 2, -4, -8, -6, -4
7,-3:-4, 2, 6, 2, -2, -6, 0, 12
4,6:-4, 2, 6, 2, 6, 0, -4, 2
4,6:-4, 2, 6, 2, 6, 0, 2, -4
7,17:-4, 4, -10, -6, -14, -14, 6, 2
12,-5:-4, 4, -10, -6, -14, -12, -6, -4
12,-5:-4, 4, -10, -6, -14, -12, -6, 0
12,-5:-4, 4, -10, -6, -14, -12, -4, -2
12,-5:-4, 4, -10, -6, -14, -12, -4, 0
12,-5:-4, 4, -10, -6, -14, -12, -4, 2
11,-5:-4, 4, -10, 0, -14, -4, -20, -20
11,-5:-4, 4, -10, 0, -14, -4, -20, -18
12,-5:-4, 4, -10, 0, -6, -14, -12, -6
12,-5:-4, 4, -10, 0, -6, -14, -12, 4
5,-5:-4, 4, -8, 6, -2, -4, 14, -10
5,-5:-4, 4, -8, 6, -2, -4, 14, -8
19,-11:-4, 4, -4, -10, -18, -28, -24, -20
19,-11:-4, 4, -4, -10, -18, -28, -20, -24
20,1:-4, 4, -2, -14, 2, 4, 10, -10
20,1:-4, 4, -2, -14, 2, 14, 10, -10
9,1:-4, 4, -2, -14, 6, 2, 6, -2
10,-5:-4, 4, 4, -6, 4, -8, -20, 10
10,-5:-4, 4, 4, -6, 4, -8, -20, 20
10,-5:-4, 4, 4, 4, 6, -8, -20, 4
10,-5:-4, 4, 4, 4, 6, -8, -20, 14
4,-6:-4, 4, 4, 4, 14, -8, -4, -8
8,-2:-4, 4, 6, 6, -4, -16, -2, -2
8,-2:-4, 4, 6, 6, -4, -2, -2, -16
8,-2:6, -4, -4, -6, 6, -2, -4, 14
8,-2:6, -4, -4, -6, 6, -2, -4, 16
8,-2:6, -4, -4, -6, 6, -2, -4, 18
8,-2:6, -4, -4, -6, 6, -2, 14, -4
13,-2:6, -4, -4, -4, -8, -20, -2, 0
13,-2:6, -4, -4, -4, -8, -20, 4, 2
13,-2:6, -4, -4, -4, -8, -20, 4, 4
13,-2:6, -4, -4, -4, -8, -20, 4, 6
13,-2:6, -4, -4, -4, -8, -20, 6, 0
13,-2:6, -4, -4, -4, -8, -20, 6, 10
13,-2:6, -4, -4, -4, -8, -20, 8, 8
-1,0:6, -4, -4, 0, -8, -10, 4, 14
-1,0:6, -4, -4, 0, -8, 4, 14, -10
-1,0:6, -4, -4, 0, -8, 4, 14, -6
10,6:6, -4, -4, 4, 4, 4, -14, 8
10,6:6, -4, -4, 4, 4, 4, 8, -14
16,1:6, -4, 6, -4, -4, -6, -8, -20
3,3:6, -4, 6, 6, -2, 12, 12, 16
9,6:6, 6, -4, 0, 10, 6, 4, -8
0,9:6, 6, -2, -4, 10, 18, -8, 4
6,6:6, 6, -2, -4, 12, 12, 16, 0
1,7:6, 6, -2, 10, 0, 18, 8, 12
2,-4:6, 6, -2, 10, 18, 8, 0, 12
2,-4:6, 6, -2, 10, 18, 8, 4, 12
2,-4:6, 6, -2, 10, 18, 8, 4, 14
2,-4:6, 6, -2, 10, 18, 8, 4, 16
2,-4:6, 6, -2, 10, 18, 8, 12, 0
2,-4:6, 6, -2, 10, 18, 8, 12, 2
2,-4:6, 6, -2, 10, 18, 8, 12, 4
12,8:6, 6, 2, -6, -2, -4, 10, 14
15,-1:6, 6, 2, -6, 10, 10, -8, 8
15,-1:6, 6, 2, -6, 10, 10, -8, 12
15,-1:6, 6, 2, -6, 10, 10, 8, -8
6,10:6, 6, 2, -4, -2, 12, 14, 8
-6,2:6, 6, 2, -2, -4, 20, 10, 14
2,6:6, 6, 2, 10, 6, -4, -4, 2
1,7:6, 6, 2, 10, 6, 14, 18, 14
-1,5:6, 6, 6, 4, 8, 10, 4, 32
-1,5:6, 6, 6, 4, 8, 10, 32, 4
8,13:6, 6, 6, 10, 14, 2, 8, -12
8,13:6, 6, 6, 10, 14, 2, 8, -10
8,13:6, 6, 6, 10, 14, 2, 8, -8
16,9:6, 6, 16, -16, 4, 2, 0, -12
-8,12:-4, -14, -8, 20, 16, 24, 20, 28, 28
-10,4:-4, -14, -8, 20, 22, 20, 26, 16, 20
11,3:-4, -14, 10, -2, -10, 4, 4, 8, 12
11,3:-4, -14, 10, -2, -10, 4, 4, 8, 14
11,3:-4, -14, 10, -2, -10, 4, 4, 8, 16
6,5:-4, -14, 10, -2, 6, 0, 12, 6, 6
6,5:-4, -14, 10, -2, 6, 0, 12, 6, 8
-5,-1:-4, -14, 10, 10, 16, 20, 18, 16, 16
-5,-1:-4, -14, 10, 10, 16, 20, 18, 16, 18
-5,-1:-4, -14, 10, 10, 16, 20, 18, 16, 20
7,6:-4, -14, 10, 20, 10, 10, 8, 6, -6
12,10:-4, -14, 14, -2, -6, 2, -2, 6, 6
10,2:-4, -14, 14, -2, 0, -2, 4, -6, -2
6,-1:-4, -12, -14, -4, 6, -12, 4, 14, 14
6,-1:-4, -12, -14, -4, 6, -12, 4, 14, 16
2,6:-4, -12, -14, -4, 6, -8, -4, 6, 6
2,6:-4, -12, -14, -4, 6, -8, -4, 6, 8
2,6:-4, -12, -14, -4, 6, -8, -4, 6, 10
2,6:-4, -12, -14, -4, 6, -8, 6, 6, -4
0,20:-4, -12, -14, -4, 6, -4, -6, 8, -4
0,20:-4, -12, -14, -4, 6, -4, -6, 8, 0
0,20:-4, -12, -14, -4, 6, 0, -4, -6, 8
-4,12:-4, -12, -14, -4, 6, 18, 4, -4, 22
-4,12:-4, -12, -14, -4, 6, 18, 4, 22, -4
15,-2:-4, -12, -14, 4, -6, -8, -10, -22, -4
15,-2:-4, -12, -14, 4, -6, -8, -10, -22, 0
15,-2:-4, -12, -14, 4, -6, -8, -10, 0, -22
0,0:-4, -12, -8, -14, -22, -22, -16, -16, -16
0,0:-4, -12, -8, -14, -22, -22, -16, -16, -6
0,-8:-4, -12, -8, -14, -6, -8, -14, -24, -22
0,-8:-4, -12, -8, -14, -6, -8, -14, -24, -18
4,-6:-4, -12, -8, -14, -4, 0, -14, -24, -12
4,-6:-4, -12, -8, -14, -4, 0, -14, -12, -24
6,-9:-4, -12, -8, -4, -2, -2, 6, -2, -10
15,4:-4, -12, -8, -2, -14, -20, -14, -16, 6
3,6:-4, -12, -6, -16, -8, 8, -10, -10, -10
3,6:-4, -12, -6, -16, -8, 8, -10, -10, -8
3,6:-4, -12, -6, -16, -8, 8, -10, -10, -6
-3,-1:-4, -12, -6, -16, -6, -8, -6, 4, -8
-3,-1:-4, -12, -6, -16, -6, -8, -6, 4, -6
-3,-1:-4, -12, -6, -16, -6, -8, -6, 4, -4
-6,-1:-4, -12, -6, -14, -2, 6, -6, 4, 4
16,-1:-4, -12, -6, -14, 4, -6, -8, -10, -22
-3,-5:-4, -12, -6, 0, -10, -14, -2, -10, -6
17,-10:-4, -12, -4, -8, -16, -16, -18, -20, -32
4,-8:-4, -12, -4, -8, -6, -14, 0, 0, 4
-1,1:-4, -12, -4, -4, -6, 6, -2, -2, -2
11,12:-4, -12, -4, 2, 6, 6, 12, -2, -4
10,-5:-4, -12, -4, 6, -8, -8, -20, 8, 10
10,-5:-4, -12, -4, 6, -8, -8, -20, 8, 12
10,-5:-4, -12, -4, 6, -8, -8, -20, 14, 20
10,-5:-4, -12, -4, 6, -8, -8, -20, 16, 8
10,-5:-4, -12, -4, 6, -8, -8, -20, 16, 14
10,-5:-4, -12, -4, 6, -8, -8, -20, 18, 16
2,6:-4, -12, -4, 6, -8, -4, 6, 6, -4
2,6:-4, -12, -4, 6, -8, -4, 6, 6, -2
2,6:-4, -12, -4, 6, -8, 0, 6, 6, -14
2,6:-4, -12, -4, 6, -8, 0, 6, 6, -4
-4,12:-4, -12, -4, 6, -8, 18, 4, 22, 6
-1,-1:-4, -12, -4, 6, 2, 0, 14, -2, -12
-1,-1:-4, -12, -4, 6, 2, 0, 14, -2, -10
-1,-1:-4, -12, -4, 6, 2, 0, 14, -2, -8
7,11:-4, -12, -4, 6, 18, 2, 10, 10, -4
-4,12:-4, -12, -4, 6, 18, 4, -4, 22, -14
-4,12:-4, -12, -4, 6, 18, 4, -4, 22, -4
-2,-2:-4, -12, 0, -12, -10, -16, -16, 0, 4
-2,-2:-4, -12, 0, -12, -10, -16, -16, 0, 6
-2,-2:-4, -12, 0, -12, -10, -16, -16, 0, 8
14,-2:-4, -12, 0, -12, -10, -8, -6, -14, 2
14,-2:-4, -12, 0, -12, -10, -8, -6, 2, -14
17,-7:-4, -12, 0, -8, -16, -18, -4, -18, -2
21,-6:-4, -12, 0, -8, -16, -18, 2, -20, -32
10,-5:-4, -12, 0, -4, -8, -8, -20, -6, 0
10,-5:-4, -12, 0, -4, -8, -8, -20, -4, -6
10,-5:-4, -12, 0, -4, -8, -8, -20, -2, -2
10,-5:-4, -12, 0, -4, -8, -8, -20, -2, 0
10,-5:-4, -12, 0, -4, -8, -8, -20, -2, 2
10,-5:-4, -12, 0, -4, -8, -8, -20, 4, -6
10,-5:-4, -12, 0, -4, -8, -8, -20, 4, 0
10,-5:-4, -12, 0, -4, -8, -8, -20, 4, 2
10,-5:-4, -12, 0, -4, -4, 4, -8, -20, -6
10,-5:-4, -12, 0, -4, -4, 4, -8, -20, 4
18,6:-4, -12, 0, -2, -6, -18, -36, 0, -16
14,-3:-4, -12, 0, -2, -6, -12, -6, -18, -8
14,-3:-4, -12, 0, -2, -6, -12, -6, -18, -4
4,-6:-4, -12, 4, -6, -8, 6, -10, -14, 6
4,-6:-4, -12, 4, -6, -8, 6, -10, 6, -14
26,0:-4, -12, 4, -6, 0, 4, 8, -10, -34
26,0:-4, -12, 4, -6, 0, 4, 8, -10, -32
10,-5:-4, -12, 4, 4, -6, -8, -20, 4, -2
10,-5:-4, -12, 4, 4, -6, -8, -20, 4, 0
10,-5:-4, -12, 4, 4, -6, -8, -20, 4, 2
0,-2:-4, -12, 4, 6, -8, -18, 0, 4, -20
0,-2:-4, -12, 4, 6, -8, -18, 0, 4, -10
10,-3:-4, -6, -14, -2, -2, -2, -4, -6, -18
-3,-1:-4, -6, -14, -2, 8, 0, 14, 14, 18
3,-2:-4, -6, -14, 2, 4, -2, 6, 0, 6
3,-2:-4, -6, -14, 2, 4, -2, 6, 0, 16
5,-13:-4, -6, -14, 6, -2, -16, -12, -2, 2
5,-13:-4, -6, -14, 6, -2, -16, -12, -2, 4
5,-13:-4, -6, -14, 6, -2, -16, -12, -2, 6
7,2:-4, -6, -14, 6, 0, 8, 4, 2, -10
10,-1:-4, -6, -14, 6, 4, 0, -2, -4, -16
0,5:-4, -6, -14, 6, 6, 12, 18, 8, 4
14,-13:-4, -6, -8, -18, -4, -14, -18, -20, -32
6,-3:-4, -6, -8, -16, -28, -24, -8, 2, -12
6,-3:-4, -6, -8, -16, -28, -24, -8, 2, -10
5,-19:-4, -6, -8, -16, -26, -12, -12, -8, -6
5,-19:-4, -6, -8, -16, -26, -12, -12, -8, 4
5,-19:-4, -6, -8, -16, -26, -12, -12, -6, -8
8,-18:-4, -6, -8, -16, -18, -32, -20, -22, -18
8,-18:-4, -6, -8, -16, -18, -32, -20, -22, -8
8,-18:-4, -6, -8, -16, -18, -32, -20, -8, -22
16,-14:-4, -6, -8, -10, -20, -12, -20, -4, -32
16,-14:-4, -6, -8, -10, -20, -12, -20, -4, -30
7,6:-4, -6, -8, -10, -12, -24, -34, -30, -20
14,-17:-4, -6, -8, -10, -12, -24, -18, -24, 2
14,-17:-4, -6, -8, -10, -12, -24, -18, -24, 4
14,-17:-4, -6, -8, -10, -12, -24, -18, -4, -22
14,-17:-4, -6, -8, -10, -12, -24, -18, -4, -16
14,-17:-4, -6, -8, -10, -12, -24, -18, 2, -24
14,-17:-4, -6, -8, -10, -12, -24, -18, 2, -14
8,-3:-4, -6, -8, -2, -2, -16, -6, -10, 0
3,-9:-4, -6, -6, -16, -8, -6, -4, -2, -10
10,-13:-4, -6, -6, -16, -4, -12, -14, -16, -28
-2,-2:-4, -6, -6, -16, 0, 2, 8, 0, 2
-3,-10:-4, -6, -6, -4, -4, -4, 0, 10, 4
-3,-10:-4, -6, -6, -4, -4, -4, 0, 10, 6
-3,-10:-4, -6, -6, -4, -4, -4, 0, 10, 8
-3,-10:-4, -6, -6, -4, -4, -4, 10, 12, 4
2,-8:-4, -6, -6, -4, 10, 6, -4, -2, 4
-5,6:-4, -6, -6, -4, 10, 16, 16, -10, 0
4,-7:-4, -6, -6, 0, -2, -8, -4, -14, 8
4,-7:-4, -6, -6, 0, -2, -8, -4, -14, 10
4,-7:-4, -6, -6, 0, -2, -8, -4, -14, 12
17,7:-4, -6, -6, 2, -4, -4, -12, -18, 0
17,7:-4, -6, -6, 2, -4, -4, -12, 0, -18
3,19:-4, -6, -6, 2, 2, -6, 12, 8, 22
5,-1:-4, -6, -6, 2, 4, 0, -6, -12, -4
-5,-4:-4, -6, -6, 2, 8, -10, -20, -4, -20
-5,-4:-4, -6, -6, 2, 8, -10, -16, -4, -24
-5,-4:-4, -6, -6, 2, 8, -10, -16, -4, -22
-5,-4:-4, -6, -6, 2, 8, -10, -16, -4, -20
11,-19:-4, -6, -6, 4, -6, -14, -28, -24, -16
11,-19:-4, -6, -6, 4, -6, -14, -28, -24, -12
11,-19:-4, -6, -6, 4, -6, -14, -28, -16, -24
13,-10:-4, -6, -4, -10, -10, -12, -14, -16, -28
7,-9:-4, -6, 0, -8, -12, 0, -8, -10, 8
7,-9:-4, -6, 0, -8, -12, 0, -8, -10, 10
7,-9:-4, -6, 0, -8, -12, 0, -8, -10, 12
7,-9:-4, -6, 0, -8, -12, 0, -8, 8, -10
12,-9:-4, -6, 0, -8, -10, -14, -26, -8, -6
12,-9:-4, -6, 0, -8, -10, -14, -26, -2, -4
12,-9:-4, -6, 0, -8, -10, -14, -26, -2, -2
12,-9:-4, -6, 0, -8, -10, -14, -26, -2, 0
12,-9:-4, -6, 0, -8, -10, -14, -26, 0, -6
12,-9:-4, -6, 0, -8, -10, -14, -26, 0, 4
12,-9:-4, -6, 0, -8, -10, -14, -26, 2, 2
-2,-7:-4, -6, 0, -8, -6, -14, -16, -2, 8
-2,-7:-4, -6, 0, -8, -6, -14, -2, 8, -16
-2,-7:-4, -6, 0, -8, -6, -14, -2, 8, -12
9,-1:-4, -6, 0, -8, -2, -2, -2, -20, 2
9,-1:-4, -6, 0, -8, -2, -2, -2, 2, -20
7,-19:-4, -6, 0, -2, -30, -16, -14, -24, -20
-3,-5:-4, -6, 0, -2, -30, -4, -14, 2, 8
27,-15:-4, -6, 0, -2, -14, -32, -30, -40, -36
17,-1:-4, -6, 0, -2, -14, -20, -30, -14, -8
0,-2:-4, -6, 6, -8, -20, -20, 0, 4, -8
0,-2:-4, -6, 6, -8, -20, -10, 0, 4, -14
0,-2:-4, -6, 6, -8, -20, -8, 0, 4, -20
0,-2:-4, -6, 6, -8, -20, -8, 0, 4, -18
0,-2:-4, -6, 6, -8, -20, -8, 0, 4, -16
22,7:-4, -6, 6, -8, -12, -16, -18, -20, 0
0,-2:-4, -6, 6, -8, -12, -12, 0, 4, -12
0,-2:-4, -6, 6, -8, -12, -12, 0, 4, -10
0,-2:-4, -6, 6, -8, -10, -20, 0, 4, -12
0,-2:-4, -6, 6, -8, -10, -20, 0, 4, -10
0,-2:-4, -6, 6, -8, -10, -20, 0, 4, -8
0,-2:-4, -6, 6, -8, -8, -16, 0, 4, -20
0,-2:-4, -6, 6, -8, -8, -16, 0, 4, -18
0,-2:-4, -6, 6, -8, -8, -16, 0, 4, -16
-4,-3:-4, -6, 6, -2, -14, 12, 10, 8, -4
5,-5:-4, -6, 6, -2, -4, 12, 10, 2, 12
5,-5:-4, -6, 6, -2, -4, 12, 10, 2, 16
5,-5:-4, -6, 6, -2, -4, 12, 10, 12, 12
5,-5:-4, -6, 6, -2, -4, 12, 10, 12, 14
5,-5:-4, -6, 6, -2, -4, 12, 10, 16, 2
5,-5:-4, -6, 6, -2, -4, 12, 10, 16, 12
5,-5:-4, -6, 6, -2, -4, 12, 18, 18, 4
5,-5:-4, -6, 6, -2, -4, 12, 18, 18, 14
5,-5:-4, -6, 6, -2, -4, 22, 12, 22, 16
5,-5:-4, -6, 6, -2, -4, 22, 12, 22, 18
5,-5:-4, -6, 6, -2, -4, 22, 12, 22, 20
1,-5:-4, -6, 6, 0, -8, -18, 14, -8, 0
12,-9:-4, -6, 6, 0, -8, -12, -14, -26, 2
12,-9:-4, -6, 6, 0, -8, -12, -14, -26, 12
-4,5:-4, -6, 6, 0, -8, -12, 0, 14, -2
12,10:-4, -6, 6, 0, 14, 0, -4, -12, -4
12,10:-4, -6, 6, 0, 14, 0, -4, -12, 2
12,-9:-4, -6, 6, 4, -8, -12, -14, -26, 2
12,-9:-4, -6, 6, 4, -8, -12, -14, -26, 4
12,-9:-4, -6, 6, 4, -8, -12, -14, -26, 6
5,7:-4, -6, 6, 6, 2, -8, -18, 2, -4
5,7:-4, -6, 6, 6, 2, -8, 2, -4, -18
5,7:-4, -6, 6, 6, 2, -8, 2, -4, -8
-3,-5:-4, -6, 6, 6, 2, -2, -30, -4, -14
-3,-5:-4, -6, 6, 6, 2, -2, -30, -4, -10
-1,21:-4, -6, 6, 6, 12, 0, 8, 16, 12
-1,21:-4, -6, 6, 6, 12, 0, 8, 16, 14
-1,21:-4, -6, 6, 6, 12, 0, 8, 16, 16
8,-2:-4, -6, 6, 10, -14, 12, -4, 14, 4
9,3:-4, -6, 6, 10, -10, 0, 4, -14, 4
9,3:-4, -6, 6, 10, -10, 0, 4, 4, -14
9,3:-4, -6, 6, 10, -10, 0, 4, 4, -10
6,-6:-4, -6, 6, 10, 12, 14, 14, -4, 20
6,-6:-4, -6, 6, 10, 12, 14, 14, -4, 24
6,-6:-4, -6, 6, 10, 12, 14, 14, 20, -4
14,7:-4, -4, -14, 6, -4, 6, 2, 0, -12
12,10:-4, -4, -14, 6, 6, 12, 14, 14, 4
1,6:-4, -4, -14, 8, 6, 12, 12, -4, 8
1,6:-4, -4, -14, 8, 6, 12, 12, -4, 10
1,6:-4, -4, -14, 8, 6, 12, 12, -4, 12
1,6:-4, -4, -14, 8, 6, 12, 12, 8, -4
9,16:-4, -4, -14, 10, 8, 0, 0, 0, -4
9,16:-4, -4, -14, 10, 8, 0, 0, 0, 0
10,-5:-4, -4, -8, -20, -4, -4, 2, 0, 0
10,-5:-4, -4, -8, -20, -4, -4, 2, 4, -4
10,-5:-4, -4, -8, -20, -4, -4, 2, 4, -2
10,-5:-4, -4, -8, -20, -4, -4, 2, 4, 0
10,-5:-4, -4, -8, -20, -4, 4, 2, -4, 4
20,3:-4, -4, -8, -20, -4, 8, 8, -6, -6
10,-5:-4, -4, -8, -20, -4, 8, 8, -4, -2
10,-5:-4, -4, -8, -20, -4, 8, 8, -4, 0
10,-5:-4, -4, -8, -20, -4, 8, 8, -4, 2
10,-5:-4, -4, -8, -20, -4, 8, 10, 12, 6
10,-5:-4, -4, -8, -20, -4, 8, 12, 8, 6
10,-5:-4, -4, -8, -20, -4, 10, 4, 0, 2
10,-5:-4, -4, -8, -20, -4, 10, 4, 8, 2
10,-5:-4, -4, -8, -20, -4, 10, 4, 8, 12
10,-5:-4, -4, -8, -20, -4, 10, 4, 10, 10
10,-5:-4, -4, -8, -20, -4, 10, 6, -10, 2
10,-5:-4, -4, -8, -20, -4, 10, 6, -10, 6
10,-5:-4, -4, -8, -20, -4, 10, 6, 2, -10
10,-5:-4, -4, -8, -20, -4, 10, 6, 2, -8
10,-5:-4, -4, -8, -20, -4, 10, 6, 2, -6
10,-5:-4, -4, -8, -20, -4, 10, 8, -6, -6
10,-5:-4, -4, -8, -20, -4, 10, 8, -6, -4
10,-5:-4, -4, -8, -20, -4, 10, 8, -6, -2
10,-5:-4, -4, -8, -20, -4, 10, 12, 4, 8
10,-5:-4, -4, -8, -20, -4, 10, 12, 4, 10
10,-5:-4, -4, -8, -20, -4, 10, 12, 4, 12
10,-5:-4, -4, -8, -20, -4, 10, 12, 12, 4
10,-5:-4, -4, -8, -20, -4, 10, 12, 12, 10
10,-5:-4, -4, -8, -20, -4, 10, 14, -6, 2
10,-5:-4, -4, -8, -20, -4, 10, 14, -6, 4
10,-5:-4, -4, -8, -20, -4, 10, 14, -6, 6
10,-5:-4, -4, -8, -20, -4, 12, -4, 2, 0
10,-5:-4, -4, -8, -20, -4, 12, 0, 10, 8
10,-5:-4, -4, -8, -20, -2, 4, 0, -4, 10
10,-5:-4, -4, -8, -20, -2, 4, 0, 10, -4
10,-5:-4, -4, -8, -20, -2, 8, 2, 2, 4
10,-5:-4, -4, -8, -20, -2, 8, 2, 2, 6
10,-5:-4, -4, -8, -20, -2, 8, 2, 2, 12
10,-5:-4, -4, -8, -20, -2, 8, 2, 8, 4
10,-5:-4, -4, -8, -20, -2, 8, 2, 8, 6
10,-5:-4, -4, -8, -20, -2, 8, 2, 8, 8
10,-5:-4, -4, -8, -20, -2, 8, 2, 12, 6
10,-5:-4, -4, -8, -20, -2, 8, 4, 4, 6
10,-5:-4, -4, -8, -20, -2, 8, 4, 4, 8
10,-5:-4, -4, -8, -20, -2, 8, 4, 6, 0
10,-5:-4, -4, -8, -20, -2, 8, 10, 14, 0
10,-5:-4, -4, -8, -20, -2, 10, 2, 0, 2
10,-5:-4, -4, -8, -20, -2, 10, 2, 0, 4
10,-5:-4, -4, -8, -20, -2, 10, 2, 0, 6
10,-5:-4, -4, -8, -20, -2, 10, 12, 0, 0
10,-5:-4, -4, -8, -20, -2, 10, 12, 4, 6
10,-5:-4, -4, -8, -20, 2, -6, -6, -10, 10
10,-5:-4, -4, -8, -20, 2, -6, 8, 8, -4
10,-5:-4, -4, -8, -20, 2, -6, 8, 8, -2
10,-5:-4, -4, -8, -20, 2, -6, 8, 8, 0
10,-5:-4, -4, -8, -20, 2, 8, 10, 6, 8
10,-5:-4, -4, -8, -20, 2, 8, 10, 6, 12
10,-5:-4, -4, -8, -20, 2, 8, 10, 12, 2
10,-5:-4, -4, -8, -20, 2, 8, 10, 12, 6
10,-5:-4, -4, -8, -20, 2, 8, 10, 14, 2
10,-5:-4, -4, -8, -20, 2, 8, 12, 2, 10
10,-5:-4, -4, -8, -20, 2, 8, 12, 2, 12
10,-5:-4, -4, -8, -20, 2, 10, 4, 2, 4
10,-5:-4, -4, -8, -20, 2, 12, -2, 0, 10
10,-5:-4, -4, -8, -20, 2, 12, -2, 0, 12
10,-5:-4, -4, -8, -20, 2, 12, -2, 10, 0
10,-5:-4, -4, -8, -20, 2, 12, -2, 10, 10
10,-5:-4, -4, -8, -20, 2, 12, 14, 0, 2
10,-5:-4, -4, -8, -20, 2, 12, 14, 0, 4
10,-5:-4, -4, -8, -20, 2, 12, 14, 2, -4
10,-5:-4, -4, -8, -20, 4, -2, 8, -2, 0
10,-5:-4, -4, -8, -20, 4, -2, 8, -2, 2
10,-5:-4, -4, -8, -20, 4, -2, 8, -2, 4
10,-5:-4, -4, -8, -20, 6, 6, 2, -6, 4
10,-5:-4, -4, -8, -20, 6, 6, 2, -6, 8
10,-5:-4, -4, -8, -20, 6, 6, 2, 4, 4
10,-5:-4, -4, -8, -20, 6, 6, 2, 4, 6
10,-5:-4, -4, -8, -20, 6, 6, 2, 8, -6
10,-5:-4, -4, -8, -20, 6, 6, 2, 8, 4
10,-5:-4, -4, -8, -20, 6, 6, 10, 10, -4
10,-5:-4, -4, -8, -20, 6, 6, 10, 10, 6
10,-5:-4, -4, -8, -20, 6, 12, -16, -2, -8
10,-5:-4, -4, -8, -20, 6, 12, -16, 4, 0
10,-5:-4, -4, -8, -20, 6, 12, -16, 4, 2
10,-5:-4, -4, -8, -20, 6, 12, -16, 4, 4
10,-5:-4, -4, -8, -20, 6, 12, -12, 0, -16
10,-5:-4, -4, -8, -20, 6, 12, -12, 0, -14
10,-5:-4, -4, -8, -20, 6, 12, -12, 0, -12
10,-5:-4, -4, -8, -20, 6, 12, 0, -18, -24
10,-5:-4, -4, -8, -20, 6, 12, 0, -18, -22
10,-5:-4, -4, -8, -20, 8, 0, -4, 0, 4
10,-5:-4, -4, -8, -20, 8, 0, -4, 0, 14
10,-5:-4, -4, -8, -20, 8, 0, -2, 16, 2
10,-5:-4, -4, -8, -20, 8, 0, -2, 16, 6
10,-5:-4, -4, -8, -20, 8, 0, 8, 2, 6
10,-5:-4, -4, -8, -20, 8, 0, 8, 2, 16
10,-5:-4, -4, -8, -20, 8, 0, 8, 6, 4
10,-5:-4, -4, -8, -20, 8, 0, 8, 6, 6
10,-5:-4, -4, -8, -20, 8, 4, 10, 6, 4
10,-5:-4, -4, -8, -20, 8, 6, 0, 4, 4
10,-5:-4, -4, -8, -20, 8, 6, 0, 4, 14
10,-5:-4, -4, -8, -20, 8, 6, 0, 14, 4
10,-5:-4, -4, -8, -20, 8, 6, 0, 14, 6
10,-5:-4, -4, -8, -20, 8, 6, 0, 14, 8
10,-5:-4, -4, -8, -20, 8, 6, 2, 6, -2
10,-5:-4, -4, -8, -20, 8, 6, 2, 6, 8
10,-5:-4, -4, -8, -20, 8, 6, 2, 10, -6
10,-5:-4, -4, -8, -20, 8, 6, 8, -4, 4
10,-5:-4, -4, -8, -20, 8, 6, 8, -4, 8
10,-5:-4, -4, -8, -20, 8, 6, 8, 4, -4
10,-5:-4, -4, -8, -20, 8, 6, 8, 4, -2
10,-5:-4, -4, -8, -20, 8, 6, 8, 4, 0
10,-5:-4, -4, -8, -20, 8, 6, 10, 14, 16
10,-5:-4, -4, -8, -20, 8, 6, 10, 14, 18
10,-5:-4, -4, -8, -20, 8, 6, 10, 16, 10
10,-5:-4, -4, -8, -20, 8, 6, 12, 4, 2
10,-5:-4, -4, -8, -20, 8, 6, 12, 4, 6
10,-5:-4, -4, -8, -20, 8, 6, 12, 8, 2
10,-5:-4, -4, -8, -20, 8, 10, 0, 6, 6
10,-5:-4, -4, -8, -20, 8, 10, 0, 12, 4
10,-5:-4, -4, -8, -20, 8, 10, 12, 0, -2
10,-5:-4, -4, -8, -20, 8, 10, 12, 4, -2
10,-5:-4, -4, -8, -20, 8, 12, 12, 0, 6
10,-5:-4, -4, -8, -20, 10, 6, -2, 8, 2
10,-5:-4, -4, -8, -20, 10, 6, -2, 8, 4
10,-5:-4, -4, -8, -20, 10, 6, -2, 8, 6
15,-12:-4, -4, -8, -18, -4, -14, -8, -14, -18
13,5:-4, -4, -8, -12, -14, 0, 2, 0, 8
13,5:-4, -4, -8, -12, -14, 0, 2, 8, 0
7,4:-4, -4, -8, -10, 6, 12, -14, 2, 2
7,4:-4, -4, -8, -10, 6, 12, -14, 2, 4
7,4:-4, -4, -8, -10, 6, 12, -14, 2, 6
1,7:-4, -4, -8, -2, -12, 12, 8, -8, 2
1,7:-4, -4, -8, -2, -12, 12, 8, -8, 4
1,7:-4, -4, -8, -2, -12, 12, 8, -8, 6
6,20:-4, -4, -8, -2, -12, 18, -8, 14, 14
19,10:-4, -4, -8, 2, -12, -14, 0, 2, 10
10,-1:-4, -4, -8, 6, -6, -16, -6, -6, 8
10,-1:-4, -4, -8, 6, -6, -16, -6, -6, 10
10,-1:-4, -4, -8, 6, -6, -16, -6, 8, -6
10,-1:-4, -4, -8, 6, -6, -6, -6, 8, -16
10,-1:-4, -4, -8, 6, -6, -6, -6, 8, -14
10,-1:-4, -4, -8, 6, -6, -6, -6, 8, -12
3,4:-4, -4, -8, 8, -6, -2, -20, -4, -8
3,4:-4, -4, -8, 8, -6, -2, -20, -4, -6
3,4:-4, -4, -8, 8, -6, -2, -20, -4, -4
11,3:-4, -4, -8, 8, -6, -2, -10, -2, -2
1,-3:-4, -4, -6, -16, 10, 0, -8, 4, -14
1,-3:-4, -4, -6, -16, 10, 0, -8, 4, -12
1,-3:-4, -4, -6, -16, 10, 0, -8, 4, -10
-5,-1:-4, -4, -6, -14, -2, 4, 0, 12, -2
7,0:-4, -4, -6, -2, -8, -30, -18, -18, -18
7,0:-4, -4, -6, -2, -8, -30, -18, -18, -16
7,0:-4, -4, -6, -2, -8, -30, -18, -18, -14
7,0:-4, -4, -6, -2, -8, -30, -18, -14, -14
7,0:-4, -4, -6, -2, -8, -30, -16, -22, -16
7,0:-4, -4, -6, -2, -8, -30, -16, -20, -24
7,0:-4, -4, -6, -2, -8, -30, -16, -20, -22
7,1:-4, -4, -6, -2, -8, -30, -8, -18, 0
7,0:-4, -4, -6, -2, -8, -28, -36, -10, -36
7,0:-4, -4, -6, -2, -8, -28, -36, -10, -34
7,0:-4, -4, -6, -2, -8, -28, -36, -10, -32
7,0:-4, -4, -6, -2, -8, -28, -32, -10, -30
7,0:-4, -4, -6, -2, -8, -28, -30, -10, -34
7,0:-4, -4, -6, -2, -8, -28, -30, -10, -30
7,0:-4, -4, -6, -2, -8, -28, -16, -20, -24
7,0:-4, -4, -6, -2, -8, -26, -30, -16, -26
7,0:-4, -4, -6, -2, -8, -26, -24, -10, -22
7,0:-4, -4, -6, -2, -8, -26, -24, -10, -20
7,0:-4, -4, -6, -2, -8, -26, -24, -10, -18
7,1:-4, -4, -6, -2, -8, -8, -18, 0, -30
6,-6:-4, -4, -4, 10, 10, 10, 2, 0, 4
2,2:-4, -4, -2, 4, -10, -18, 2, 4, 14
2,2:-4, -4, -2, 4, -10, -18, 2, 10, 10
2,2:-4, -4, -2, 4, -10, -12, 4, 4, 16
2,2:-4, -4, -2, 4, -10, -12, 4, 4, 18
2,2:-4, -4, -2, 4, -10, -12, 4, 6, 6
2,2:-4, -4, -2, 4, -10, -12, 4, 6, 10
2,2:-4, -4, -2, 4, -10, -12, 4, 8, 8
2,2:-4, -4, -2, 4, -10, -12, 4, 8, 12
2,2:-4, -4, -2, 4, -10, -12, 4, 10, 4
2,2:-4, -4, -2, 4, -10, -12, 4, 10, 6
2,2:-4, -4, -2, 4, -10, 2, 4, 14, -18
2,2:-4, -4, -2, 4, -10, 2, 4, 14, -12
22,-3:-4, -4, -2, 4, -10, 4, -16, 6, 6
22,-3:-4, -4, -2, 4, -10, 4, -16, 6, 10
2,2:-4, -4, -2, 4, -10, 4, 6, -16, -26
2,2:-4, -4, -2, 4, -10, 4, 6, -16, -24
22,-3:-4, -4, -2, 4, -10, 4, 6, -16, -4
22,-3:-4, -4, -2, 4, -10, 4, 6, -16, 2
22,-3:-4, -4, -2, 4, -10, 4, 6, -16, 6
2,2:-4, -4, -2, 4, -10, 4, 6, 6, -12
22,-3:-4, -4, -2, 4, -10, 4, 10, -16, 6
22,-3:-4, -4, -2, 4, -10, 4, 10, -16, 8
4,15:-4, -4, -2, 4, -10, 10, 4, 10, -18
4,15:-4, -4, -2, 4, -10, 10, 4, 10, -14
12,12:-4, -4, -2, 4, -6, -6, -6, 8, 14
12,12:-4, -4, -2, 4, -6, -6, -6, 12, 14
12,12:-4, -4, -2, 4, -6, -6, -6, 14, 10
1,10:-4, -4, -2, 4, -6, -6, 12, 4, -6
12,12:-4, -4, -2, 4, -6, -6, 12, 14, -6
9,-2:-4, -4, -2, 4, 0, -2, 12, -8, 2
2,2:-4, -4, -2, 4, 12, 14, -10, -8, 6
2,2:-4, -4, -2, 4, 12, 14, -10, -8, 10
2,2:-4, -4, -2, 4, 12, 14, -10, -6, 6
2,2:-4, -4, -2, 4, 12, 14, -10, 6, -8
2,2:-4, -4, -2, 4, 12, 14, -10, 6, 2
5,16:-4, -4, -2, 8, -2, 0, -2, 10, 2
6,6:-4, -4, -2, 8, 12, 8, 14, 6, 14
6,6:-4, -4, -2, 8, 12, 8, 14, 6, 16
6,6:-4, -4, -2, 8, 12, 8, 14, 6, 18
6,6:-4, -4, -2, 8, 12, 8, 14, 14, 6
12,10:-4, -4, 6, 6, 12, 14, 14, 4, -14
1,6:-4, -4, 8, 6, 12, 12, -4, 8, -4
1,6:-4, -4, 8, 6, 12, 12, -4, 8, -2
22,0:-4, -4, 8, 10, 0, -4, -10, -20, -16
9,16:-4, -4, 10, 8, 0, 0, 0, -4, -4
9,16:-4, -4, 10, 8, 0, 0, 0, -4, -2
9,16:-4, -4, 10, 8, 0, 0, 0, 0, -14
9,16:-4, -4, 10, 8, 0, 0, 0, 0, -4
-3,7:-4, 0, -16, -6, 4, 2, -4, -8, 0
-3,7:-4, 0, -16, -6, 4, 2, -4, -8, 4
-3,7:-4, 0, -16, -6, 4, 2, -4, 0, -8
-3,7:-4, 0, -16, -6, 4, 2, -4, 0, -4
9,-2:-4, 0, -16, 4, -16, -24, -26, 6, -2
9,-2:-4, 0, -16, 4, -16, -24, -26, 6, 2
9,-2:-4, 0, -16, 4, -16, -24, 6, -6, -4
9,-2:-4, 0, -16, 4, -16, -24, 6, -6, -2
9,-2:-4, 0, -16, 4, -16, -24, 6, -2, -26
9,-2:-4, 0, -16, 4, -16, -24, 6, -2, -16
9,-2:-4, 0, -16, 4, -16, 6, -6, -14, -6
9,-2:-4, 0, -16, 4, -16, 6, -6, -12, -10
9,-2:-4, 0, -16, 4, -16, 6, -6, -4, -20
9,-2:-4, 0, -16, 4, -16, 6, -6, -4, -16
4,-6:-4, 0, -16, 6, 8, 2, 12, 0, 4
4,-6:-4, 0, -16, 6, 8, 2, 12, 0, 14
1,-1:-4, 0, -12, -12, -4, 6, 10, 0, 4
0,9:-4, 0, -12, -12, 0, -8, 0, -6, -4
0,9:-4, 0, -12, -12, 0, -8, 0, -6, -2
0,9:-4, 0, -12, -12, 0, -8, 0, -6, 4
0,9:-4, 0, -12, -12, 0, -8, 0, 0, -4
0,9:-4, 0, -12, -12, 0, -8, 0, 0, -2
0,9:-4, 0, -12, -12, 0, -8, 0, 0, 0
0,9:-4, 0, -12, -12, 0, -8, 0, 2, 4
0,9:-4, 0, -12, -12, 0, -8, 0, 4, -2
8,12:-4, 0, -12, -12, 8, 12, -4, 4, -2
10,1:-4, 0, -12, -10, 4, 4, 0, -2, -14
-3,0:-4, 0, -12, -10, 6, 4, 10, 10, 6
-3,0:-4, 0, -12, -10, 6, 4, 10, 10, 8
-3,0:-4, 0, -12, -10, 6, 4, 10, 10, 10
10,-13:-4, 0, -12, -6, -8, -20, -6, -14, -2
10,-13:-4, 0, -12, -6, -8, -20, -6, -14, 2
10,-4:-4, 0, -12, -6, 6, -4, -10, -8, 8
10,-4:-4, 0, -12, -6, 6, -4, -10, -8, 10
10,-4:-4, 0, -12, -6, 6, -4, -10, -8, 12
10,-4:-4, 0, -12, -6, 6, -4, -10, 8, -8
5,-1:-4, 0, -12, -6, 8, -4, 4, 0, -12
4,-7:-4, 0, -12, -6, 8, -4, 4, 0, -10
4,-7:-4, 0, -12, -6, 8, -4, 4, 0, -4
4,-7:-4, 0, -12, -6, 8, -4, 4, 0, 0
0,-6:-4, 0, -12, -4, 10, 12, -14, -12, 4
0,-6:-4, 0, -12, -4, 10, 12, -14, -12, 6
0,-6:-4, 0, -12, -4, 10, 12, -14, 4, -12
2,-4:-4, 0, -12, 0, -8, 0, -6, -8, 12
2,-4:-4, 0, -12, 0, -8, 0, -6, -8, 14
2,-4:-4, 0, -12, 0, -8, 0, -6, -8, 16
20,-8:-4, 0, -12, 0, -6, -18, -26, -36, -14
16,-20:-4, 0, -12, 0, -6, 0, -26, -14, -12
16,-20:-4, 0, -12, 0, -6, 0, -26, -14, -10
16,-20:-4, 0, -12, 0, -6, 0, -26, -14, -4
16,-20:-4, 0, -12, 0, -6, 0, -26, -8, -12
16,-20:-4, 0, -12, 0, -6, 0, -26, -8, -10
16,-20:-4, 0, -12, 0, -6, 0, -26, -8, -8
16,-20:-4, 0, -12, 0, -6, 0, -26, -6, -4
16,-20:-4, 0, -12, 0, -6, 0, -26, -4, -10
3,7:-4, 0, -12, 0, 10, -2, 16, 6, 10
-3,0:-4, 0, -12, 6, 4, 10, 10, 6, -10
-3,0:-4, 0, -12, 6, 4, 10, 10, 6, -6
11,9:-4, 0, -12, 6, 8, 2, 2, -6, -8
9,-3:-4, 0, -12, 6, 8, 4, 14, 20, 12
-5,9:-4, 0, -12, 8, -2, -10, -14, 16, 16
-5,9:-4, 0, -12, 8, -2, -10, -14, 16, 18
-5,9:-4, 0, -12, 8, -2, -10, -14, 16, 20
-5,9:-4, 0, -12, 8, -2, -10, 16, 16, -14
-5,9:-4, 0, -12, 8, -2, -10, 16, 16, -8
-5,9:-4, 0, -12, 8, -2, -2, 16, 16, -10
5,10:-4, 0, -12, 8, 6, -2, -12, 14, -2
15,-7:-4, 0, -12, 8, 6, 4, 2, 0, -4
2,-2:-4, 0, -12, 8, 8, 2, 12, 22, 16
2,-2:-4, 0, -12, 8, 8, 2, 12, 22, 18
2,-2:-4, 0, -12, 8, 8, 2, 12, 22, 20
2,-2:-4, 0, -12, 8, 8, 2, 14, 14, 16
2,-2:-4, 0, -12, 8, 8, 2, 14, 14, 18
2,-2:-4, 0, -12, 8, 8, 2, 14, 14, 20
2,-2:-4, 0, -12, 8, 8, 2, 14, 16, 20
2,-2:-4, 0, -12, 8, 8, 2, 20, 16, 8
1,-5:-4, 0, -12, 8, 10, 2, 4, -12, -12
3,-1:-4, 0, -12, 10, -22, -8, -26, 0, -16
3,-1:-4, 0, -12, 10, -22, -8, 0, -16, -26
3,-1:-4, 0, -12, 10, -22, -8, 0, -16, -16
6,-12:-4, 0, -12, 10, -22, -2, 2, -2, -10
2,-16:-4, 0, -12, 10, -20, -6, 6, 2, -2
9,1:-4, 0, -12, 10, -16, -12, -10, -2, 0
1,13:-4, 0, -12, 10, -2, 14, 14, -14, -20
1,13:-4, 0, -12, 10, -2, 14, 14, -14, -18
-3,-15:-4, 0, -12, 10, 6, -2, -14, -20, -18
-3,-15:-4, 0, -12, 10, 6, -2, -14, -20, -16
-3,-15:-4, 0, -12, 10, 6, -2, -14, -20, -14
9,2:-4, 0, -8, -10, -2, -4, 4, 2, 6
-4,-3:-4, 0, -8, -10, 4, 6, -4, 0, 4
-4,-3:-4, 0, -8, -10, 4, 6, -4, 0, 14
-4,-3:-4, 0, -8, -10, 4, 6, -2, 16, 2
-4,-3:-4, 0, -8, -10, 4, 6, -2, 16, 6
-4,-3:-4, 0, -8, -10, 4, 6, 8, 2, 6
-4,-3:-4, 0, -8, -10, 4, 6, 8, 2, 16
-4,-3:-4, 0, -8, -10, 4, 6, 8, 6, 4
-4,-3:-4, 0, -8, -10, 4, 6, 8, 6, 6
-4,-3:-4, 0, -8, -10, 4, 10, 0, 2, -4
-4,-3:-4, 0, -8, -10, 4, 10, 0, 2, -2
-4,-3:-4, 0, -8, -10, 4, 10, 0, 2, 0
-4,-3:-4, 0, -8, -10, 4, 10, 4, 0, 8
-4,-3:-4, 0, -8, -10, 4, 10, 4, 0, 10
-4,-3:-4, 0, -8, -10, 4, 10, 4, 4, 2
-4,-3:-4, 0, -8, -10, 4, 10, 4, 6, 4
-4,-3:-4, 0, -8, -10, 4, 10, 6, -4, 8
-4,-3:-4, 0, -8, -10, 4, 10, 6, 6, 4
-4,-3:-4, 0, -8, -10, 4, 10, 6, 12, 2
-4,-3:-4, 0, -8, -10, 4, 12, 8, 14, 6
-4,-3:-4, 0, -8, -10, 4, 12, 14, 6, 8
-4,-3:-4, 0, -8, -10, 4, 12, 14, 6, 10
-4,-3:-4, 0, -8, -10, 4, 12, 14, 6, 12
-4,-3:-4, 0, -8, -10, 4, 16, 16, 18, 22
-4,-3:-4, 0, -8, -10, 4, 16, 16, 18, 24
-4,-3:-4, 0, -8, -10, 4, 16, 16, 18, 26
2,3:-4, 0, -8, -10, 6, -4, 2, 6, -4
5,5:-4, 0, -8, -10, 8, 10, 2, 6, 8
-2,5:-4, 0, -8, -4, -10, -16, 10, 2, -6
3,-3:-4, 0, -8, -4, -10, -6, 2, 8, 4
10,8:-4, 0, -8, -4, -10, -2, -6, 10, -16
2,-10:-4, 0, -8, -4, -10, 10, -6, -10, -16
2,-10:-4, 0, -8, -4, -10, 10, -6, -10, -14
2,-10:-4, 0, -8, -4, -10, 10, -6, -10, -12
1,1:-4, 0, -8, -4, -10, 10, 14, 10, 0
6,3:-4, 0, -8, -4, -8, -6, 2, 6, 0
2,6:-4, 0, -8, -2, -12, -4, 4, 0, 10
2,6:-4, 0, -8, -2, -4, 4, 0, 10, -12
6,2:-4, 0, -8, -2, 8, -14, -12, 6, 6
6,2:-4, 0, -8, -2, 8, -14, 6, 6, -12
6,2:-4, 0, -8, -2, 8, -14, 6, 6, -10
-4,-3:-4, 0, -8, 4, -4, -4, -14, 14, -12
-4,-3:-4, 0, -8, 4, -4, -4, -14, 14, -10
-4,-3:-4, 0, -8, 4, -4, -4, -14, 14, -8
-4,-3:-4, 0, -8, 4, -4, 14, -14, -16, -8
8,-3:-4, 0, -8, 4, -2, 2, 0, -4, -16
-4,-3:-4, 0, -8, 4, 10, -4, 0, 2, -8
5,-15:-4, 0, -8, 4, 14, -14, -18, -14, -6
5,-15:-4, 0, -8, 4, 14, -14, -18, -14, -4
5,-15:-4, 0, -8, 4, 14, -14, -18, -6, -14
-4,-3:-4, 0, -8, 4, 14, -8, -10, -12, -14
-4,-3:-4, 0, -8, 4, 14, -8, -10, -12, -4
-5,-6:-4, 0, -8, 6, -14, -22, -28, -4, -4
-5,-6:-4, 0, -8, 6, -14, -18, -4, -4, -10
-5,-6:-4, 0, -8, 6, -14, -18, -4, -4, -8
1,-1:-4, 0, -8, 6, -8, 10, 0, 4, -10
2,3:-4, 0, -8, 6, -4, 2, 6, -4, -10
2,3:-4, 0, -8, 6, -4, 2, 6, -4, -6
7,9:-4, 0, -8, 6, 8, -12, -4, -2, -8
3,1:-4, 0, -8, 8, 6, -8, -8, -2, 0
3,1:-4, 0, -8, 8, 6, -8, -8, -2, 2
3,1:-4, 0, -8, 8, 6, -8, -8, -2, 4
3,1:-4, 0, -8, 8, 6, -8, -8, 0, 4
5,5:-4, 0, -8, 8, 10, 2, 6, 8, -10
5,5:-4, 0, -8, 8, 10, 2, 6, 8, -6
-4,2:-4, 0, -8, 8, 10, 12, 2, 20, -12
-2,12:-4, 0, -4, -6, -2, -2, 8, 16, 12
1,-1:-4, 0, -4, -6, 8, -24, -14, -8, -2
-1,-3:-4, 0, -4, -6, 8, -24, -14, 4, -6
-1,-3:-4, 0, -4, -6, 8, -24, -14, 4, 4
-1,-3:-4, 0, -4, -6, 8, -24, 4, 4, -14
-1,-3:-4, 0, -4, -6, 8, -22, 4, -4, -10
-1,-3:-4, 0, -4, -6, 8, -22, 4, -4, -6
-1,-3:-4, 0, -4, -6, 8, -22, 4, -4, 0
-1,-3:-4, 0, -4, -6, 8, -22, 4, -2, -2
-1,-3:-4, 0, -4, -6, 8, -22, 4, -2, 0
-1,-3:-4, 0, -4, -6, 8, -22, 4, -2, 2
-1,-3:-4, 0, -4, -6, 8, -22, 4, 4, -12
-1,-3:-4, 0, -4, -6, 8, -22, 4, 4, -10
-1,-3:-4, 0, -4, -6, 8, -22, 4, 4, -8
18,8:-4, 0, -4, -6, 8, -16, 2, -20, -20
1,-1:-4, 0, -4, -6, 8, -14, -8, -2, -24
1,-1:-4, 0, -4, -6, 8, -14, -8, -2, -14
-1,-3:-4, 0, -4, -6, 8, -14, 4, -6, -24
-1,-3:-4, 0, -4, -6, 8, -14, 4, -6, -14
-1,-3:-4, 0, -4, -6, 8, -10, 4, 4, -10
-1,-3:-4, 0, -4, -6, 8, -10, 4, 4, -8
-1,-3:-4, 0, -4, -6, 8, -10, 4, 4, -6
7,4:-4, 0, -4, -2, -6, -10, -18, -2, -12
11,10:-4, 0, -4, 6, 0, -4, 10, 2, -8
6,-3:-4, 0, -2, -10, 6, 6, 0, -2, -14
3,-13:-4, 0, -2, -8, -14, -10, -4, -10, 8
3,-13:-4, 0, -2, -8, -14, -10, -4, 8, -10
11,-1:-4, 0, -2, -4, -14, -16, -24, -8, 10
14,-11:-4, 0, -2, -4, -14, -16, -18, -30, 8
14,-11:-4, 0, -2, -4, -14, -16, -18, 8, -30
8,1:-4, 0, -2, -4, -14, 4, -2, -24, 10
11,15:-4, 0, -2, -4, -4, -4, -6, 6, 12
11,15:-4, 0, -2, -4, -4, -4, -6, 6, 14
4,1:-4, 0, -2, -4, -4, 6, 8, 2, -6
-5,-1:-4, 0, -2, 4, -14, 6, 6, 12, 0
4,7:-4, 0, -2, 4, -8, -14, -14, -18, -32
4,7:-4, 0, -2, 4, -8, -14, -14, -18, -28
11,10:-4, 0, -2, 4, 0, 10, -14, -6, 0
15,-12:-4, 0, -2, 4, 2, -12, -18, -20, -32
1,-26:-4, 0, -2, 4, 8, -2, 8, -12, -34
1,-26:-4, 0, -2, 4, 8, -2, 8, -12, -30
-4,-3:-4, 0, -2, 6, 6, 6, 6, -2, 0
15,0:-4, 0, 0, 8, 12, 6, -16, -6, -12
18,11:-4, 0, 0, 10, -6, -8, -12, 10, 8
3,7:-4, 0, 0, 10, -2, 16, 6, 10, -12
3,7:-4, 0, 0, 10, -2, 16, 6, 10, -10
3,7:-4, 0, 0, 10, -2, 16, 6, 10, -8
8,20:-4, 0, 0, 10, 16, 16, 6, -8, 2
8,20:-4, 0, 0, 10, 16, 16, 6, -8, 4
8,20:-4, 0, 0, 10, 16, 16, 6, 2, -8
8,20:-4, 0, 0, 10, 16, 16, 6, 2, -2
16,12:-4, 0, 2, -6, -14, -10, 8, -2, 2
20,1:-4, 0, 2, -2, -8, -10, -12, -24, -10
20,1:-4, 0, 2, -2, -8, -10, -12, -24, -6
14,-1:-4, 0, 4, -6, -16, 0, -10, -10, 0
1,1:-4, 0, 4, -4, 2, -12, 4, 12, 14
1,1:-4, 0, 4, -4, 2, -12, 4, 12, 16
1,1:-4, 0, 4, -4, 2, -12, 4, 14, 8
10,9:-4, 0, 4, -4, 2, -2, -14, -10, 2
-1,6:-4, 0, 4, 4, 0, -2, -10, 0, 12
-1,6:-4, 0, 4, 4, 0, -2, -10, 12, 0
-1,6:-4, 0, 4, 4, 0, -2, 0, 12, -10
-1,6:-4, 0, 4, 4, 0, -2, 0, 12, -8
-1,6:-4, 0, 4, 4, 0, -2, 0, 12, -6
4,6:-4, 0, 4, 4, 0, 6, -2, -2, 0
4,6:-4, 0, 4, 4, 0, 6, -2, -2, 2
4,6:-4, 0, 4, 4, 0, 6, -2, -2, 4
17,1:-4, 0, 4, 4, 10, 4, 6, -6, 2
17,1:-4, 0, 4, 4, 10, 4, 6, -6, 10
17,1:-4, 0, 4, 4, 10, 4, 6, 2, -6
22,6:-4, 0, 6, -6, -8, -4, -14, -4, 2
22,6:-4, 0, 6, -6, -8, -4, -14, -4, 4
22,6:-4, 0, 6, -6, -8, -4, -14, 4, -4
1,-1:-4, 0, 6, -6, -4, 10, 0, 4, -18
2,-7:-4, 0, 6, -2, 0, -6, 8, -10, 6
2,-7:-4, 0, 6, -2, 0, -6, 8, -10, 10
2,-7:-4, 0, 6, -2, 0, -6, 8, 10, -10
3,-10:-4, 0, 6, -2, 0, 2, -6, -6, 6
-12,-4:-4, 0, 6, -2, 0, 8, 10, 0, 12
14,-4:-4, 0, 6, -2, 0, 10, 12, 0, -4
0,-9:-4, 0, 6, -2, 6, 6, 2, -22, 2
0,-9:-4, 0, 6, -2, 6, 6, 2, -22, 4
0,-9:-4, 0, 6, -2, 6, 6, 2, -22, 6
0,-9:-4, 0, 6, -2, 6, 6, 2, 2, -22
0,-9:-4, 0, 6, -2, 6, 6, 2, 2, -20
5,-11:-4, 0, 6, 2, 10, 8, -4, -4, -2
-4,0:-4, 0, 6, 4, -6, -12, 6, -4, -2
-4,0:-4, 0, 6, 4, -6, -12, 6, -4, 0
-4,0:-4, 0, 6, 4, -6, -12, 6, -4, 2
9,-3:-4, 0, 6, 8, 4, 14, 20, 12, -12
9,-3:-4, 0, 6, 8, 4, 14, 20, 12, -10
9,-3:-4, 0, 6, 8, 4, 14, 20, 12, -8
-11,11:-4, 0, 6, 10, 10, -2, 8, 4, -4
12,6:-4, 0, 8, -6, -14, -8, 2, -8, 12
12,6:-4, 0, 8, -6, -14, -8, 2, 12, -8
12,6:-4, 0, 8, -6, -14, -8, 2, 12, -6
31,-1:-4, 0, 8, -2, -14, -10, 18, -14, -40
31,-1:-4, 0, 8, -2, -14, -10, 18, -14, -38
19,0:-4, 0, 8, -2, -2, -2, -14, 2, 10
19,0:-4, 0, 8, -2, -2, -2, -14, 2, 20
19,0:-4, 0, 8, -2, -2, -2, -14, 10, 2
19,0:-4, 0, 8, -2, -2, -2, -14, 10, 6
19,0:-4, 0, 8, -2, 22, 0, -14, -8, -8
19,0:-4, 0, 8, -2, 22, 0, -14, -8, -6
19,0:-4, 0, 8, -2, 22, 0, -14, -8, -4
19,0:-4, 0, 8, -2, 22, 0, -14, -2, -6
19,0:-4, 0, 8, -2, 22, 0, -14, -2, -4
3,15:-4, 0, 8, 4, -4, -8, 2, -14, 2
5,10:-4, 0, 8, 6, -2, -2, -4, 14, -12
5,10:-4, 0, 8, 6, -2, -2, -4, 14, -10
5,10:-4, 0, 8, 6, -2, -2, -4, 14, -8
2,-2:-4, 0, 8, 8, 2, 16, -16, -6, -12
2,-2:-4, 0, 8, 8, 2, 16, -16, -6, -10
2,-2:-4, 0, 8, 8, 2, 16, -16, -6, -8
2,-2:-4, 0, 8, 8, 2, 16, -6, -4, -12
-9,2:-4, 0, 8, 8, 12, -2, 2, 14, 12
10,6:-4, 0, 8, 10, -8, -12, 4, 8, 14
1,-5:-4, 0, 8, 10, -8, -4, -12, -12, 8
1,-5:-4, 0, 8, 10, -8, -4, -12, -12, 12
1,-5:-4, 0, 8, 10, -8, -4, -12, -12, 14
1,-5:-4, 0, 8, 10, -6, -8, -12, -12, 6
1,-5:-4, 0, 8, 10, -6, -8, -12, -12, 8
1,-5:-4, 0, 8, 10, -6, -8, -12, -12, 10
8,-6:-4, 0, 10, -4, 2, -4, 4, -2, -8
9,3:-4, 2, 2, -8, -10, -2, -6, 2, 2
7,-5:-4, 2, 2, -8, -4, -6, 0, -10, -6
0,-2:-4, 2, 6, -14, -18, -6, 0, 4, -18
0,-2:-4, 2, 6, -14, -18, -6, 0, 4, -8
0,-2:-4, 2, 6, -14, -18, 2, 0, 4, -18
0,-2:-4, 2, 6, -14, -18, 2, 0, 4, -16
0,-2:-4, 2, 6, -14, -18, 2, 0, 4, -14
14,1:-4, 2, 6, -8, 2, 2, -24, -4, -20
14,1:-4, 2, 6, -8, 2, 2, -20, 4, 6
14,1:-4, 2, 6, -8, 2, 2, -20, 4, 8
14,1:-4, 2, 6, -8, 2, 2, -20, 4, 10
9,8:-4, 2, 6, 0, 4, -10, 6, -8, -14
9,10:-4, 2, 6, 0, 4, -6, -10, 6, 6
4,-6:-4, 2, 6, 0, 14, -16, -8, -18, -16
4,-6:-4, 2, 6, 0, 14, -16, -8, -18, -14
4,-6:-4, 2, 6, 0, 14, -16, -8, -18, -12
4,-6:-4, 2, 6, 0, 14, -12, -16, -6, -12
4,-6:-4, 2, 6, 0, 14, -12, -16, -6, -10
4,-6:-4, 2, 6, 0, 14, -12, -16, -6, -8
26,-9:-4, 2, 6, 2, -8, -10, -18, -6, -16
-4,3:-4, 2, 6, 2, 6, -4, 2, -8, 0
10,-10:-4, 4, -10, -8, -18, -12, -4, -12, 2
10,-10:-4, 4, -10, -8, -18, -12, -4, -12, 6
11,-3:-4, 4, -10, -8, -16, -2, -2, 2, -4
11,-3:-4, 4, -10, -8, -16, -2, -2, 2, 0
14,-5:-4, 4, -10, -6, -14, -16, -14, -10, -18
14,-5:-4, 4, -10, -6, -14, -16, -14, -10, -16
12,-5:-4, 4, -10, -6, -14, -12, -6, -2, 2
12,-5:-4, 4, -10, -6, -14, -12, -6, -2, 4
12,-5:-4, 4, -10, -6, -14, -12, -6, -2, 6
12,-5:-4, 4, -10, -6, -14, -12, -6, 2, 2
12,-5:-4, 4, -10, -6, -14, -12, -4, 6, 0
12,-5:-4, 4, -10, -6, -14, -12, -4, 6, 2
12,-5:-4, 4, -10, -6, -14, -12, -4, 6, 4
12,-5:-4, 4, -10, -6, -14, -12, -2, 2, 2
12,-5:-4, 4, -10, -6, -14, -12, -2, 4, 2
12,-5:-4, 4, -10, -6, -14, -12, -2, 4, 12
12,-5:-4, 4, -10, -6, -14, -12, 6, -2, -10
12,-5:-4, 4, -10, -6, -14, -12, 6, -2, -6
12,-5:-4, 4, -10, -6, -14, 6, 4, -12, 2
12,-5:-4, 4, -10, -6, -14, 6, 4, -12, 4
12,-5:-4, 4, -10, -6, -14, 6, 4, -12, 6
-3,2:-4, 4, -10, -6, -8, 0, 0, 4, -4
11,-5:-4, 4, -10, -6, -2, -4, -14, -10, -4
11,-5:-4, 4, -10, -6, -2, -4, -14, -10, 0
11,-5:-4, 4, -10, -6, -2, -4, -14, -4, -10
12,1:-4, 4, -10, -6, 2, -10, -14, -16, -6
3,9:-4, 4, -10, -6, 2, 2, 0, 6, 0
11,-5:-4, 4, -10, 0, -14, -4, -20, -22, -20
11,-5:-4, 4, -10, 0, -14, -4, -20, -22, -18
11,-5:-4, 4, -10, 0, -14, -4, -20, -16, -20
11,-5:-4, 4, -10, 0, -14, -4, -20, -16, -18
11,-5:-4, 4, -10, 0, -14, -4, -20, -16, -16
11,-5:-4, 4, -10, 0, -14, -4, -20, -14, -12
11,-3:-4, 4, -10, 0, -8, -16, -2, -2, 2
20,-7:-4, 4, -10, 2, -16, -18, -20, -32, -14
20,-7:-4, 4, -10, 2, -16, -18, -20, -32, -4
20,-7:-4, 4, -10, 2, -16, -18, -20, -4, -32
7,-16:-4, 4, -8, -16, -10, -20, -14, -18, -12
7,-16:-4, 4, -8, -16, -10, -20, -14, -18, -2
8,2:-4, 4, -8, -16, 0, -6, -12, 4, 2
9,-5:-4, 4, -8, -16, 0, -6, 2, -8, 4
9,-5:-4, 4, -8, -16, 0, -6, 2, -8, 6
9,-5:-4, 4, -8, -16, 0, -6, 2, -8, 8
9,-5:-4, 4, -8, -16, 0, -6, 2, 4, -8
3,-7:-4, 4, -8, -16, 6, -10, -18, 0, 2
3,-7:-4, 4, -8, -16, 6, -10, 0, 2, -18
3,-7:-4, 4, -8, -16, 6, -10, 0, 2, -14
9,4:-4, 4, -8, -14, 0, -12, 2, 4, -2
19,-6:-4, 4, -8, -12, -14, -16, -18, -30, 2
19,-6:-4, 4, -8, -12, -14, -16, -18, 2, -30
15,-6:-4, 4, -8, -6, 0, -12, -12, -14, -26
9,10:-4, 4, -8, -6, 6, 2, -14, -6, -10
9,10:-4, 4, -8, -6, 6, 2, -14, -6, -8
9,10:-4, 4, -8, -6, 6, 2, -8, -12, -8
9,10:-4, 4, -8, -6, 6, 2, -6, -8, -14
10,-6:-4, 4, -8, 6, -4, -4, -14, -10, 10
10,-6:-4, 4, -8, 6, -4, -4, -14, 10, -10
5,-5:-4, 4, -8, 6, -2, -4, -12, 14, -12
5,-5:-4, 4, -8, 6, -2, -4, -12, 14, -10
5,-5:-4, 4, -8, 6, -2, -4, -12, 14, -8
5,-5:-4, 4, -8, 6, -2, -4, 14, -14, -16
5,-5:-4, 4, -8, 6, -2, -4, 14, -6, -10
5,-5:-4, 4, -8, 6, -2, -4, 14, -6, -8
11,2:-4, 4, -4, -26, -16, -20, -20, -6, -4
-3,-2:-4, 4, -4, -26, -12, -24, -26, -14, 6
-3,-2:-4, 4, -4, -26, -12, -24, -26, 6, -14
-3,-2:-4, 4, -4, -26, -12, -24, -26, 6, -12
-3,-2:-4, 4, -4, -26, -12, -24, -26, 6, -10
-3,-2:-4, 4, -4, -26, -12, -24, -14, 6, -26
-3,-2:-4, 4, -4, -26, -12, -24, -14, 6, -24
-3,-2:-4, 4, -4, -26, -12, -24, -14, 6, -22
5,-16:-4, 4, -4, -22, -12, -16, -16, -14, -14
-2,-19:-4, 4, -4, -20, -14, -26, -18, -28, -24
-2,-19:-4, 4, -4, -20, -14, -26, -18, -28, -22
-2,-19:-4, 4, -4, -20, -14, -26, -18, -28, -20
16,4:-4, 4, -4, -18, -14, -20, -10, 0, -12
15,-5:-4, 4, -4, -16, -34, -28, -28, -34, -12
22,-10:-4, 4, -4, -14, -16, -24, -22, -22, -18
15,-3:-4, 4, -4, -14, -14, -18, -12, -26, -6
15,-3:-4, 4, -4, -14, -14, -18, -12, -6, -26
13,-4:-4, 4, -4, -12, -6, -14, -8, -8, -4
13,-4:-4, 4, -4, -12, -6, -14, -8, -8, -2
19,-11:-4, 4, -4, -10, -18, -28, -24, -18, -20
19,-11:-4, 4, -4, -10, -18, -28, -24, -18, -16
19,-11:-4, 4, -4, -10, -18, -28, -24, -16, -22
19,-11:-4, 4, -4, -10, -18, -28, -24, -16, -20
19,-11:-4, 4, -4, -10, -18, -28, -24, -16, -18
20,1:-4, 4, -2, -14, 2, 4, 14, 10, -10
20,1:-4, 4, -2, -14, 2, 6, 10, 8, -10
14,3:-4, 4, -2, -12, -6, 2, -2, -4, -16
10,-4:-4, 4, -2, -12, -2, -10, -6, -2, -6
1,2:-4, 4, -2, -12, 2, 4, -4, 4, 14
10,1:-4, 4, -2, -12, 2, 4, -2, 4, -16
-4,-1:-4, 4, -2, -12, 6, -2, -6, 16, 10
-4,-1:-4, 4, -2, -12, 6, -2, 16, 10, -6
-4,-1:-4, 4, -2, -12, 6, -2, 16, 10, -4
-4,-1:-4, 4, -2, -12, 6, -2, 16, 10, -2
-1,-1:-4, 4, -2, -12, 6, -2, 16, 10, 6
12,9:-4, 4, -2, 2, 4, 6, 8, 4, -4
12,9:-4, 4, -2, 2, 4, 6, 8, 10, -4
3,5:-4, 4, -2, 2, 12, -16, 0, 10, -16
3,5:-4, 4, -2, 2, 12, -16, 0, 10, -14
3,5:-4, 4, -2, 2, 12, -16, 0, 10, -12
5,-10:-4, 4, -2, 6, 2, -22, -18, -10, -2
5,1:-4, 4, -2, 6, 2, -18, -16, -24, -8
5,1:-4, 4, -2, 6, 2, -18, -16, -24, -6
5,1:-4, 4, -2, 6, 2, -18, -16, -24, -4
5,1:-4, 4, -2, 6, 2, -18, -16, -8, -24
5,1:-4, 4, -2, 6, 2, -18, -16, -8, -14
10,9:-4, 4, -2, 6, 6, 12, 6, 12, 14
10,9:-4, 4, -2, 6, 6, 12, 6, 12, 16
-2,10:-4, 4, 4, -6, -14, 4, 2, 22, 16
10,-5:-4, 4, 4, 4, 12, -8, -20, 14, -6
10,-5:-4, 4, 4, 4, 12, -8, -20, 14, -2
10,-5:-4, 4, 4, 4, 14, -4, -8, -20, 0
10,-5:-4, 4, 4, 4, 14, -4, -8, -20, 2
10,-5:-4, 4, 4, 4, 14, -4, -8, -20, 4
5,-5:-4, 4, 4, 6, -6, -2, -4, 16, 14
5,-14:-4, 4, 6, 6, -4, -14, -10, -12, -24
8,-2:-4, 4, 6, 6, -4, 0, -18, -2, -2
4,11:-4, 4, 6, 6, 12, 10, 2, 0, 12
0,-7:6, -4, -4, -6, -6, -4, -4, -4, 4
0,-7:6, -4, -4, -6, -6, -4, -4, -4, 6
0,-7:6, -4, -4, -6, -6, -4, -4, -4, 8
0,2:6, -4, -4, -6, -6, 2, 8, 8, 8
8,-2:6, -4, -4, -6, 6, -2, -4, 22, 16
8,-2:6, -4, -4, -6, 6, -2, -4, 22, 18
8,-2:6, -4, -4, -6, 6, -2, -4, 22, 20
13,-2:6, -4, -4, -4, -8, -20, -4, 8, 6
13,-2:6, -4, -4, -4, -8, -20, -2, 8, 8
13,-2:6, -4, -4, -4, -8, -20, 2, 8, 8
13,-2:6, -4, -4, -4, -8, -20, 4, -2, 0
13,-2:6, -4, -4, -4, -8, -20, 4, -2, 2
13,-2:6, -4, -4, -4, -8, -20, 4, -2, 4
13,-2:6, -4, -4, -4, -8, -20, 8, 12, 0
13,-2:6, -4, -4, -4, -8, -20, 10, 6, 2
13,-2:6, -4, -4, -4, -8, -20, 10, 6, 4
13,-2:6, -4, -4, -4, -8, -20, 10, 6, 6
10,3:6, -4, -4, -4, -6, -2, -8, -30, -10
10,3:6, -4, -4, -4, -6, -2, -8, -10, -30
5,1:6, -4, -4, 0, -12, 8, 8, 2, 16
5,1:6, -4, -4, 0, -12, 8, 8, 16, 2
-1,0:6, -4, -4, 0, -8, -10, 4, 10, 8
-1,0:6, -4, -4, 0, -8, -10, 4, 12, 12
-1,0:6, -4, -4, 0, -8, -10, 4, 12, 18
-1,0:6, -4, -4, 0, -8, 4, -4, 14, -12
-1,0:6, -4, -4, 0, -8, 4, -4, 14, -10
-1,0:6, -4, -4, 0, -8, 4, -4, 14, -8
0,4:6, -4, -4, 0, -8, 6, 10, 0, 10
4,4:6, -4, -4, 0, 4, -4, 2, -10, -2
4,4:6, -4, -4, 0, 4, -4, 2, -10, 4
-1,3:6, -4, -4, 0, 6, 4, -6, -12, -2
-1,3:6, -4, -4, 0, 6, 4, -6, -12, 0
-1,3:6, -4, -4, 0, 6, 4, -6, -12, 2
5,1:6, -4, -4, 0, 8, 8, 2, 16, -12
5,1:6, -4, -4, 0, 8, 8, 2, 16, -10
5,1:6, -4, -4, 0, 8, 8, 2, 16, -8
7,-3:6, -4, -4, 2, 6, 0, 14, -16, -16
7,-3:6, -4, -4, 2, 6, 0, 14, -16, -14
7,-3:6, -4, -4, 2, 6, 0, 14, -16, -12
7,-3:6, -4, -4, 2, 6, 0, 14, -12, -14
7,-3:6, -4, -4, 2, 6, 0, 14, -12, -12
15,-2:6, -4, -4, 4, -10, -6, -14, -12, -8
22,-9:6, -4, -4, 4, -4, -16, -16, -18, -20
4,10:6, -4, 6, 6, 2, 10, 6, 14, 14
2,2:6, -4, 6, 6, 8, 6, 12, 2, 6
-2,-12:6, 6, -4, -4, -8, -16, 2, -8, -4
-6,11:6, 6, -4, -4, 0, -6, -4, 6, 10
0,6:6, 6, -4, -4, 2, -12, 6, 8, 12
16,4:6, 6, -4, -4, 2, -2, -6, -4, 6
16,4:6, 6, -4, -4, 2, -2, -6, 2, 4
16,4:6, 6, -4, -4, 2, -2, -6, 4, 4
16,4:6, 6, -4, -4, 2, -2, -6, 12, 0
16,4:6, 6, -4, -4, 2, -2, -4, 6, -6
-6,10:6, 6, -4, 0, 16, -12, 14, 6, 14
-6,10:6, 6, -4, 0, 16, -12, 14, 6, 20
14,14:6, 6, -4, 0, 16, 4, -2, -10, -2
14,14:6, 6, -4, 0, 16, 4, -2, -10, 4
0,9:6, 6, -4, 2, 10, 6, 12, 6, 0
16,6:6, 6, -2, -4, -2, 10, 16, 10, 12
0,9:6, 6, -2, -4, 10, 18, -8, -8, 4
-1,3:6, 6, -2, -4, 16, 6, -8, 6, 6
-1,3:6, 6, -2, -4, 16, 6, -8, 6, 8
-1,3:6, 6, -2, -4, 16, 6, -8, 6, 10
-3,17:6, 6, -2, -4, 16, 6, -4, -6, 8
16,3:6, 6, -2, 4, 0, 16, 0, 2, -4
16,3:6, 6, -2, 4, 0, 16, 0, 2, -2
-10,30:6, 6, -2, 6, 18, 30, 32, 30, 26
-15,25:6, 6, -2, 6, 18, 34, 36, 40, 30
-15,25:6, 6, -2, 6, 18, 34, 36, 40, 34
-9,15:6, 6, -2, 6, 30, 18, 20, 26, 20
-4,6:6, 6, -2, 10, 14, 16, 4, 22, 2
-4,6:6, 6, -2, 10, 14, 16, 4, 22, 4
-4,6:6, 6, -2, 10, 14, 16, 4, 22, 6
2,-4:6, 6, -2, 10, 18, 8, -4, 10, 14
2,-4:6, 6, -2, 10, 18, 8, -4, 12, -2
2,-4:6, 6, -2, 10, 18, 8, -4, 12, 0
2,-4:6, 6, -2, 10, 18, 8, -4, 12, 2
2,-4:6, 6, -2, 10, 18, 8, 0, 8, 14
2,-4:6, 6, -2, 10, 18, 8, 0, 10, 6
2,-4:6, 6, -2, 10, 18, 8, 0, 10, 8
2,-4:6, 6, -2, 10, 18, 8, 4, 8, 10
2,-4:6, 6, -2, 10, 18, 8, 4, 8, 12
2,-4:6, 6, -2, 10, 18, 8, 4, 8, 14
2,-4:6, 6, -2, 10, 18, 8, 8, 6, 20
2,-4:6, 6, -2, 10, 18, 8, 10, 12, 4
-6,38:6, 6, -2, 12, 0, 18, 28, 6, 50
-6,38:6, 6, -2, 12, 0, 18, 28, 50, 6
-6,38:6, 6, -2, 12, 0, 18, 28, 50, 8
-6,38:6, 6, -2, 12, 0, 18, 28, 50, 10
3,11:6, 6, -2, 12, 2, 8, 16, 8, 10
10,9:6, 6, -2, 12, 2, 10, 8, 6, -6
3,11:6, 6, -2, 12, 8, 16, 8, 10, 2
12,-5:6, 6, -2, 16, 4, -6, -8, -10, -22
-1,-3:6, 6, 2, -8, -6, 10, 12, 6, 14
-1,-3:6, 6, 2, -8, -6, 10, 12, 6, 18
-1,-3:6, 6, 2, -8, -6, 10, 12, 18, 6
-3,0:6, 6, 2, -8, 2, 10, 20, 10, -2
-11,-5:6, 6, 2, -8, 10, 18, 6, 0, 28
16,12:6, 6, 2, -6, 10, 6, 12, 4, 8
16,12:6, 6, 2, -6, 10, 6, 12, 4, 12
15,-1:6, 6, 2, -6, 10, 10, -8, 6, 10
15,-1:6, 6, 2, -6, 10, 10, -8, 6, 12
15,-1:6, 6, 2, -6, 10, 10, -8, 6, 14
15,-1:6, 6, 2, -6, 10, 10, -6, 8, -6
15,-1:6, 6, 2, -6, 10, 10, -6, 8, -4
15,-1:6, 6, 2, -6, 10, 10, -2, 8, -6
15,-1:6, 6, 2, -6, 10, 10, -2, 8, -4
15,-1:6, 6, 2, -6, 10, 10, -2, 8, -2
16,12:6, 6, 2, -6, 10, 12, 6, 12, 4
14,6:6, 6, 2, -4, 0, 4, -2, 4, 8
14,6:6, 6, 2, -4, 0, 4, -2, 4, 12
14,6:6, 6, 2, -4, 0, 4, -2, 12, 4
14,6:6, 6, 2, -4, 0, 4, 4, 8, -2
4,4:6, 6, 2, -4, 2, 10, -2, 8, 16
4,4:6, 6, 2, -4, 2, 10, -2, 8, 18
4,4:6, 6, 2, -4, 2, 10, -2, 16, 8
4,4:6, 6, 2, -4, 2, 10, -2, 16, 12
4,4:6, 6, 2, -4, 2, 10, 16, 12, -2
10,16:6, 6, 2, -2, 18, 18, -4, 8, 10
10,4:6, 6, 2, 0, -4, -12, -14, 8, 8
10,4:6, 6, 2, 0, -4, -12, -14, 8, 12
26,21:6, 6, 2, 2, -8, -4, -2, 4, 8
26,21:6, 6, 2, 2, -8, -4, -2, 4, 10
26,21:6, 6, 2, 2, -8, -4, -2, 4, 12
12,1:6, 6, 2, 10, 6, -4, -4, -6, -16
1,7:6, 6, 2, 10, 6, -4, 14, 14, -8
-7,5:6, 6, 2, 10, 6, 12, 6, -2, 8
-7,5:6, 6, 2, 10, 6, 12, 6, -2, 10
-7,5:6, 6, 2, 10, 6, 12, 6, -2, 12
-7,5:6, 6, 2, 10, 6, 12, 6, 0, -4
-7,5:6, 6, 2, 10, 6, 12, 6, 8, -2
-4,7:6, 6, 2, 12, 8, 10, 4, 6, 12
-4,7:6, 6, 2, 12, 8, 10, 4, 6, 22
-4,7:6, 6, 2, 12, 8, 10, 4, 12, 6
-4,7:6, 6, 2, 12, 8, 10, 10, 6, 8
-4,7:6, 6, 2, 12, 8, 10, 10, 6, 18
-4,3:6, 6, 6, -6, -10, -10, -4, 0, -6
18,9:6, 6, 6, -6, -8, -4, 6, -10, 0
14,5:6, 6, 6, -6, -4, -8, 14, 6, 28
14,5:6, 6, 6, -6, -4, -8, 14, 8, 22
14,5:6, 6, 6, -6, -4, -8, 14, 22, 6
14,5:6, 6, 6, -6, -4, -8, 14, 22, 8
14,5:6, 6, 6, -6, -4, -8, 14, 22, 10
14,5:6, 6, 6, -6, -4, -8, 14, 28, 6
17,2:6, 6, 6, -6, 2, -6, -8, -20, 0
-1,5:6, 6, 6, 4, 8, 10, 4, 28, 34
-1,5:6, 6, 6, 4, 8, 10, 4, 30, 26
-1,5:6, 6, 6, 4, 8, 10, 4, 30, 28
-2,-1:6, 6, 6, 6, 10, 14, 6, -4, -2
-2,-1:6, 6, 6, 8, 6, 14, -10, 6, 10
-2,-1:6, 6, 6, 8, 6, 14, -10, 6, 12
-2,-1:6, 6, 6, 8, 6, 14, -10, 6, 14
-9,5:6, 6, 6, 10, 12, 14, 18, -2, -4
-9,5:6, 6, 6, 10, 12, 14, 18, -2, -2
8,13:6, 6, 6, 10, 14, 2, 8, -16, -14
8,13:6, 6, 6, 10, 14, 2, 8, -16, -12
8,13:6, 6, 6, 10, 14, 2, 8, -16, -10
3,7:6, 6, 8, -4, -8, -8, -4, 10, 4
-4,2:6, 6, 8, 2, 10, 4, 18, 18, 22
8,8:6, 6, 8, 8, 2, 4, 16, -4, 14
0,0:6, 6, 8, 8, 2, 8, 8, 2, 6
-1,-5:6, 6, 8, 8, 6, -6, 4, -6, -8
4,6:6, 6, 8, 10, 12, 4, 6, 8, 12
4,6:6, 6, 8, 10, 12, 4, 6, 8, 22
4,6:6, 6, 8, 10, 12, 4, 6, 12, 8
-6,3:6, 6, 8, 10, 18, -2, 18, 16, 4
11,-5:6, 6, 14, 6, -4, 14, -2, 2, 4
11,-5:6, 6, 14, 6, -4, 14, -2, 8, 6
11,-5:6, 6, 14, 6, -4, 14, -2, 8, 8
11,-5:6, 6, 14, 6, -4, 14, -2, 8, 10
11,-5:6, 6, 14, 6, -4, 14, -2, 10, 4
11,-5:6, 6, 14, 6, -4, 14, -2, 10, 14
11,-5:6, 6, 14, 6, -4, 14, -2, 12, 12
11,-5:6, 6, 14, 6, -4, 16, 14, -2, 8
11,-5:6, 6, 14, 6, -4, 16, 14, -2, 10
1,0:6, 6, 14, 6, 6, 12, -4, 6, 16
1,0:6, 6, 14, 6, 6, 12, -4, 6, 20
1,0:6, 6, 14, 6, 6, 12, -4, 16, 6
1,0:6, 6, 14, 6, 6, 12, -4, 16, 16
1,0:6, 6, 14, 6, 6, 12, 16, 16, -4
5,2:6, 6, 14, 6, 10, 8, 6, 4, -8
-5,6:6, 6, 14, 8, 4, -6, -4, 2, -10
1,-1:6, 6, 14, 8, 14, 8, 12, -6, 8
16,8:6, 6, 16, -8, 4, -4, 2, -10, 2
16,8:6, 6, 16, -8, 4, -4, 2, -10, 4
16,9:6, 6, 16, -8, 4, 2, 0, -12, -14
