-2,3:-4, -6, -6, -4, -8, 8
-2,3:-4, -6, -6, -4, 8, -8
2,-13:-4, -4, 2, 12, 14, -8
-10,4:-4, 0, -12, 8, 8, -8
-10,4:-4, 0, -12, 8, 8, 0
11,1:-4, 0, 0, 8, 2, 0
-10,4:-4, 0, 8, 8, 0, -12
-10,4:-4, 0, 8, 8, 0, -10
-10,4:-4, 0, 8, 8, 0, -8
7,-19:-4, 4, -4, -26, -10, -26
6,-1:6, 6, 2, 4, -4, 8
6,-1:6, 6, 2, 4, -4, 12
6,-1:6, 6, 2, 4, 8, -4
-4,7:6, 6, 8, 6, 10, 14
12,2:-4, -12, -8, -14, -14, -20, 0
12,2:-4, -12, -8, -14, -14, 0, -20
5,12:-4, -12, 4, 4, 6, -8, 10
-4,19:-4, -6, -14, 2, 8, -2, 26
-4,19:-4, -6, -14, 2, 8, 26, -2
7,-8:-4, -6, -14, 6, -4, -6, 10
7,-8:-4, -6, -14, 6, -4, 10, -6
-2,-1:-4, -6, -14, 6, 6, 12, 16
-2,-1:-4, -6, -14, 6, 6, 12, 20
11,0:-4, -6, -8, -2, -10, -20, -8
11,0:-4, -6, -8, -2, -10, -8, -20
-2,-1:-4, -6, 6, 6, 12, 16, -14
-2,-1:-4, -6, 6, 6, 12, 16, -4
14,-1:-4, -4, -8, -12, -12, -6, 6
14,-1:-4, -4, -8, -12, -12, -4, 6
14,-1:-4, -4, -8, -12, -12, -4, 8
14,-1:-4, -4, -8, -12, -12, -4, 10
14,-1:-4, -4, -8, -12, -12, 6, -4
14,-1:-4, -4, -8, -12, -12, 6, -2
14,-1:-4, -4, -8, -12, -6, 6, -12
2,13:-4, -4, 8, 6, 10, 2, 14
2,13:-4, -4, 8, 6, 10, 14, 2
22,-16:-4, 0, -12, 0, -6, -18, -14
-9,7:-4, 0, -12, 8, 8, -8, 14
-10,4:-4, 0, -12, 8, 8, -6, -16
-10,4:-4, 0, -12, 8, 8, -6, -12
-10,4:-4, 0, -12, 8, 8, -4, -8
-10,4:-4, 0, -12, 8, 8, -4, -4
-10,4:-4, 0, -12, 8, 8, 2, -8
-10,4:-4, 0, -12, 8, 8, 2, -2
-10,4:-4, 0, -12, 8, 8, 2, 2
-9,7:-4, 0, -12, 8, 8, 14, -8
-9,7:-4, 0, -12, 8, 8, 14, 0
3,12:-4, 0, -8, -10, 8, 2, 12
12,4:-4, 0, 0, 8, 2, -10, 0
12,4:-4, 0, 0, 8, 2, 0, -10
-10,4:-4, 0, 8, 8, -4, 2, -2
-9,7:-4, 0, 8, 8, 0, 14, -12
-9,7:-4, 0, 8, 8, 0, 14, -10
-9,7:-4, 0, 8, 8, 0, 14, -8
-1,3:-4, 2, 6, -8, 10, 0, 10
-1,3:-4, 2, 6, -8, 10, 0, 12
-1,3:-4, 2, 6, -8, 10, 10, 0
-1,3:-4, 2, 6, -8, 10, 10, 2
12,-5:-4, 2, 6, 0, -4, -10, 4
12,-5:-4, 2, 6, 0, -4, -10, 6
12,-5:-4, 2, 6, 0, -4, -10, 8
12,-5:-4, 2, 6, 0, -4, 4, -10
6,3:-4, 4, -10, 0, -6, -12, 0
6,3:-4, 4, -10, 0, -6, 0, -12
6,3:-4, 4, -10, 0, -6, 0, -10
11,3:-4, 4, -10, 6, 0, 14, 8
-3,-4:-4, 4, -8, 6, -4, -2, 2
15,-16:-4, 4, -4, -26, -20, -8, -8
15,-16:-4, 4, -4, -26, -20, -8, -6
8,-16:-4, 4, -4, -26, -10, -26, -26
7,-19:-4, 4, -4, -20, -10, -26, -18
0,-3:-4, 4, -2, -12, 6, 4, -12
-2,-1:-4, 4, 6, 6, 12, 16, -14
-2,15:6, 6, -2, 10, 0, 16, 20
-1,-6:6, 6, -2, 10, 16, 14, 4
-1,-6:6, 6, -2, 10, 16, 14, 6
-1,-6:6, 6, -2, 10, 16, 14, 8
-2,15:6, 6, -2, 10, 16, 20, 0
-9,10:6, 6, 2, -2, -4, 18, 22
6,-1:6, 6, 2, 4, -4, 6, 10
6,-1:6, 6, 2, 4, -4, 6, 12
6,-1:6, 6, 2, 4, -4, 6, 14
-4,3:6, 6, 8, 8, 0, 2, 4
0,-1:6, 6, 14, 10, 16, 16, 0
-3,4:-4, -14, -8, 20, 16, 18, 10, 22
-3,4:-4, -14, -8, 20, 16, 18, 10, 26
-3,4:-4, -14, -8, 20, 16, 18, 22, 10
-13,12:-4, -14, -8, 20, 22, 20, 24, 28
17,2:-4, -14, 14, -2, -6, -4, -12, 0
17,2:-4, -14, 14, -2, -6, -4, -12, 4
17,2:-4, -14, 14, -2, -6, -4, 0, -12
7,10:-4, -14, 14, -2, 0, -2, 2, 6
2,-2:-4, -12, -14, -4, -6, -10, -6, -14
3,-2:-4, -12, -8, -14, -20, 0, -10, -2
13,5:-4, -12, -8, -14, -14, -20, -10, 0
13,5:-4, -12, -8, -14, -14, -20, 0, -10
13,5:-4, -12, -8, -14, -14, -10, 0, -20
12,2:-4, -12, -8, -14, -14, -2, -2, -18
-2,-7:-4, -12, -6, -16, -2, 0, -12, -2
-2,2:-4, -12, -4, -4, -10, -18, -8, -10
-1,14:-4, -12, -4, 6, -8, 16, 2, 4
-1,14:-4, -12, -4, 6, -8, 16, 2, 8
-1,14:-4, -12, -4, 6, 16, 2, -12, 0
-1,14:-4, -12, -4, 6, 16, 2, 2, -4
-1,14:-4, -12, -4, 6, 16, 2, 2, 0
-1,14:-4, -12, -4, 6, 16, 2, 4, -8
15,4:-4, -12, 0, -2, -12, -6, -8, 2
15,4:-4, -12, 0, -2, -12, -6, 2, -8
-3,6:-4, -6, -14, 2, 4, 0, 6, 12
1,6:-4, -6, -14, 2, 4, 4, 2, 4
-3,6:-4, -6, -14, 2, 4, 6, 12, 0
-3,6:-4, -6, -14, 2, 4, 6, 12, 2
-1,12:-4, -6, -14, 2, 4, 12, 16, 6
-1,6:-4, -6, -14, 2, 6, 10, 6, 10
-1,12:-4, -6, -14, 2, 12, 6, 8, 16
-4,5:-4, -6, -14, 6, -4, -16, -14, 12
-4,5:-4, -6, -14, 6, -4, -16, 12, -14
15,-7:-4, -6, -14, 6, -4, -14, -2, 10
15,-7:-4, -6, -14, 6, -4, -14, 10, -2
-4,5:-4, -6, -14, 6, -4, -14, 12, -12
-4,5:-4, -6, -14, 6, -4, -14, 12, -6
-4,5:-4, -6, -14, 6, -4, -12, 12, -18
-4,5:-4, -6, -14, 6, -4, -6, 12, -10
-4,5:-4, -6, -14, 6, -4, -6, 12, -8
7,-8:-4, -6, -14, 6, -4, -6, 12, 14
7,-8:-4, -6, -14, 6, -4, -6, 12, 16
7,-8:-4, -6, -14, 6, -4, -6, 14, 8
7,-8:-4, -6, -14, 6, -4, 6, -2, -2
7,-8:-4, -6, -14, 6, -4, 6, 0, -4
7,-8:-4, -6, -14, 6, -4, 6, 0, 6
7,-8:-4, -6, -14, 6, -4, 6, 2, 0
7,-8:-4, -6, -14, 6, -4, 6, 2, 2
7,-8:-4, -6, -14, 6, -4, 6, 2, 4
7,-8:-4, -6, -14, 6, -4, 6, 8, 6
-2,-1:-4, -6, -14, 6, 6, 12, 14, 14
-2,-1:-4, -6, -14, 6, 6, 12, 18, 10
-2,-1:-4, -6, -14, 6, 6, 12, 18, 12
-2,-1:-4, -6, -14, 6, 6, 12, 18, 14
13,-22:-4, -6, -8, -16, -22, -28, -12, -8
4,-3:-4, -6, -6, -16, 2, -8, -2, -4
5,-8:-4, -6, -6, -14, -14, 0, 2, -2
-2,-14:-4, -6, -6, -4, -4, -6, 6, -2
-2,-3:-4, -6, -6, 2, -10, -12, -20, 2
-2,-3:-4, -6, -6, 2, -10, -12, 2, -20
-4,0:-4, -6, -6, 2, 6, -4, 4, -10
2,13:-4, -6, -6, 4, -10, -4, 14, -14
13,-14:-4, -6, -6, 4, -6, -16, -18, -2
13,-14:-4, -6, -6, 4, -6, -16, -2, -18
4,-7:-4, -6, -6, 4, -6, -6, 0, 4
4,-7:-4, -6, -6, 4, -6, -6, 0, 8
4,-11:-4, -6, 0, -2, -30, -16, -16, -12
4,-11:-4, -6, 0, -2, -16, -16, -12, -30
4,-11:-4, -6, 0, -2, -16, -16, -12, -22
24,-7:-4, -6, 0, -2, -14, -32, -32, -28
-6,15:-4, -6, 6, 0, -8, -16, 8, 24
-6,15:-4, -6, 6, 0, -8, -16, 24, 8
0,-3:-4, -6, 6, 0, -8, -4, 10, -8
0,-3:-4, -6, 6, 0, -8, -4, 10, -4
7,12:-4, -4, -14, 2, 8, 12, 2, -4
2,13:-4, -4, -14, 8, 6, 10, 14, -4
2,13:-4, -4, -14, 8, 6, 10, 14, 0
4,17:-4, -4, -14, 10, 12, -10, -6, -4
4,17:-4, -4, -14, 10, 12, -10, -6, 0
12,6:-4, -4, -8, -18, -20, -10, -4, -2
12,6:-4, -4, -8, -18, -10, -4, -2, -20
14,-1:-4, -4, -8, -12, -12, -6, 0, 10
14,-1:-4, -4, -8, -12, -12, -6, 2, 4
14,-1:-4, -4, -8, -12, -12, -6, 8, -4
14,-1:-4, -4, -8, -12, -12, -6, 8, -2
14,-1:-4, -4, -8, -12, -12, -4, 14, 8
14,-1:-4, -4, -8, -12, -12, -4, 14, 10
14,-1:-4, -4, -8, -12, -12, -4, 14, 12
14,-1:-4, -4, -8, -12, -12, 0, 6, -4
14,-1:-4, -4, -8, -12, -12, 0, 8, -4
14,-1:-4, -4, -8, -12, -12, 0, 8, -2
14,-1:-4, -4, -8, -12, -10, 0, -12, 6
13,14:-4, -4, -8, -12, 0, -16, 4, 10
13,14:-4, -4, -8, -12, 0, -16, 8, 4
6,13:-4, -4, -8, -10, -20, -6, 14, 10
17,-5:-4, -4, -8, -10, -20, 2, -10, -2
17,-5:-4, -4, -8, -10, -20, 2, -10, 0
17,-5:-4, -4, -8, -10, -20, 2, -10, 2
17,-5:-4, -4, -8, -10, 2, -10, -2, -10
2,2:-4, -4, -8, 8, 6, 0, -20, -10
2,2:-4, -4, -8, 8, 6, 0, -20, -8
2,2:-4, -4, -8, 8, 6, 0, -20, -6
5,15:-4, -4, -6, -16, -8, -6, -6, -10
5,15:-4, -4, -6, -16, -8, -6, -6, -8
19,-12:-4, -4, -6, -2, -8, -28, -18, -12
19,-12:-4, -4, -6, -2, -8, -28, -10, -8
19,-12:-4, -4, -6, -2, -8, -28, -10, -6
19,-12:-4, -4, -6, -2, -8, -28, -6, -12
19,-12:-4, -4, -6, -2, -8, -28, -6, -10
19,-12:-4, -4, -6, -2, -8, -28, -2, -10
19,-12:-4, -4, -6, -2, -8, -28, -2, -6
19,-12:-4, -4, -6, -2, -8, -28, -2, 0
19,-12:-4, -4, -6, -2, -8, -28, 0, -10
19,-12:-4, -4, -6, -2, -8, -28, 0, 0
19,-12:-4, -4, -6, -2, -8, -18, -12, -28
19,-12:-4, -4, -6, 2, -8, -28, -20, 6
19,-12:-4, -4, -6, 2, -8, -28, 6, -20
19,-12:-4, -4, -6, 2, -8, -28, 6, -16
5,14:-4, -4, -4, 10, -2, 2, -4, 2
11,2:-4, -4, -2, 10, 8, 0, -6, 2
11,2:-4, -4, -2, 10, 8, 0, -6, 4
11,2:-4, -4, -2, 10, 8, 0, -6, 6
11,2:-4, -4, -2, 10, 8, 0, 2, -6
7,12:-4, -4, 2, 8, 12, 2, -4, -4
7,12:-4, -4, 2, 8, 12, 2, -4, -2
2,13:-4, -4, 8, 6, 10, -4, 14, -4
2,13:-4, -4, 8, 6, 10, -4, 14, -2
2,13:-4, -4, 8, 6, 10, 0, 14, -14
2,13:-4, -4, 8, 6, 10, 0, 14, -4
19,8:-4, -4, 8, 10, 0, -4, -12, -8
-2,7:-4, 0, -12, -12, -4, 6, 8, 12
3,6:-4, 0, -12, -12, 0, 6, 10, 0
-2,7:-4, 0, -12, -12, 6, 8, 12, -4
-2,7:-4, 0, -12, -12, 6, 8, 12, -2
2,1:-4, 0, -12, -10, -4, 6, 2, 2
3,6:-4, 0, -12, -10, 0, 6, 10, 0
1,-4:-4, 0, -12, -10, 0, 10, 12, -2
0,11:-4, 0, -12, -10, 8, 10, -12, -8
14,-1:-4, 0, -12, -6, -6, -14, -12, -6
2,1:-4, 0, -12, -4, 6, 2, 2, -10
-2,7:-4, 0, -12, -4, 6, 8, 12, -12
-2,7:-4, 0, -12, -4, 6, 8, 12, -4
-7,6:-4, 0, -12, -4, 8, -4, 10, 16
-7,6:-4, 0, -12, -4, 8, -4, 16, 10
-7,6:-4, 0, -12, -4, 8, -4, 16, 12
11,-2:-4, 0, -12, -4, 10, 10, -8, -10
23,-13:-4, 0, -12, 0, -6, -18, -14, -38
-2,7:-4, 0, -12, 0, 6, 8, 12, -12
3,6:-4, 0, -12, 0, 6, 10, 0, -10
3,6:-4, 0, -12, 0, 6, 10, 0, -6
10,4:-4, 0, -12, 0, 8, 12, -14, -10
0,15:-4, 0, -12, 0, 10, -2, 14, 18
0,15:-4, 0, -12, 0, 10, 14, 18, -2
0,15:-4, 0, -12, 0, 10, 14, 18, 8
-2,7:-4, 0, -12, 6, 4, 8, 12, -10
-2,7:-4, 0, -12, 6, 4, 8, 12, -6
-8,10:-4, 0, -12, 8, 8, -8, 14, 16
-10,4:-4, 0, -12, 8, 8, -6, -14, -10
-10,4:-4, 0, -12, 8, 8, -6, -14, -8
-10,4:-4, 0, -12, 8, 8, -6, -14, -6
-9,7:-4, 0, -12, 8, 8, -6, 14, -16
-9,7:-4, 0, -12, 8, 8, -6, 14, -12
-10,4:-4, 0, -12, 8, 8, -4, -6, -2
-10,4:-4, 0, -12, 8, 8, -4, -6, 0
-10,4:-4, 0, -12, 8, 8, -4, -6, 2
-10,4:-4, 0, -12, 8, 8, -4, -2, -2
-9,7:-4, 0, -12, 8, 8, -4, 14, -8
-9,7:-4, 0, -12, 8, 8, -4, 14, -4
-10,4:-4, 0, -12, 8, 8, 2, 0, -2
-10,4:-4, 0, -12, 8, 8, 2, 0, 0
-9,7:-4, 0, -12, 8, 8, 2, 14, -8
-9,7:-4, 0, -12, 8, 8, 2, 14, -2
-9,7:-4, 0, -12, 8, 8, 2, 14, 2
-8,10:-4, 0, -12, 8, 8, 14, 16, -8
-8,10:-4, 0, -12, 8, 8, 14, 16, 0
0,11:-4, 0, -12, 8, 10, -12, -8, -10
0,11:-4, 0, -12, 8, 10, -12, -8, -6
3,-2:-4, 0, -12, 10, 6, -16, -2, -26
5,2:-4, 0, -8, -10, -4, -2, 10, 4
6,3:-4, 0, -8, -10, -4, 10, 0, 4
2,7:-4, 0, -8, -10, 0, 14, 4, 8
-2,7:-4, 0, -8, -10, 6, 8, 12, -8
-2,7:-4, 0, -8, -10, 6, 8, 12, 2
6,3:-4, 0, -8, -4, -10, -16, -8, -8
-2,7:-4, 0, -8, -4, -2, 8, 12, -12
6,3:-4, 0, -8, -4, 10, 0, 4, -10
24,-14:-4, 0, -8, -4, 10, 2, -8, -22
24,-14:-4, 0, -8, -4, 10, 2, -8, -12
-2,5:-4, 0, -8, -2, -8, -10, 4, 10
-2,5:-4, 0, -8, -2, -8, -10, 10, 4
-2,5:-4, 0, -8, -2, -8, 4, 10, -10
13,-2:-4, 0, -8, -2, -4, 4, -6, 10
7,7:-4, 0, -8, 8, 6, -8, -8, -6
14,4:-4, 0, -4, -6, -6, 10, -2, 20
14,4:-4, 0, -4, -6, -6, 10, 20, -2
3,3:-4, 0, -4, 8, 0, -4, 0, 0
-2,-1:-4, 0, -2, 4, 2, -4, -10, 4
-2,-1:-4, 0, -2, 4, 2, -4, 4, -10
-2,-1:-4, 0, -2, 4, 2, -4, 4, -6
13,7:-4, 0, 0, 8, 2, -10, 0, -8
0,15:-4, 0, 0, 10, -2, 14, 18, -12
0,15:-4, 0, 0, 10, -2, 14, 18, -10
0,15:-4, 0, 0, 10, -2, 14, 18, -8
13,20:-4, 0, 2, -6, -14, -10, 6, 10
2,14:-4, 0, 4, -4, 4, -2, -4, -6
4,-6:-4, 0, 4, 4, 6, 10, 8, 10
-2,7:-4, 0, 6, -6, -18, 8, 12, -4
-2,7:-4, 0, 6, -6, -4, 8, 12, -18
11,8:-4, 0, 6, 2, 8, 0, -12, 10
11,8:-4, 0, 6, 2, 8, 0, -12, 12
11,8:-4, 0, 6, 2, 8, 0, 10, -12
14,3:-4, 0, 6, 4, 8, -4, 6, -6
9,8:-4, 0, 6, 10, 6, 4, 10, 2
14,1:-4, 0, 8, -6, 12, 12, 12, 16
-10,4:-4, 0, 8, 8, -4, -2, -8, -12
-10,4:-4, 0, 8, 8, -4, -2, -8, -10
-10,4:-4, 0, 8, 8, -4, -2, 6, 8
-10,4:-4, 0, 8, 8, -4, -2, 6, 10
-10,4:-4, 0, 8, 8, -4, -2, 6, 12
-10,4:-4, 0, 8, 8, -4, 2, -4, 0
-10,4:-4, 0, 8, 8, -4, 2, 0, -4
-9,7:-4, 0, 8, 8, -4, 2, 14, -2
-8,10:-4, 0, 8, 8, 0, 14, 16, -12
-8,10:-4, 0, 8, 8, 0, 14, 16, -10
-8,10:-4, 0, 8, 8, 0, 14, 16, -8
9,-24:-4, 2, 0, -8, 4, -28, -26, -20
13,19:-4, 2, 2, -14, -10, 4, -2, -2
13,19:-4, 2, 2, -14, -10, 4, -2, 0
9,-1:-4, 2, 2, -14, 6, -12, -18, -18
9,-1:-4, 2, 2, -14, 6, -12, -18, -16
14,-5:-4, 2, 2, -8, -10, -8, -16, -4
14,-5:-4, 2, 2, -8, -10, -8, -16, 0
14,-5:-4, 2, 2, -8, -10, -8, -4, -16
4,3:-4, 2, 2, -8, -4, -6, -2, 2
-1,3:-4, 2, 6, -8, 10, -6, 10, 0
-1,3:-4, 2, 6, -8, 10, -4, 10, -6
-1,3:-4, 2, 6, -8, 10, -2, 10, -2
-1,3:-4, 2, 6, -8, 10, -2, 10, 0
-1,3:-4, 2, 6, -8, 10, -2, 10, 2
-1,3:-4, 2, 6, -8, 10, -2, 16, 8
0,6:-4, 2, 6, -8, 10, 0, 10, 4
-1,3:-4, 2, 6, -8, 10, 0, 16, 10
-1,3:-4, 2, 6, -8, 10, 0, 16, 12
-1,3:-4, 2, 6, -8, 10, 0, 16, 14
-1,3:-4, 2, 6, -8, 10, 4, 10, 0
-1,3:-4, 2, 6, -8, 10, 4, 10, 2
12,-5:-4, 2, 6, 0, -4, -14, 4, -16
12,-5:-4, 2, 6, 0, -4, -12, 4, -12
12,-5:-4, 2, 6, 0, -4, -12, 4, -6
12,-5:-4, 2, 6, 0, -4, -10, 12, 6
12,-5:-4, 2, 6, 0, -4, -10, 12, 8
12,-5:-4, 2, 6, 0, -4, -10, 12, 10
8,-13:-4, 2, 6, 0, 14, -14, -30, -18
8,-13:-4, 2, 6, 0, 14, -14, -18, -30
8,-13:-4, 2, 6, 0, 14, -14, -18, -28
8,-13:-4, 2, 6, 0, 14, -14, -18, -26
1,-4:-4, 2, 6, 2, -2, -6, -2, 10
-1,8:-4, 2, 6, 2, 0, -4, -2, 12
8,2:-4, 2, 6, 6, 12, -14, -20, 16
8,2:-4, 2, 6, 6, 12, -14, -20, 20
8,2:-4, 2, 6, 6, 12, -14, 16, -20
8,2:-4, 2, 6, 6, 12, -14, 16, -16
-5,-6:-4, 4, -10, -12, 6, 10, -10, 6
8,3:-4, 4, -10, -6, -2, 0, -6, -2
14,4:-4, 4, -10, -6, 2, 8, 4, 2
-2,17:-4, 4, -10, -6, 6, 12, 16, 22
6,3:-4, 4, -10, 0, -6, -14, 0, -10
6,3:-4, 4, -10, 0, -6, -8, 0, -12
6,3:-4, 4, -10, 0, -6, -8, 0, -10
12,6:-4, 4, -10, 6, 0, 14, -8, 8
11,3:-4, 4, -10, 6, 0, 14, 4, 10
11,3:-4, 4, -10, 6, 0, 14, 6, 2
11,3:-4, 4, -10, 6, 0, 14, 6, 4
12,6:-4, 4, -10, 6, 0, 14, 8, -8
1,-8:-4, 4, -8, -16, -10, -18, -14, -6
1,-8:-4, 4, -8, -16, -10, -14, -6, -18
1,-8:-4, 4, -8, -16, -10, -14, -6, -16
8,-3:-4, 4, -8, -16, -6, -8, 0, 2
8,-3:-4, 4, -8, -16, -6, -8, 0, 6
8,-3:-4, 4, -8, -16, -6, -8, 0, 12
8,-3:-4, 4, -8, -16, -6, -8, 6, 8
8,-3:-4, 4, -8, -16, -6, -8, 12, 0
8,-3:-4, 4, -8, -16, -6, -8, 12, 2
8,-3:-4, 4, -8, -16, -6, 0, 2, -8
-4,5:-4, 4, -8, 6, -4, -4, 12, -10
15,-16:-4, 4, -4, -26, -20, -8, 0, -2
9,-13:-4, 4, -4, -26, -10, -26, -26, -24
-2,-17:-4, 4, -4, -22, -22, -10, -20, 0
7,-19:-4, 4, -4, -20, -16, -10, -26, -14
7,-19:-4, 4, -4, -20, -16, -10, -26, -12
8,-16:-4, 4, -4, -20, -10, -26, -26, -18
7,-19:-4, 4, -4, -20, -10, -26, -14, -20
7,-19:-4, 4, -4, -18, -18, -10, -26, -24
7,-19:-4, 4, -4, -18, -18, -10, -26, -20
7,-16:-4, 4, -4, -16, -34, -20, -26, -20
5,-10:-4, 4, -4, -14, -20, -14, -26, -30
5,-10:-4, 4, -4, -14, -20, -14, -26, -28
5,-10:-4, 4, -4, -14, -20, -14, -20, -26
5,-10:-4, 4, -4, -14, -20, -14, -20, -24
5,-10:-4, 4, -4, -14, -20, -14, -20, -22
9,-2:-4, 4, -4, -12, -6, -6, -14, -20
8,-1:-4, 4, -2, -14, -4, 0, -6, 0
8,-1:-4, 4, -2, -14, -4, 0, -6, 2
8,-1:-4, 4, -2, -14, -4, 0, -2, -6
-2,1:-4, 4, -2, 2, 4, 6, -16, 6
9,5:-4, 4, -2, 2, 4, 12, -2, 10
-1,12:-4, 4, -2, 2, 12, 6, 16, -16
1,6:6, -4, -4, -6, -6, -4, -8, 8
1,6:6, -4, -4, -6, -6, -4, 8, -8
5,-10:6, -4, -4, -4, 2, 12, 14, -8
-7,7:6, -4, -4, 0, -12, 8, 8, -8
-7,7:6, -4, -4, 0, -12, 8, 8, 0
14,4:6, -4, -4, 0, 0, 8, 2, 0
-7,7:6, -4, -4, 0, 8, 8, 0, -12
-7,7:6, -4, -4, 0, 8, 8, 0, -10
-7,7:6, -4, -4, 0, 8, 8, 0, -8
10,-16:6, -4, -4, 4, -4, -26, -10, -26
9,2:6, -4, 6, 6, 2, 4, -4, 8
9,2:6, -4, 6, 6, 2, 4, -4, 12
9,2:6, -4, 6, 6, 2, 4, 8, -4
-1,10:6, -4, 6, 6, 8, 6, 10, 14
-5,-4:6, 6, -4, -4, -8, -16, 0, 4
-5,-4:6, 6, -4, -4, -8, 0, 4, -16
-5,-4:6, 6, -4, -4, -8, 0, 4, -12
-5,4:6, 6, -4, -4, -4, 10, 4, 12
-5,4:6, 6, -4, -4, -4, 10, 4, 14
-5,4:6, 6, -4, -4, -4, 10, 4, 16
4,-5:6, 6, -4, -4, 0, 4, -6, 2
4,-5:6, 6, -4, -4, 0, 4, 2, -6
15,14:6, 6, -4, -4, 10, 0, 12, -8
-16,15:6, 6, -4, 2, 10, -2, 14, 22
-16,15:6, 6, -4, 2, 10, -2, 14, 24
-5,4:6, 6, -4, 2, 10, 4, -4, 10
-5,6:6, 6, -2, -4, 0, -14, -2, 10
-5,6:6, 6, -2, -4, 0, -14, -2, 12
-5,6:6, 6, -2, -4, 0, -14, 2, 4
-5,6:6, 6, -2, -4, 0, -14, 2, 10
-5,6:6, 6, -2, -4, 0, -14, 10, -2
-5,6:6, 6, -2, -4, 0, -14, 10, 0
-5,6:6, 6, -2, -4, 0, -14, 10, 2
-5,6:6, 6, -2, -4, 0, -2, 10, -14
-5,6:6, 6, -2, -4, 0, -2, 10, -12
-5,6:6, 6, -2, -4, 0, -2, 10, -10
7,10:6, 6, -2, 6, 28, 22, 10, 26
7,10:6, 6, -2, 6, 28, 22, 10, 28
-2,15:6, 6, -2, 10, 2, 16, 20, 6
-2,15:6, 6, -2, 10, 6, 16, 20, 4
-2,15:6, 6, -2, 10, 6, 16, 20, 6
-1,-6:6, 6, -2, 10, 16, 14, 12, 6
-1,-6:6, 6, -2, 10, 16, 14, 12, 8
-1,-6:6, 6, -2, 10, 16, 14, 12, 10
8,9:6, 6, -2, 12, 2, 16, 4, 22
8,9:6, 6, -2, 12, 2, 16, 22, 4
-1,4:6, 6, 2, -4, -2, 8, 10, -4
-1,4:6, 6, 2, -4, -2, 8, 10, -2
-1,4:6, 6, 2, -4, -2, 8, 10, 0
2,21:6, 6, 2, -4, 8, -2, 6, 22
10,15:6, 6, 2, -4, 8, -2, 8, 20
10,15:6, 6, 2, -4, 8, -2, 20, 8
2,21:6, 6, 2, -4, 8, -2, 22, 6
2,21:6, 6, 2, -4, 8, 6, 22, -2
2,21:6, 6, 2, -4, 8, 6, 22, 0
7,3:6, 6, 2, -4, 8, 8, 8, 12
7,3:6, 6, 2, -4, 8, 8, 8, 14
10,15:6, 6, 2, -4, 8, 8, 20, -2
3,9:6, 6, 2, -2, 6, 0, -2, -2
3,9:6, 6, 2, -2, 6, 0, -2, 0
11,5:6, 6, 2, 2, -8, -14, -6, 10
11,5:6, 6, 2, 2, -8, -14, -6, 12
11,5:6, 6, 2, 2, -8, -14, -6, 14
11,5:6, 6, 2, 2, -8, -14, 10, -6
3,8:6, 6, 2, 2, -8, -6, 18, -4
7,16:6, 6, 2, 2, 8, -8, -2, -8
6,-1:6, 6, 2, 4, -4, 6, 6, 8
6,-1:6, 6, 2, 4, -4, 6, 6, 10
6,-1:6, 6, 2, 4, -4, 6, 6, 12
3,6:6, 6, 2, 12, 8, 14, -2, -12
1,16:6, 6, 6, -6, 0, 14, 6, 18
1,16:6, 6, 6, -6, 0, 14, 18, 6
-4,7:6, 6, 6, -4, 6, 10, 14, -8
-4,7:6, 6, 6, -4, 6, 10, 14, 2
-4,7:6, 6, 6, -2, 6, 10, 14, -4
-4,7:6, 6, 6, -2, 6, 10, 14, -2
-4,7:6, 6, 6, -2, 6, 10, 14, 0
7,2:6, 6, 6, 10, 14, 18, -2, 6
7,2:6, 6, 6, 10, 14, 18, -2, 12
7,2:6, 6, 6, 10, 14, 18, 6, -2
-13,11:6, 6, 8, -4, -4, 10, 14, 6
1,3:6, 6, 8, 8, 2, 4, 8, 8
-5,14:6, 6, 8, 8, 14, 4, -6, 22
-5,14:6, 6, 8, 8, 14, 4, 22, -6
13,-2:6, 6, 14, 6, -4, -6, 0, 10
13,-2:6, 6, 14, 6, -4, -6, 10, 0
13,-2:6, 6, 14, 6, -4, 0, 0, 2
13,-2:6, 6, 14, 6, -4, 0, 0, 6
13,-2:6, 6, 14, 6, -4, 0, 10, -6
13,-2:6, 6, 14, 6, -4, 0, 10, -2
13,-2:6, 6, 14, 6, -4, 0, 14, 2
13,-2:6, 6, 14, 6, -4, 14, 16, 2
11,-6:6, 6, 14, 8, 16, -6, -6, -6
10,1:6, 6, 14, 8, 16, -6, -6, 0
10,1:6, 6, 14, 8, 16, -6, -2, -6
-14,3:6, 6, 14, 10, -4, 2, 30, 20
-9,6:6, 6, 14, 10, 4, 16, 10, 18
-9,6:6, 6, 14, 10, 4, 16, 10, 20
4,17:6, 6, 14, 10, 4, 16, 10, 22
-11,20:-4, -14, -8, 20, 12, 24, 14, 30, 34
-10,-1:-4, -14, -8, 20, 12, 24, 30, 28, 18
-10,-1:-4, -14, -8, 20, 12, 24, 30, 28, 20
-10,-1:-4, -14, -8, 20, 12, 24, 30, 28, 22
-11,20:-4, -14, -8, 20, 12, 24, 30, 34, 14
-18,15:-4, -14, -8, 20, 16, 12, 10, 32, 36
-3,4:-4, -14, -8, 20, 16, 18, 10, 20, 24
-3,4:-4, -14, -8, 20, 16, 18, 10, 20, 26
-3,4:-4, -14, -8, 20, 16, 18, 10, 20, 28
-13,8:-4, -14, -8, 20, 22, 22, 14, 16, 18
-9,4:-4, -14, -8, 20, 28, 24, 30, 30, 14
3,0:-4, -14, 10, -2, 0, -2, -6, 10, 6
7,10:-4, -14, 10, -2, 0, -2, 2, 6, 12
7,10:-4, -14, 10, -2, 0, -2, 2, 6, 14
7,10:-4, -14, 10, -2, 0, -2, 2, 6, 16
-16,12:-4, -14, 10, 10, 14, -4, 22, 22, 6
-16,12:-4, -14, 10, 10, 14, -4, 22, 22, 14
20,8:-4, -14, 10, 10, 18, 12, 14, -4, 10
20,8:-4, -14, 10, 10, 18, 12, 14, -4, 12
20,8:-4, -14, 10, 10, 18, 12, 14, -4, 14
9,18:-4, -14, 14, -2, -10, 2, -8, 8, 12
10,-3:-4, -14, 14, -2, -10, 2, 8, 6, -4
10,-3:-4, -14, 14, -2, -10, 2, 8, 6, -2
10,-3:-4, -14, 14, -2, -10, 2, 8, 6, 0
9,18:-4, -14, 14, -2, -10, 2, 8, 12, -8
17,2:-4, -14, 14, -2, -6, -4, -12, -2, 2
17,2:-4, -14, 14, -2, -6, -4, -12, -2, 4
17,2:-4, -14, 14, -2, -6, -4, -12, -2, 6
7,6:-4, -14, 14, -2, 0, 0, -8, -6, -4
11,2:-4, -14, 14, -2, 6, 2, 8, 8, -8
2,3:-4, -12, -14, -4, -6, -18, -4, -2, -14
3,1:-4, -12, -14, -4, -6, -10, -6, -14, -4
2,-2:-4, -12, -14, -4, -6, -10, -6, -6, -4
2,-2:-4, -12, -14, -4, -6, -10, -6, -6, -2
2,-2:-4, -12, -14, -4, -6, -10, -6, -6, 0
-2,-1:-4, -12, -14, -4, 2, 6, 6, 12, -2
8,-7:-4, -12, -14, 0, -8, -2, 0, -22, -12
8,-7:-4, -12, -14, 0, -8, -2, 0, -12, -22
8,5:-4, -12, -14, 0, -8, 2, 0, 6, 10
8,5:-4, -12, -14, 0, -8, 2, 0, 6, 12
8,5:-4, -12, -14, 0, -8, 2, 0, 8, 18
8,5:-4, -12, -14, 0, -8, 2, 0, 10, 6
15,4:-4, -12, -14, 0, -2, -12, -6, -8, 0
-2,-1:-4, -12, -14, 0, 6, 6, 12, 16, 0
-2,-1:-4, -12, -14, 4, 6, 6, 12, 14, 6
-2,-1:-4, -12, -14, 4, 6, 6, 12, 16, -4
-2,-1:-4, -12, -14, 4, 6, 6, 12, 16, -2
-2,-1:-4, -12, -14, 4, 6, 6, 12, 16, 0
-1,6:-4, -12, -14, 4, 6, 12, 8, 10, 20
-1,6:-4, -12, -14, 4, 6, 12, 8, 10, 22
-1,6:-4, -12, -14, 4, 6, 12, 8, 10, 24
14,8:-4, -12, -8, -14, -14, -20, -10, 0, -8
12,2:-4, -12, -8, -14, -14, -20, -2, 0, 0
12,2:-4, -12, -8, -14, -14, -20, -2, 0, 4
12,2:-4, -12, -8, -14, -14, -20, -2, 2, 0
12,2:-4, -12, -8, -14, -14, -20, -2, 6, 2
12,2:-4, -12, -8, -14, -14, -20, -2, 6, 4
12,2:-4, -12, -8, -14, -14, -20, -2, 6, 6
14,8:-4, -12, -8, -14, -14, -10, 0, -8, -20
12,2:-4, -12, -8, -14, -14, -2, -2, -20, -16
13,5:-4, -12, -8, -14, -14, -2, -2, -10, -18
13,5:-4, -12, -8, -14, -14, -2, -2, -10, -14
-7,-6:-4, -12, -8, -14, -6, -2, -6, -8, -18
12,2:-4, -12, -8, 2, 0, -30, -18, -24, -14
9,9:-4, -12, -6, -14, -4, -6, -18, -8, -10
5,-2:-4, -12, -6, -4, -4, 8, -12, -12, 6
5,-2:-4, -12, -6, -4, -4, 8, -12, -12, 8
5,-2:-4, -12, -6, -4, -4, 8, -12, -12, 10
5,-2:-4, -12, -6, -4, -4, 8, -12, 6, -12
0,5:-4, -12, -6, -4, -4, 8, 2, 4, -4
5,0:-4, -12, -6, -2, -10, -8, 0, -6, -2
7,0:-4, -12, -6, -2, -4, -6, -8, 4, 2
7,0:-4, -12, -6, -2, -4, -6, -8, 4, 6
6,-3:-4, -12, -6, -2, 4, -10, -12, -6, 4
6,-3:-4, -12, -6, -2, 4, -10, -12, -6, 6
6,-3:-4, -12, -6, -2, 4, -10, -12, 4, -6
11,3:-4, -12, -6, -2, 4, -10, 4, 8, 4
10,-9:-4, -12, -4, -8, -6, -10, -8, -16, -4
10,-9:-4, -12, -4, -8, -6, -10, -8, -16, 0
10,-9:-4, -12, -4, -8, -6, -10, -8, -4, -16
0,-1:-4, -12, -4, -8, -6, -4, -6, -2, 2
-1,5:-4, -12, -4, -4, -10, -18, -8, -10, 4
-2,2:-4, -12, -4, -4, -10, -18, -8, -8, -12
-2,2:-4, -12, -4, -4, -10, -18, -8, -6, -12
-2,2:-4, -12, -4, -4, -10, -18, -8, -6, -10
-2,2:-4, -12, -4, -4, -10, -18, -8, -6, -8
-1,5:-4, -12, -4, -4, -10, -18, -8, 4, -10
-1,-7:-4, -12, -4, -4, -6, 6, -2, -2, 8
5,-1:-4, -12, -4, -4, 0, 0, -4, 4, 10
6,-8:-4, -12, -4, -4, 0, 6, 10, 0, -2
-2,-1:-4, -12, -4, 2, 6, 6, 12, -2, -8
-1,14:-4, -12, -4, 6, -10, 16, 2, 4, -14
-1,14:-4, -12, -4, 6, -10, 16, 2, 4, -12
-1,14:-4, -12, -4, 6, -8, 16, 2, 2, 2
-1,14:-4, -12, -4, 6, -8, 16, 2, 6, -2
-1,14:-4, -12, -4, 6, -8, 16, 2, 6, 0
-1,14:-4, -12, -4, 6, -8, 16, 2, 6, 2
0,17:-4, -12, -4, 6, 2, 0, -12, 4, -4
-6,13:-4, -12, -4, 6, 2, 6, 18, 4, 22
-1,11:-4, -12, -4, 6, 2, 16, 14, 12, 8
-1,14:-4, -12, -4, 6, 16, 2, -12, 4, -6
-1,14:-4, -12, -4, 6, 16, 2, 0, -10, -4
-1,14:-4, -12, -4, 6, 16, 2, 0, -8, -2
-1,14:-4, -12, -4, 6, 16, 2, 0, 6, -2
-1,14:-4, -12, -4, 6, 16, 2, 2, 2, -6
-1,14:-4, -12, -4, 6, 16, 2, 2, 2, -4
-1,14:-4, -12, -4, 6, 16, 2, 2, 2, -2
20,9:-4, -12, 0, -10, -4, -2, -8, -12, -8
-2,-4:-4, -12, 0, -8, -16, -18, -16, -20, -18
-2,5:-4, -12, 0, -4, -12, -18, -10, 10, -12
-2,5:-4, -12, 0, -4, -12, -18, -10, 10, -6
12,4:-4, -12, 0, -4, -12, -8, -14, -6, 2
6,21:-4, -12, 0, -4, -10, 2, -4, 14, 18
15,2:-4, -12, 0, -4, -10, 2, 6, 12, -10
6,21:-4, -12, 0, -4, -10, 2, 14, 18, -4
12,4:-4, -12, 0, -4, -2, 4, -4, 6, 2
15,4:-4, -12, 0, -2, -12, -6, -4, -8, -2
16,11:-4, -12, 0, -2, -6, -24, -6, -14, -2
16,11:-4, -12, 0, -2, -6, -24, -6, -2, -14
16,11:-4, -12, 0, -2, -6, -6, -14, -2, -24
16,11:-4, -12, 0, -2, -6, -6, -14, -2, -22
7,-2:-4, -12, 0, -2, -2, 6, 10, 2, -4
7,-2:-4, -12, 0, -2, -2, 6, 10, 2, -2
7,-2:-4, -12, 0, -2, -2, 6, 10, 2, 0
5,20:-4, -12, 0, -2, 4, 2, 8, 14, 18
10,-3:-4, -12, 4, -6, -14, 2, -8, -18, -10
-1,-4:-4, -12, 4, -6, 2, -4, -16, -6, -2
11,12:-4, -12, 4, 4, -8, -12, -12, 0, 4
6,1:-4, -12, 4, 6, 4, -2, -4, -2, 2
3,-2:-4, -6, -14, -2, 8, 4, 6, -2, 10
3,-2:-4, -6, -14, -2, 8, 4, 6, -2, 14
-3,6:-4, -6, -14, 2, 4, -2, 6, 12, 2
1,6:-4, -6, -14, 2, 4, 4, 2, -8, 6
1,6:-4, -6, -14, 2, 4, 4, 2, 6, -8
1,6:-4, -6, -14, 2, 4, 4, 2, 6, 2
-3,6:-4, -6, -14, 2, 4, 6, 4, 12, 0
-3,6:-4, -6, -14, 2, 4, 6, 4, 12, 2
5,8:-4, -6, -14, 2, 6, 8, 6, 10, 6
1,4:-4, -6, -14, 2, 6, 8, 10, 6, 6
-3,0:-4, -6, -14, 2, 6, 12, 10, 12, 6
17,-3:-4, -6, -14, 2, 6, 14, 12, 0, -12
17,-3:-4, -6, -14, 2, 6, 14, 12, 0, -10
17,-3:-4, -6, -14, 2, 6, 14, 12, 0, -8
-7,2:-4, -6, -14, 2, 12, 16, 8, 2, 12
-7,2:-4, -6, -14, 2, 12, 16, 8, 12, 2
-7,2:-4, -6, -14, 2, 12, 16, 8, 12, 4
-7,2:-4, -6, -14, 2, 12, 16, 8, 12, 6
-4,5:-4, -6, -14, 6, -4, -16, -10, 12, -18
-4,5:-4, -6, -14, 6, -4, -16, -10, 12, -14
-4,5:-4, -6, -14, 6, -4, -14, -18, 12, -6
-4,5:-4, -6, -14, 6, -4, -14, -18, 12, -2
-4,5:-4, -6, -14, 6, -4, -14, -8, 12, -16
16,-4:-4, -6, -14, 6, -4, -14, -2, -22, 10
16,-4:-4, -6, -14, 6, -4, -14, -2, 10, -22
-4,5:-4, -6, -14, 6, -4, -14, -2, 12, -20
15,-7:-4, -6, -14, 6, -4, -14, -2, 12, 14
15,-7:-4, -6, -14, 6, -4, -14, -2, 12, 16
15,-7:-4, -6, -14, 6, -4, -14, -2, 14, 8
5,-8:-4, -6, -14, 6, -4, -12, -6, -10, 10
5,-8:-4, -6, -14, 6, -4, -12, -6, 10, -10
-4,5:-4, -6, -14, 6, -4, -12, -6, 12, -12
-4,5:-4, -6, -14, 6, -4, -6, -20, 12, -20
-4,5:-4, -6, -14, 6, -4, -6, -20, 12, -18
-4,5:-4, -6, -14, 6, -4, -6, -20, 12, -16
-4,5:-4, -6, -14, 6, -4, -6, -16, 12, -14
-4,5:-4, -6, -14, 6, -4, -6, -14, 12, -18
-4,5:-4, -6, -14, 6, -4, -6, -14, 12, -14
7,-8:-4, -6, -14, 6, -4, -6, 12, 4, 4
7,-8:-4, -6, -14, 6, -4, -6, 12, 4, 6
7,-8:-4, -6, -14, 6, -4, -6, 12, 4, 8
7,-8:-4, -6, -14, 6, -4, -6, 12, 8, 10
7,-8:-4, -6, -14, 6, -4, -6, 12, 10, 6
7,-8:-4, -6, -14, 6, -4, -6, 12, 10, 10
7,-8:-4, -6, -14, 6, -4, -6, 14, 16, 18
7,-8:-4, -6, -14, 6, -4, -6, 14, 16, 20
7,-8:-4, -6, -14, 6, -4, -6, 14, 16, 22
7,-8:-4, -6, -14, 6, -4, 6, -4, 0, 0
7,-8:-4, -6, -14, 6, -4, 6, -4, 0, 2
7,-8:-4, -6, -14, 6, -4, 6, -4, 0, 4
7,-8:-4, -6, -14, 6, -4, 6, -2, -6, 6
7,-8:-4, -6, -14, 6, -4, 6, -2, 4, -2
7,-8:-4, -6, -14, 6, -4, 6, -2, 8, -2
7,-8:-4, -6, -14, 6, -4, 6, -2, 10, 0
7,-8:-4, -6, -14, 6, -4, 6, 2, 8, 2
7,-8:-4, -6, -14, 6, -4, 6, 2, 8, 4
7,-8:-4, -6, -14, 6, -4, 6, 2, 8, 6
-6,13:-4, -6, -14, 6, -4, 14, 18, 22, -4
-2,-1:-4, -6, -14, 6, 6, 12, 10, 10, 18
-2,-1:-4, -6, -14, 6, 6, 12, 10, 12, 10
-2,-1:-4, -6, -14, 6, 6, 12, 10, 12, 12
-2,-1:-4, -6, -14, 6, 6, 12, 10, 12, 14
-2,-1:-4, -6, -14, 6, 6, 12, 10, 16, 4
-2,-1:-4, -6, -14, 6, 6, 12, 10, 16, 14
-2,-1:-4, -6, -14, 6, 6, 12, 14, 6, 0
-2,-1:-4, -6, -14, 6, 6, 12, 14, 6, 2
-2,-1:-4, -6, -14, 6, 6, 12, 14, 6, 4
-2,-1:-4, -6, -14, 6, 6, 12, 18, 18, 12
-2,-1:-4, -6, -14, 6, 6, 12, 18, 18, 14
-2,-1:-4, -6, -14, 6, 6, 12, 18, 18, 16
6,-13:-4, -6, -8, -18, -2, -12, -18, -16, -4
6,-13:-4, -6, -8, -18, -2, -12, -18, -16, -2
6,-13:-4, -6, -8, -18, -2, -12, -18, -16, 0
6,-13:-4, -6, -8, -18, -2, -12, -18, -4, -16
0,-3:-4, -6, -8, -16, -26, -14, -24, 6, 0
0,-3:-4, -6, -8, -16, -26, -14, 6, 0, -24
-1,-2:-4, -6, -8, -16, -22, -30, -8, -8, 2
-1,-2:-4, -6, -8, -16, -22, -30, -8, 2, -8
11,-20:-4, -6, -8, -16, -22, -20, -28, -16, -6
11,-20:-4, -6, -8, -16, -22, -20, -28, -16, 4
11,-20:-4, -6, -8, -16, -22, -20, -28, -6, -16
11,-20:-4, -6, -8, -16, -22, -20, -28, -6, -12
11,-20:-4, -6, -8, -16, -22, -20, -16, -6, -28
4,4:-4, -6, -8, -16, -16, -22, -20, -10, -10
1,-12:-4, -6, -8, -16, -16, -18, -14, -10, -6
1,-12:-4, -6, -8, -16, -16, -18, -14, -10, 4
1,-12:-4, -6, -8, -16, -16, -18, -14, -6, -10
12,-1:-4, -6, -8, -10, -20, -10, -14, -10, -2
12,-1:-4, -6, -8, -10, -20, -10, -14, -10, 0
12,-1:-4, -6, -8, -10, -20, -10, -14, -10, 2
12,-1:-4, -6, -8, -10, -20, -10, -14, -2, -10
12,-1:-4, -6, -8, -10, -12, -30, -10, -10, -28
12,-1:-4, -6, -8, -10, -12, -30, -10, -10, -26
12,-1:-4, -6, -8, -10, -12, -30, -10, -10, -24
8,5:-4, -6, -8, -10, -12, -24, -28, -4, 0
6,3:-4, -6, -8, -10, -12, -24, -18, -32, -24
6,3:-4, -6, -8, -10, -12, -24, -18, -32, -14
6,3:-4, -6, -8, -10, -12, -24, -18, -24, -32
6,3:-4, -6, -8, -10, -12, -24, -18, -24, -30
12,-1:-4, -6, -8, -10, -12, -20, -10, -10, -30
12,-1:-4, -6, -8, -10, -12, -20, -10, -10, -28
12,-1:-4, -6, -8, -10, -12, -20, -10, -10, -26
12,-1:-4, -6, -8, -10, -10, -14, -10, -2, -20
7,8:-4, -6, -8, -6, -16, -28, -4, -16, -8
19,6:-4, -6, -8, -6, -10, 4, -2, 0, -10
11,-28:-4, -6, -8, -4, -14, -2, -34, -32, -26
16,-16:-4, -6, -8, -2, -12, -16, -18, -34, -28
18,-3:-4, -6, -8, -2, -12, -16, -18, -32, -18
3,4:-4, -6, -6, -16, 0, -6, 0, 4, 4
-5,0:-4, -6, -6, -16, 0, -6, 2, -2, 8
-3,2:-4, -6, -6, -16, 0, 2, -2, 4, 8
1,-3:-4, -6, -6, -16, 0, 2, 8, 0, 10
-3,6:-4, -6, -6, -14, 0, -2, -6, 4, 16
8,4:-4, -6, -6, -14, 2, 4, -6, 4, -4
-7,18:-4, -6, -6, -4, -8, 10, 10, 0, 28
-7,18:-4, -6, -6, -4, -8, 10, 10, 28, 0
-2,-14:-4, -6, -6, -4, -4, -6, -6, -2, 2
-2,-14:-4, -6, -6, -4, -4, -6, -6, -2, 12
-2,-14:-4, -6, -6, -4, -4, -6, -4, 14, 0
-2,-14:-4, -6, -6, -4, -4, -6, -4, 14, 4
-1,-11:-4, -6, -6, -4, -4, -6, 6, -2, -12
-2,-14:-4, -6, -6, -4, -4, -6, 6, 0, 4
-2,-14:-4, -6, -6, -4, -4, -6, 6, 0, 14
-2,-14:-4, -6, -6, -4, -4, -6, 6, 4, 2
-2,-14:-4, -6, -6, -4, -4, -6, 6, 4, 4
0,1:-4, -6, -6, -4, -4, -6, 14, 4, 4
2,-5:-4, -6, -6, -4, 10, 2, -8, -4, 12
2,-5:-4, -6, -6, -4, 10, 2, -8, -4, 14
2,-5:-4, -6, -6, -4, 10, 2, -8, 12, -4
2,-5:-4, -6, -6, -4, 10, 2, -4, 12, -8
7,-1:-4, -6, -6, 0, -10, -6, 0, 0, 0
10,1:-4, -6, -6, 0, -10, 8, -22, 14, 6
4,-5:-4, -6, -6, 0, -8, -14, -6, -6, 2
4,-5:-4, -6, -6, 0, -8, -14, -6, -6, 6
4,-5:-4, -6, -6, 0, -8, -14, -6, 6, -6
-3,-10:-4, -6, -6, 0, -6, -4, -4, -2, 14
13,-14:-4, -6, -6, 0, -4, -6, -16, -18, -10
13,-14:-4, -6, -6, 0, -4, -6, -16, -18, -8
13,-14:-4, -6, -6, 0, -4, -6, -16, -18, -6
-8,-3:-4, -6, -6, 0, -2, -2, -14, -18, 8
-8,-3:-4, -6, -6, 0, -2, -2, -14, 8, -18
-8,-3:-4, -6, -6, 0, -2, -2, -14, 8, -8
-8,-3:-4, -6, -6, 0, -2, -2, -8, 8, -14
-8,-3:-4, -6, -6, 0, -2, -2, -8, 8, -12
15,1:-4, -6, -6, 0, 2, -10, 4, -8, -6
1,-3:-4, -6, -6, 0, 2, 8, 0, 10, -16
1,-3:-4, -6, -6, 0, 2, 8, 0, 10, -12
-2,-3:-4, -6, -6, 2, -10, -12, -22, 2, -22
-2,-3:-4, -6, -6, 2, -10, -12, -22, 2, -16
3,-14:-4, -6, -6, 2, -10, -10, -10, -18, -2
-3,26:-4, -6, -6, 2, -10, 4, 26, 16, 12
-3,26:-4, -6, -6, 2, -10, 4, 26, 16, 14
-2,1:-4, -6, -6, 2, -4, 8, 8, 6, -16
-2,1:-4, -6, -6, 2, -4, 8, 8, 6, -12
10,-15:-4, -6, -6, 2, 4, -4, 8, -4, 0
5,-6:-4, -6, -6, 2, 4, 8, -10, -10, -8
-3,3:-4, -6, -6, 2, 6, -4, 4, -10, 4
3,0:-4, -6, -6, 4, -10, -8, -12, -6, 0
7,0:-4, -6, -6, 4, -10, -8, -8, -10, -8
3,0:-4, -6, -6, 4, -10, -8, -6, 0, -12
3,0:-4, -6, -6, 4, -10, -8, -6, 0, -10
5,6:-4, -6, -6, 4, -10, -8, 0, 4, -6
5,6:-4, -6, -6, 4, -10, 0, -6, -4, 4
2,-1:-4, -6, -6, 4, -6, -16, -28, -26, 0
2,-1:-4, -6, -6, 4, -6, -16, -28, 0, -26
21,-13:-4, -6, -6, 4, -6, -16, -26, -14, -2
21,-13:-4, -6, -6, 4, -6, -16, -26, -2, -14
2,-1:-4, -6, -6, 4, -6, -16, -26, 0, -24
2,-1:-4, -6, -6, 4, -6, -16, -26, 0, -18
2,-1:-4, -6, -6, 4, -6, -16, -24, 0, -30
2,-1:-4, -6, -6, 4, -6, -16, -18, 0, -22
2,-1:-4, -6, -6, 4, -6, -16, -18, 0, -20
13,-14:-4, -6, -6, 4, -6, -16, -18, 0, 2
13,-14:-4, -6, -6, 4, -6, -16, -18, 0, 4
13,-14:-4, -6, -6, 4, -6, -16, -18, 2, -4
13,-14:-4, -6, -6, 4, -6, -16, -6, -14, -14
13,-14:-4, -6, -6, 4, -6, -16, -6, -12, -16
13,-14:-4, -6, -6, 4, -6, -16, -6, -12, -6
13,-14:-4, -6, -6, 4, -6, -16, -6, -10, -12
13,-14:-4, -6, -6, 4, -6, -16, -6, -10, -10
13,-14:-4, -6, -6, 4, -6, -16, -6, -10, -8
13,-14:-4, -6, -6, 4, -6, -16, -6, -4, -6
4,-7:-4, -6, -6, 4, -6, -6, 0, 2, 2
4,-7:-4, -6, -6, 4, -6, -6, 0, 6, -2
4,-7:-4, -6, -6, 4, -6, -6, 0, 6, 0
4,-7:-4, -6, -6, 4, -6, -6, 0, 6, 2
12,-7:-4, -6, -4, -8, -14, -10, -20, -14, -16
0,-1:-4, -6, 0, -8, -12, -12, -10, 2, -14
4,-17:-4, -6, 0, -8, -10, -4, 6, 8, -14
-8,0:-4, -6, 0, -8, -6, -18, 2, 2, -14
-8,0:-4, -6, 0, -8, -6, -18, 2, 2, -6
13,-3:-4, -6, 0, -8, -6, -6, 2, -4, -6
-8,0:-4, -6, 0, -8, -6, 2, 2, -6, -18
-8,0:-4, -6, 0, -8, -6, 2, 2, -6, -16
-8,0:-4, -6, 0, -8, -6, 2, 2, -6, -14
9,-23:-4, -6, 0, -8, -2, -10, -32, -16, -32
4,-11:-4, -6, 0, -2, -26, -16, -16, -12, -30
4,-11:-4, -6, 0, -2, -26, -16, -16, -12, -28
4,-11:-4, -6, 0, -2, -26, -16, -16, -12, -26
24,-7:-4, -6, 0, -2, -16, -32, -32, -28, -22
24,-7:-4, -6, 0, -2, -16, -32, -32, -28, -20
4,-11:-4, -6, 0, -2, -16, -32, -16, -12, -38
4,-11:-4, -6, 0, -2, -16, -32, -16, -12, -36
3,-8:-4, -6, 6, -8, -20, -10, -6, 0, -14
10,9:-4, -6, 6, -8, -18, -20, -2, -6, 10
10,9:-4, -6, 6, -8, -18, -20, -2, 10, -6
10,9:-4, -6, 6, -8, -18, -2, -6, 10, -20
10,9:-4, -6, 6, -8, -18, -2, -6, 10, -10
-2,4:-4, -6, 6, -8, -12, -12, -16, -14, -20
-2,4:-4, -6, 6, -8, -12, -12, -16, -14, -18
4,-1:-4, -6, 6, -8, -12, -8, 0, -20, -2
3,2:-4, -6, 6, -2, -4, -6, -2, 2, 14
3,2:-4, -6, 6, -2, -4, -6, -2, 2, 16
3,2:-4, -6, 6, -2, -4, -6, -2, 2, 18
3,2:-4, -6, 6, -2, -4, -6, -2, 14, 2
0,2:-4, -6, 6, 0, -8, -18, -2, -2, 4
-1,1:-4, -6, 6, 0, -8, -16, -4, 8, 22
-1,1:-4, -6, 6, 0, -8, -16, -4, 22, 8
-6,15:-4, -6, 6, 0, -8, -16, 6, 24, 4
0,-3:-4, -6, 6, 0, -8, -4, 10, -10, -10
0,-3:-4, -6, 6, 0, -8, -4, 10, -6, -14
0,-3:-4, -6, 6, 0, -8, -4, 10, -6, -12
0,-3:-4, -6, 6, 0, -8, -4, 10, -6, -10
4,-3:-4, -6, 6, 0, -8, 10, -16, -2, -2
4,-3:-4, -6, 6, 0, -8, 10, -16, 0, -4
4,-3:-4, -6, 6, 0, -8, 10, -16, 0, 6
4,-3:-4, -6, 6, 0, -8, 10, -16, 2, 0
4,-3:-4, -6, 6, 0, -8, 10, -16, 2, 2
4,-3:-4, -6, 6, 0, -8, 10, -16, 2, 4
4,-3:-4, -6, 6, 0, -8, 10, -16, 8, 6
4,-3:-4, -6, 6, 0, -8, 10, 6, -16, 4
-4,-2:-4, -6, 6, 0, -2, -30, -4, -14, 6
19,4:-4, -6, 6, 0, 14, 0, -16, -16, -12
3,-4:-4, -6, 6, 6, 2, -8, -16, 4, -4
-3,-1:-4, -6, 6, 10, -14, -4, 0, -6, 8
-3,-1:-4, -6, 6, 10, -14, -4, 0, -6, 10
-3,-1:-4, -6, 6, 10, -14, -4, 0, -6, 12
4,-3:-4, -6, 6, 10, -10, 12, -2, -4, 14
10,-1:-4, -6, 6, 10, 0, 4, 2, -20, -8
4,-2:-4, -6, 6, 10, 12, 14, 2, 2, -2
19,-3:-4, -4, -14, -4, 4, 2, 12, -22, -10
5,14:-4, -4, -14, -4, 10, -2, 2, -4, -4
5,14:-4, -4, -14, -4, 10, -2, 2, -4, 0
13,14:-4, -4, -14, -4, 12, -4, 2, 6, 2
2,9:-4, -4, -14, -4, 12, 0, -4, 10, 10
2,9:-4, -4, -14, -4, 12, 0, 10, 10, -4
2,9:-4, -4, -14, -4, 12, 0, 10, 10, 0
17,5:-4, -4, -14, -4, 12, 8, -4, 8, 4
5,16:-4, -4, -14, -2, 4, 12, 16, 18, 2
10,17:-4, -4, -14, 8, 6, 8, -4, -4, 2
10,17:-4, -4, -14, 8, 6, 8, -4, 2, -4
10,17:-4, -4, -14, 8, 6, 8, -4, 2, 0
2,13:-4, -4, -14, 8, 6, 10, -2, 14, 2
2,13:-4, -4, -14, 8, 6, 10, -2, 14, 4
2,13:-4, -4, -14, 8, 6, 10, 2, 14, 2
4,9:-4, -4, -14, 8, 10, 0, 6, -4, 8
4,9:-4, -4, -14, 8, 10, 0, 6, 8, -4
4,17:-4, -4, -14, 10, 12, -10, -6, -2, 2
4,17:-4, -4, -14, 10, 12, -10, -6, -2, 4
4,17:-4, -4, -14, 10, 12, -10, -6, -2, 6
4,17:-4, -4, -14, 10, 12, -10, -6, 2, 2
6,7:-4, -4, -8, -20, -16, -2, 8, 4, 4
7,12:-4, -4, -8, -20, -16, 2, 8, 12, 2
5,2:-4, -4, -8, -20, -16, 2, 12, 14, 0
4,17:-4, -4, -8, -20, -16, 10, 12, -10, -6
6,7:-4, -4, -8, -20, -2, 8, 4, 4, -16
6,7:-4, -4, -8, -20, -2, 8, 4, 4, -14
7,12:-4, -4, -8, -20, 2, 8, 12, 2, -16
7,12:-4, -4, -8, -20, 2, 8, 12, 2, -14
5,2:-4, -4, -8, -20, 2, 12, 14, 0, -16
5,2:-4, -4, -8, -20, 2, 12, 14, 0, -14
2,13:-4, -4, -8, -20, 8, 6, 10, 14, -16
2,13:-4, -4, -8, -20, 8, 6, 10, 14, -14
13,9:-4, -4, -8, -18, -20, -10, -4, -2, -6
4,15:-4, -4, -8, -18, -20, -10, 2, 2, -4
4,15:-4, -4, -8, -18, -20, -10, 2, 2, -2
4,15:-4, -4, -8, -18, -20, -10, 2, 2, 0
12,7:-4, -4, -8, -18, -20, -4, 10, 14, 2
13,9:-4, -4, -8, -18, -10, -4, -2, -6, -20
13,9:-4, -4, -8, -18, -10, -4, -2, -6, -10
11,10:-4, -4, -8, -12, -14, 0, 6, -2, 2
14,-1:-4, -4, -8, -12, -12, -6, 0, 2, 4
14,-1:-4, -4, -8, -12, -12, -6, 0, 2, 14
14,-1:-4, -4, -8, -12, -12, -6, 0, 4, 6
14,-1:-4, -4, -8, -12, -12, -6, 0, 4, 8
14,-1:-4, -4, -8, -12, -12, -6, 0, 4, 10
14,-1:-4, -4, -8, -12, -12, -6, 0, 8, 10
14,-1:-4, -4, -8, -12, -12, -6, 0, 8, 14
14,-1:-4, -4, -8, -12, -12, -6, 0, 12, -6
14,-1:-4, -4, -8, -12, -12, -6, 0, 12, -4
14,-1:-4, -4, -8, -12, -12, -6, 0, 12, -2
14,-1:-4, -4, -8, -12, -12, -6, 2, 6, -2
14,-1:-4, -4, -8, -12, -12, -6, 2, 8, -4
14,-1:-4, -4, -8, -12, -12, -6, 2, 8, -2
14,-1:-4, -4, -8, -12, -12, -6, 2, 8, 0
14,-1:-4, -4, -8, -12, -12, -6, 2, 14, 0
14,-1:-4, -4, -8, -12, -12, -6, 4, -4, 2
14,-1:-4, -4, -8, -12, -12, -6, 4, -4, 12
14,-1:-4, -4, -8, -12, -12, -6, 4, 2, -4
14,-1:-4, -4, -8, -12, -12, -6, 4, 2, -2
14,-1:-4, -4, -8, -12, -12, -6, 14, 4, 0
14,-1:-4, -4, -8, -12, -12, -4, 4, 2, 10
14,-1:-4, -4, -8, -12, -12, -4, 14, 4, 6
14,-1:-4, -4, -8, -12, -12, -4, 14, 4, 8
14,-1:-4, -4, -8, -12, -12, -4, 14, 4, 10
14,-1:-4, -4, -8, -12, -12, 0, 0, 14, 6
14,-1:-4, -4, -8, -12, -12, 0, 6, -6, 0
14,-1:-4, -4, -8, -12, -12, 0, 6, -6, 2
14,-1:-4, -4, -8, -12, -12, 0, 6, -6, 4
14,-1:-4, -4, -8, -12, -12, 0, 6, -2, 0
14,-1:-4, -4, -8, -12, -12, 0, 6, 0, -6
14,-1:-4, -4, -8, -12, -12, 0, 6, 0, -4
14,-1:-4, -4, -8, -12, -12, 0, 6, 0, -2
14,-1:-4, -4, -8, -12, -10, 0, -12, 8, -2
14,-1:-4, -4, -8, -12, -10, 0, -12, 8, 6
14,-1:-4, -4, -8, -12, -8, -6, -12, 6, 6
14,-1:-4, -4, -8, -12, -8, -6, -12, 6, 8
14,-1:-4, -4, -8, -12, -8, -6, -12, 6, 10
11,16:-4, -4, -8, -12, -4, 4, 12, 6, 8
13,14:-4, -4, -8, -12, 0, -16, 4, 14, 10
13,14:-4, -4, -8, -12, 0, -16, 4, 14, 12
14,-1:-4, -4, -8, -12, 0, 6, -10, -12, 4
11,10:-4, -4, -8, -12, 0, 6, -2, 2, -14
13,-6:-4, -4, -8, -10, -20, -16, -20, -16, -10
13,-6:-4, -4, -8, -10, -20, -16, -20, -16, 0
13,-6:-4, -4, -8, -10, -20, -16, -20, -10, -16
16,3:-4, -4, -8, -10, -20, -2, 8, -8, -10
18,-2:-4, -4, -8, -10, -20, 2, -10, -22, -2
18,-2:-4, -4, -8, -10, -20, 2, -10, -22, 0
18,-2:-4, -4, -8, -10, -20, 2, -10, -22, 2
17,-5:-4, -4, -8, -10, -20, 2, -10, -6, -4
17,-5:-4, -4, -8, -10, -20, 2, -10, -6, -2
17,-5:-4, -4, -8, -10, -20, 2, -10, -6, 0
18,-2:-4, -4, -8, -10, -20, 2, -10, -2, -22
2,8:-4, -4, -8, -10, -20, 2, 10, 12, -8
14,11:-4, -4, -8, -10, -16, 8, 4, 0, 8
14,11:-4, -4, -8, -10, -16, 8, 4, 8, 0
11,-9:-4, -4, -8, -10, -2, -4, -16, -14, 12
11,-9:-4, -4, -8, -10, -2, -4, -16, 12, -14
11,-9:-4, -4, -8, -10, -2, -4, -16, 12, -12
11,-9:-4, -4, -8, -10, -2, -4, -16, 12, -10
11,-9:-4, -4, -8, -10, -2, -4, -12, 12, -16
11,-9:-4, -4, -8, -10, -2, -4, 8, -6, 4
11,-9:-4, -4, -8, -10, -2, -4, 8, -6, 6
11,-9:-4, -4, -8, -10, -2, -4, 8, -6, 8
16,3:-4, -4, -8, -10, -2, 8, -8, -10, -20
18,-2:-4, -4, -8, -10, 2, -10, -22, -2, -10
2,11:-4, -4, -8, -2, 8, -4, -10, -12, 2
2,11:-4, -4, -8, -2, 8, -4, -10, 2, -12
2,11:-4, -4, -8, -2, 8, -4, -10, 2, -8
2,11:-4, -4, -8, -2, 8, -4, 0, -4, -12
8,1:-4, -4, -8, 2, -12, -16, -16, -16, -6
6,13:-4, -4, -8, 2, -12, 0, 0, 10, -12
7,12:-4, -4, -8, 2, 8, -16, -12, 12, 2
3,3:-4, -4, -8, 6, -6, -4, -4, -4, -16
3,3:-4, -4, -8, 6, -6, -4, -4, -4, -14
3,3:-4, -4, -8, 6, -6, -4, -4, -4, -12
11,0:-4, -4, -8, 6, -2, -10, -20, -8, 0
11,0:-4, -4, -8, 6, -2, -10, -20, -8, 10
9,4:-4, -4, -8, 8, -6, -10, -2, -2, -2
-1,5:-4, -4, -8, 8, -6, -6, 2, 8, 12
-1,5:-4, -4, -8, 8, -6, -6, 2, 10, 12
12,9:-4, -4, -8, 8, -6, -2, -14, -6, 2
13,-4:-4, -4, -8, 8, 6, -6, -14, -2, 12
13,-4:-4, -4, -8, 8, 6, -6, -14, -2, 16
13,-4:-4, -4, -8, 8, 6, -6, -14, 12, -2
13,-4:-4, -4, -8, 8, 6, -6, -14, 12, 0
13,-4:-4, -4, -8, 8, 6, -6, -2, 12, -14
2,2:-4, -4, -8, 8, 6, 0, -20, -14, -12
2,2:-4, -4, -8, 8, 6, 0, -20, -14, -10
2,2:-4, -4, -8, 8, 6, 0, -20, -14, -8
3,5:-4, -4, -8, 8, 6, 0, -20, -10, 0
3,5:-4, -4, -8, 8, 6, 0, -20, 0, -10
3,5:-4, -4, -8, 8, 6, 0, -20, 0, -8
3,5:-4, -4, -8, 8, 6, 0, -20, 0, -6
14,-1:-4, -4, -8, 8, 10, 12, -12, -12, 6
14,-1:-4, -4, -8, 8, 10, 12, -12, -12, 10
14,-1:-4, -4, -8, 8, 12, -12, -12, -6, 6
14,-1:-4, -4, -8, 8, 12, -12, -12, -2, -6
14,-1:-4, -4, -8, 8, 12, -12, -12, 6, -6
5,15:-4, -4, -6, -16, -8, -6, -6, -16, -10
5,15:-4, -4, -6, -16, -8, -6, -6, -14, -16
5,15:-4, -4, -6, -16, -8, -6, -6, -12, -12
5,15:-4, -4, -6, -16, -8, -6, -6, -12, -10
5,15:-4, -4, -6, -16, -8, -6, -6, -12, -8
6,18:-4, -4, -6, -16, -8, -6, -6, -10, 10
5,15:-4, -4, -6, -16, -8, -6, -6, -6, -16
5,15:-4, -4, -6, -16, -8, -6, -6, -6, -10
5,15:-4, -4, -6, -16, -8, -6, -6, -6, -8
2,13:-4, -4, -6, -16, 8, 6, 10, 14, 4
4,17:-4, -4, -6, -16, 10, 12, -10, -6, 4
7,12:-4, -4, -6, -14, 2, 8, 12, 2, -4
2,13:-4, -4, -6, -14, 8, 6, 10, 14, -4
19,-12:-4, -4, -6, -2, -8, -28, -18, -18, -4
19,-12:-4, -4, -6, -2, -8, -28, -18, -6, -12
19,-12:-4, -4, -6, -2, -8, -28, -16, -14, -12
19,-12:-4, -4, -6, -2, -8, -28, -16, -8, -18
19,-12:-4, -4, -6, -2, -8, -28, -16, 0, -18
19,-12:-4, -4, -6, -2, -8, -28, -16, 0, -8
19,-12:-4, -4, -6, -2, -8, -28, -14, -8, -14
19,-12:-4, -4, -6, -2, -8, -28, -14, -8, -10
19,-12:-4, -4, -6, -2, -8, -28, -14, -6, -8
19,-12:-4, -4, -6, -2, -8, -28, -14, -6, -6
19,-12:-4, -4, -6, -2, -8, -28, -14, -6, -4
19,-12:-4, -4, -6, -2, -8, -28, -8, -18, -10
19,-12:-4, -4, -6, -2, -8, -28, -8, -18, -2
19,-12:-4, -4, -6, -2, -8, -28, -8, -14, -18
19,-12:-4, -4, -6, -2, -8, -28, -8, -14, -8
19,-12:-4, -4, -6, -2, -8, -28, -8, -6, -10
19,-12:-4, -4, -6, -2, -8, -28, -8, -6, -8
19,-12:-4, -4, -6, -2, -8, -28, -6, -14, -14
19,-12:-4, -4, -6, -2, -8, -28, -6, -14, -12
19,-12:-4, -4, -6, -2, -8, -28, -6, -14, -10
19,-12:-4, -4, -6, -2, -8, -28, -6, -8, -18
19,-12:-4, -4, -6, -2, -8, -28, -6, -8, -12
19,-12:-4, -4, -6, -2, -8, -28, -6, -8, -10
19,-12:-4, -4, -6, -2, -8, -28, -2, -8, -8
19,-12:-4, -4, -6, -2, -8, -28, -2, -8, -6
4,6:-4, -4, -6, -2, -8, -8, -2, -36, -6
4,6:-4, -4, -6, -2, -8, -8, -2, -6, -36
4,6:-4, -4, -6, -2, -8, -8, -2, -6, -30
19,-12:-4, -4, -6, 2, -8, -28, 6, -18, -14
19,-12:-4, -4, -6, 2, -8, -28, 6, -18, -12
19,-12:-4, -4, -6, 2, -8, -28, 6, -18, -10
19,-12:-4, -4, -6, 2, -8, -28, 6, -14, -14
2,13:-4, -4, -6, 8, 6, 10, 4, 14, -16
2,13:-4, -4, -6, 8, 6, 10, 4, 14, -12
3,10:-4, -4, -4, 4, -6, 10, 12, -4, 14
3,10:-4, -4, -4, 4, -6, 10, 12, -4, 16
3,10:-4, -4, -4, 4, -6, 10, 12, 14, -4
13,2:-4, -4, -4, 4, -2, -4, -4, 12, 10
19,-3:-4, -4, -4, 4, 2, 12, -22, -10, -14
19,-3:-4, -4, -4, 4, 2, 12, -22, -10, -4
2,13:-4, -4, -4, 8, 10, -2, 2, 14, -4
2,13:-4, -4, -4, 8, 10, -2, 2, 14, 0
5,14:-4, -4, -4, 10, -2, 2, -4, -4, -4
5,14:-4, -4, -4, 10, -2, 2, -4, -4, -2
5,14:-4, -4, -4, 10, -2, 2, -4, 0, -14
5,14:-4, -4, -4, 10, -2, 2, -4, 0, -4
5,14:-4, -4, -4, 10, -2, 2, 2, 2, -10
5,14:-4, -4, -4, 10, -2, 2, 2, 2, 0
13,14:-4, -4, -4, 12, -4, 2, 6, 2, -14
4,21:-4, -4, -4, 12, -2, -12, 2, 16, 20
20,9:-4, -4, -4, 12, 0, -4, 0, 14, 2
2,9:-4, -4, -4, 12, 0, -4, 10, 10, -4
2,9:-4, -4, -4, 12, 0, -4, 10, 10, -2
2,9:-4, -4, -4, 12, 0, 0, 10, 10, -14
2,9:-4, -4, -4, 12, 0, 0, 10, 10, -4
13,1:-4, -4, -4, 12, 0, 14, 2, 2, 6
13,1:-4, -4, -4, 12, 0, 14, 2, 2, 8
13,1:-4, -4, -4, 12, 0, 14, 2, 2, 10
13,1:-4, -4, -4, 12, 0, 14, 2, 10, 2
13,1:-4, -4, -4, 12, 0, 14, 2, 10, 4
13,1:-4, -4, -4, 12, 0, 14, 2, 10, 6
-2,11:-4, -4, -4, 12, 10, 12, 0, 2, 16
-2,11:-4, -4, -4, 12, 10, 12, 0, 16, 2
13,7:-4, -4, -4, 12, 10, 12, 8, 2, 14
13,7:-4, -4, -4, 12, 10, 12, 8, 14, 2
-1,10:-4, -4, -2, 4, -10, -12, 4, 4, -4
-1,10:-4, -4, -2, 4, -10, -12, 4, 4, 2
-1,7:-4, -4, -2, 4, -10, -12, 4, 6, 0
-7,10:-4, -4, -2, 4, 0, 0, 4, 2, -2
10,-2:-4, -4, -2, 8, -2, 0, 4, -4, -10
12,5:-4, -4, -2, 8, 4, -2, -8, -4, 0
12,5:-4, -4, -2, 8, 4, -2, -8, -4, 10
12,5:-4, -4, -2, 8, 4, -2, -8, 0, -4
6,0:-4, -4, -2, 10, 2, 0, -8, -12, -12
11,2:-4, -4, -2, 10, 8, 0, -2, -6, 0
11,2:-4, -4, -2, 10, 8, 0, -2, -6, 2
11,2:-4, -4, -2, 10, 8, 0, -2, -6, 4
10,-10:-4, -4, 2, 8, -12, -16, -12, 0, 6
10,-10:-4, -4, 2, 8, -12, -16, -12, 0, 8
10,-10:-4, -4, 2, 8, -12, -16, -12, 0, 10
7,12:-4, -4, 2, 8, 12, 2, -4, -10, -4
7,12:-4, -4, 2, 8, 12, 2, -4, -8, -10
7,12:-4, -4, 2, 8, 12, 2, -4, -6, -6
7,12:-4, -4, 2, 8, 12, 2, -4, -6, -4
7,12:-4, -4, 2, 8, 12, 2, -4, -6, -2
2,3:-4, -4, 2, 10, 4, -8, -4, -8, 4
2,3:-4, -4, 2, 10, 4, -8, -4, 4, -8
2,8:-4, -4, 2, 10, 12, -8, -10, -8, -20
2,8:-4, -4, 2, 10, 12, -8, -10, -8, -10
9,-12:-4, -4, 2, 10, 12, -8, 6, -10, -6
2,-13:-4, -4, 2, 12, 14, 6, 6, -8, 0
2,-13:-4, -4, 2, 12, 14, 6, 6, -8, 6
2,-13:-4, -4, 2, 12, 14, 6, 6, -8, 8
2,-13:-4, -4, 2, 12, 14, 6, 6, 6, -8
0,11:-4, -4, 8, 0, 8, 6, 10, 2, 14
0,11:-4, -4, 8, 0, 8, 6, 10, 14, 2
13,29:-4, -4, 8, 4, 8, 6, -4, 0, 0
15,1:-4, -4, 8, 6, 10, -12, -26, -6, 10
15,1:-4, -4, 8, 6, 10, -12, -26, -6, 12
15,1:-4, -4, 8, 6, 10, -12, -26, 10, -6
15,1:-4, -4, 8, 6, 10, -12, -6, 10, -26
2,13:-4, -4, 8, 6, 10, -4, -10, 14, -4
2,13:-4, -4, 8, 6, 10, -4, -8, 14, -10
2,13:-4, -4, 8, 6, 10, -4, -6, 14, -6
2,13:-4, -4, 8, 6, 10, -4, -6, 14, -4
2,13:-4, -4, 8, 6, 10, -4, -6, 14, -2
2,13:-4, -4, 8, 6, 10, -4, 0, 14, -10
2,13:-4, -4, 8, 6, 10, -4, 0, 14, -4
2,13:-4, -4, 8, 6, 10, -4, 0, 14, -2
4,9:-4, -4, 8, 10, 0, 6, -4, 8, -4
4,9:-4, -4, 8, 10, 0, 6, -4, 8, -2
-2,5:-4, 0, -16, -6, 0, -6, -4, -10, -8
4,-4:-4, 0, -16, -6, 0, 10, 4, -12, -6
4,-4:-4, 0, -16, -6, 0, 10, 4, -12, 4
4,-4:-4, 0, -16, -6, 0, 10, 4, 4, -12
4,-4:-4, 0, -16, -6, 0, 10, 4, 4, -10
4,-4:-4, 0, -16, -6, 0, 10, 4, 4, -8
3,12:-4, 0, -16, -6, 4, 2, -12, 4, 2
6,5:-4, 0, -16, -6, 4, 6, 8, -2, 2
0,15:-4, 0, -16, 0, 10, -2, 14, 18, -14
0,15:-4, 0, -16, 0, 10, -2, 14, 18, -12
0,15:-4, 0, -16, 0, 10, -2, 14, 18, -10
0,15:-4, 0, -16, 0, 10, 14, 0, 18, 4
0,15:-4, 0, -16, 0, 10, 14, 6, 18, -10
0,15:-4, 0, -16, 0, 10, 14, 6, 18, -8
21,3:-4, 0, -16, 2, -16, 6, -20, -8, 10
21,3:-4, 0, -16, 2, -16, 6, -20, -8, 12
21,3:-4, 0, -16, 2, -16, 6, -20, -8, 14
21,3:-4, 0, -16, 2, -16, 6, -20, 10, -8
21,3:-4, 0, -16, 2, -16, 6, -20, 10, -6
-1,-4:-4, 0, -16, 4, 4, 8, -2, 0, 6
-1,-4:-4, 0, -16, 4, 4, 8, -2, 0, 16
-1,-4:-4, 0, -16, 4, 4, 8, -2, 6, 0
8,-6:-4, 0, -16, 6, 10, 4, 4, -14, 6
8,-6:-4, 0, -16, 6, 10, 4, 4, -14, 8
8,-6:-4, 0, -16, 6, 10, 4, 4, -14, 10
7,20:-4, 0, -16, 6, 10, 10, 2, 0, 0
-2,7:-4, 0, -12, -12, -6, -6, 8, 12, -8
-2,7:-4, 0, -12, -12, -6, -6, 8, 12, 2
-2,7:-4, 0, -12, -12, -6, 6, 8, 12, -4
-2,7:-4, 0, -12, -12, -6, 6, 8, 12, -2
-2,7:-4, 0, -12, -12, -6, 6, 8, 12, 4
-2,5:-4, 0, -12, -12, 0, -8, 2, 10, -2
-2,5:-4, 0, -12, -12, 0, -8, 2, 10, 0
-2,5:-4, 0, -12, -12, 0, -8, 2, 10, 2
-2,7:-4, 0, -12, -12, 0, 6, 8, 12, -4
-2,7:-4, 0, -12, -12, 0, 6, 8, 12, -2
7,3:-4, 0, -12, -12, 6, 4, 6, 0, 2
-2,7:-4, 0, -12, -12, 6, 8, 2, 12, 4
4,7:-4, 0, -12, -12, 6, 8, 10, 2, 6
-2,7:-4, 0, -12, -10, -6, 6, 8, 12, 4
1,8:-4, 0, -12, -10, -6, 8, -4, 0, -6
-3,-6:-4, 0, -12, -10, -6, 10, -6, 0, 0
-2,3:-4, 0, -12, -10, -6, 10, 8, 8, -2
2,1:-4, 0, -12, -10, -4, 6, 8, 2, 10
-2,7:-4, 0, -12, -10, -4, 6, 8, 12, 0
2,1:-4, 0, -12, -10, -4, 8, 10, 2, 6
2,1:-4, 0, -12, -10, -4, 8, 10, 2, 8
1,-4:-4, 0, -12, -10, 0, 10, -2, -2, 8
1,-4:-4, 0, -12, -10, 0, 10, -2, -2, 10
6,11:-4, 0, -12, -10, 6, 4, 6, -6, 0
6,11:-4, 0, -12, -10, 6, 4, 6, 0, -6
6,11:-4, 0, -12, -10, 6, 4, 6, 0, -4
6,11:-4, 0, -12, -10, 6, 4, 6, 0, -2
7,6:-4, 0, -12, -10, 6, 4, 10, 6, 2
0,3:-4, 0, -12, -10, 6, 8, -2, 4, 6
-2,7:-4, 0, -12, -10, 6, 8, -2, 12, -4
-2,7:-4, 0, -12, -10, 6, 8, 2, 12, -4
0,11:-4, 0, -12, -10, 8, 10, 4, -4, -4
14,-1:-4, 0, -12, -6, -6, -14, -12, -4, -4
14,-1:-4, 0, -12, -6, -6, -14, -12, -2, 0
6,6:-4, 0, -12, -6, -6, -2, -4, -14, -8
8,-13:-4, 0, -12, -6, 6, -14, -18, -8, -2
8,-13:-4, 0, -12, -6, 6, -14, -18, -8, 2
1,8:-4, 0, -12, -6, 8, -4, 0, -6, -10
1,8:-4, 0, -12, -6, 8, -4, 0, -6, -6
-2,3:-4, 0, -12, -6, 10, -2, 8, 8, -10
-2,3:-4, 0, -12, -6, 10, -2, 8, 8, -6
0,15:-4, 0, -12, -6, 10, 0, 14, 18, -12
12,-9:-4, 0, -12, -4, -14, -12, -22, -16, -18
-2,7:-4, 0, -12, -4, 6, 8, 2, 12, -6
-7,6:-4, 0, -12, -4, 8, -4, 4, 16, 10
-7,6:-4, 0, -12, -4, 8, -4, 6, 16, 4
-7,6:-4, 0, -12, -4, 8, -4, 16, 8, 8
-7,6:-4, 0, -12, -4, 8, -4, 16, 8, 10
-7,6:-4, 0, -12, -4, 8, -4, 16, 8, 12
-7,6:-4, 0, -12, -4, 8, -4, 16, 14, 4
-7,6:-4, 0, -12, -4, 8, -4, 16, 14, 10
-7,6:-4, 0, -12, -4, 8, -4, 16, 14, 12
-3,17:-4, 0, -12, -4, 10, -12, -10, 8, 10
-3,17:-4, 0, -12, -4, 10, -12, -10, 8, 12
-3,17:-4, 0, -12, -4, 10, -12, -10, 8, 14
24,7:-4, 0, -12, -4, 10, 10, 0, -8, -18
24,-10:-4, 0, -12, 0, -6, -18, -14, -38, -36
16,7:-4, 0, -12, 0, -6, -8, -28, -22, -6
16,7:-4, 0, -12, 0, -6, -8, -28, -6, -22
3,6:-4, 0, -12, 0, 6, 10, 0, -4, -12
3,6:-4, 0, -12, 0, 6, 10, 0, -4, -10
3,6:-4, 0, -12, 0, 6, 10, 0, -4, -8
15,-14:-4, 0, -12, 0, 8, 2, -12, -16, -18
15,-14:-4, 0, -12, 0, 8, 2, -12, -16, -16
11,7:-4, 0, -12, 0, 8, 12, -14, -10, -6
7,4:-4, 0, -12, 2, -4, -8, -4, 4, 0
0,-16:-4, 0, -12, 4, -12, -4, -2, -8, 0
0,-16:-4, 0, -12, 4, -12, -4, -2, -8, 2
0,-16:-4, 0, -12, 4, -12, -4, -2, 0, -8
13,-3:-4, 0, -12, 4, -4, 4, -14, -24, -22
-2,-5:-4, 0, -12, 4, 4, 0, 0, 2, 0
-1,-7:-4, 0, -12, 6, -2, 0, -14, 8, 10
-2,8:-4, 0, -12, 6, -2, 0, -4, -4, -14
-2,8:-4, 0, -12, 6, -2, 0, -4, -4, -4
-7,0:-4, 0, -12, 6, 2, 8, 14, -14, 10
6,11:-4, 0, -12, 6, 4, 6, -12, 0, -20
6,11:-4, 0, -12, 6, 4, 6, -12, 0, -16
6,11:-4, 0, -12, 6, 4, 6, -10, 0, -20
6,11:-4, 0, -12, 6, 4, 6, -8, 0, -30
6,11:-4, 0, -12, 6, 4, 6, -8, 0, -20
6,11:-4, 0, -12, 6, 4, 6, -4, 0, -10
6,11:-4, 0, -12, 6, 4, 6, -4, 0, -6
-2,7:-4, 0, -12, 6, 4, 8, -4, 12, -12
-2,7:-4, 0, -12, 6, 4, 8, -4, 12, -10
-2,7:-4, 0, -12, 6, 4, 8, -4, 12, -8
7,6:-4, 0, -12, 6, 4, 10, 6, 2, -10
-2,7:-4, 0, -12, 6, 8, -2, -4, 12, -12
-2,7:-4, 0, -12, 6, 8, 2, -8, 12, -16
-2,7:-4, 0, -12, 6, 8, 2, -8, 12, -14
-2,7:-4, 0, -12, 6, 8, 2, -8, 12, -12
4,7:-4, 0, -12, 6, 8, 10, 2, 6, -12
4,7:-4, 0, -12, 6, 10, 10, 2, 6, -14
1,10:-4, 0, -12, 8, 6, 4, 2, -14, 0
-7,13:-4, 0, -12, 8, 8, -8, 14, 16, 18
-10,4:-4, 0, -12, 8, 8, -6, -14, -14, -12
-10,4:-4, 0, -12, 8, 8, -6, -14, -14, -10
-10,4:-4, 0, -12, 8, 8, -6, -14, -14, -8
-9,7:-4, 0, -12, 8, 8, -6, -14, 14, -10
-9,7:-4, 0, -12, 8, 8, -6, -14, 14, -8
-9,7:-4, 0, -12, 8, 8, -6, -14, 14, -6
-10,4:-4, 0, -12, 8, 8, -6, -6, -12, -10
-10,4:-4, 0, -12, 8, 8, -6, -6, -12, 0
-10,4:-4, 0, -12, 8, 8, -6, -6, -8, -10
-10,4:-4, 0, -12, 8, 8, -6, -6, -8, -8
-10,4:-4, 0, -12, 8, 8, -6, -6, -8, -6
-10,4:-4, 0, -12, 8, 8, -6, -6, -6, -14
-8,10:-4, 0, -12, 8, 8, -6, 14, 16, -16
-8,10:-4, 0, -12, 8, 8, -6, 14, 16, -12
-10,4:-4, 0, -12, 8, 8, -4, -6, -6, -4
-10,4:-4, 0, -12, 8, 8, -4, -6, -6, -2
-10,4:-4, 0, -12, 8, 8, -4, -6, -6, 0
-9,7:-4, 0, -12, 8, 8, -4, -6, 14, -2
-9,7:-4, 0, -12, 8, 8, -4, -6, 14, 0
-9,7:-4, 0, -12, 8, 8, -4, -6, 14, 2
-9,7:-4, 0, -12, 8, 8, -4, -2, 14, -2
-10,4:-4, 0, -12, 8, 8, -4, 2, -4, -2
-10,4:-4, 0, -12, 8, 8, -4, 2, -4, 8
-10,4:-4, 0, -12, 8, 8, -4, 2, 0, -2
-10,4:-4, 0, -12, 8, 8, -4, 2, 0, 0
-10,4:-4, 0, -12, 8, 8, -4, 2, 0, 2
-10,4:-4, 0, -12, 8, 8, -4, 2, 2, -6
-8,10:-4, 0, -12, 8, 8, -4, 14, 16, -8
-8,10:-4, 0, -12, 8, 8, -4, 14, 16, -4
-10,4:-4, 0, -12, 8, 8, 2, -6, -10, -2
-10,4:-4, 0, -12, 8, 8, 2, 0, -4, -2
-10,4:-4, 0, -12, 8, 8, 2, 0, -4, 0
-10,4:-4, 0, -12, 8, 8, 2, 0, -4, 6
-10,4:-4, 0, -12, 8, 8, 2, 0, 4, 6
-10,4:-4, 0, -12, 8, 8, 2, 0, 6, 0
-9,7:-4, 0, -12, 8, 8, 2, 0, 14, -2
-9,7:-4, 0, -12, 8, 8, 2, 0, 14, 0
-8,10:-4, 0, -12, 8, 8, 2, 14, 16, -8
-8,10:-4, 0, -12, 8, 8, 2, 14, 16, -2
-8,10:-4, 0, -12, 8, 8, 2, 14, 16, 2
-7,13:-4, 0, -12, 8, 8, 14, 16, 18, -8
-7,13:-4, 0, -12, 8, 8, 14, 16, 18, 0
0,11:-4, 0, -12, 8, 10, -12, -16, -8, -12
0,11:-4, 0, -12, 8, 10, -12, -16, -8, -10
0,11:-4, 0, -12, 8, 10, -12, -16, -8, -8
0,11:-4, 0, -12, 8, 10, -12, -12, -8, -8
0,11:-4, 0, -12, 8, 10, -12, -10, -14, -2
0,11:-4, 0, -12, 8, 10, -12, -10, -14, 0
0,11:-4, 0, -12, 8, 10, -12, -10, -2, -12
0,11:-4, 0, -12, 8, 10, -12, -2, -10, -14
0,11:-4, 0, -12, 8, 10, -10, 2, -18, -12
0,11:-4, 0, -12, 8, 10, -4, -6, -10, -8
0,11:-4, 0, -12, 8, 10, -2, -2, -8, -6
0,11:-4, 0, -12, 8, 10, -2, -2, 0, -6
0,11:-4, 0, -12, 8, 10, -2, -2, 0, -2
-11,26:-4, 0, -12, 8, 12, 16, 22, 12, 40
-11,26:-4, 0, -12, 8, 12, 16, 22, 40, 12
0,-1:-4, 0, -12, 8, 12, 20, 10, 8, 24
0,-1:-4, 0, -12, 8, 12, 20, 10, 24, 8
-9,6:-4, 0, -12, 8, 12, 20, 20, 26, 30
-9,6:-4, 0, -12, 8, 12, 20, 20, 26, 34
-2,-9:-4, 0, -12, 10, -22, 0, -12, -8, -4
-5,3:-4, 0, -12, 10, -20, -8, -12, -4, -2
-3,-10:-4, 0, -12, 10, -20, -8, -2, -2, -4
1,2:-4, 0, -12, 10, -20, -6, 2, -8, 4
1,2:-4, 0, -12, 10, -20, -6, 2, 4, -8
-4,-7:-4, 0, -12, 10, -16, -26, -8, 0, 6
-4,-7:-4, 0, -12, 10, -16, -26, -8, 4, 0
9,-14:-4, 0, -12, 10, -16, -20, -10, -4, 0
8,-17:-4, 0, -12, 10, -16, -14, -22, -16, 0
8,-17:-4, 0, -12, 10, -16, -14, -22, 0, -12
8,-17:-4, 0, -12, 10, -16, -14, -16, 0, -22
-5,-12:-4, 0, -12, 10, -4, -8, -24, -18, -4
-5,-12:-4, 0, -12, 10, -4, -8, -24, -4, -18
-5,-12:-4, 0, -12, 10, -4, -8, -24, -4, -16
-5,-12:-4, 0, -12, 10, -4, -8, -16, -4, -24
-5,-12:-4, 0, -12, 10, -4, -8, -16, -4, -22
-5,-12:-4, 0, -12, 10, -4, -8, -16, -4, -20
9,-7:-4, 0, -12, 10, -2, -14, -20, 2, 14
9,-7:-4, 0, -12, 10, -2, -14, -20, 2, 16
9,-7:-4, 0, -12, 10, -2, -14, -20, 2, 18
9,-7:-4, 0, -12, 10, -2, -14, -20, 14, 2
2,-17:-4, 0, -12, 10, 0, -8, -2, -2, -18
8,-17:-4, 0, -12, 10, 6, -16, -14, -22, -2
8,-17:-4, 0, -12, 10, 6, -16, -14, -22, 2
0,5:-4, 0, -8, -10, -4, -2, 2, 4, 8
-2,7:-4, 0, -8, -10, -4, -2, 8, 12, -10
-2,7:-4, 0, -8, -10, -4, -2, 8, 12, -8
-2,7:-4, 0, -8, -10, -4, 2, 8, 12, -4
-2,7:-4, 0, -8, -10, -4, 2, 8, 12, 2
5,-6:-4, 0, -8, -10, -4, 10, -4, -6, -2
5,-6:-4, 0, -8, -10, -4, 10, -4, -4, 2
5,-6:-4, 0, -8, -10, -4, 10, -4, -4, 4
5,-6:-4, 0, -8, -10, -4, 10, -4, -4, 6
5,-6:-4, 0, -8, -10, -4, 10, -4, 0, -10
5,-6:-4, 0, -8, -10, -4, 10, -4, 4, -4
1,12:-4, 0, -8, -10, -4, 10, -2, 10, 14
6,3:-4, 0, -8, -10, -4, 10, 0, 8, 4
6,3:-4, 0, -8, -10, -4, 10, 0, 8, 6
6,3:-4, 0, -8, -10, -4, 10, 0, 10, 12
6,3:-4, 0, -8, -10, -4, 10, 0, 12, 6
1,12:-4, 0, -8, -10, -4, 10, 10, 14, -2
9,10:-4, 0, -8, -10, -2, 0, 4, 0, 4
-2,7:-4, 0, -8, -10, -2, 0, 8, 12, -6
-2,7:-4, 0, -8, -10, -2, 0, 8, 12, -4
2,1:-4, 0, -8, -10, 6, -4, 2, 10, 0
-2,7:-4, 0, -8, -10, 6, -4, 8, 12, -2
-2,7:-4, 0, -8, -10, 6, -4, 8, 12, 0
-2,7:-4, 0, -8, -10, 6, 8, 0, 12, -2
-2,7:-4, 0, -8, -10, 6, 8, 0, 12, 0
-2,7:-4, 0, -8, -10, 6, 8, 0, 12, 2
2,-1:-4, 0, -8, -4, -10, -16, 2, 6, 0
2,-1:-4, 0, -8, -4, -10, 2, 6, 0, -16
3,8:-4, 0, -8, -4, -8, -14, 10, 8, 8
12,-11:-4, 0, -8, -4, -8, -12, -12, -12, -20
10,11:-4, 0, -8, -4, -8, -6, 2, 4, 8
-2,7:-4, 0, -8, -4, -8, 2, 8, 12, -14
3,8:-4, 0, -8, -4, -8, 10, 8, 8, -14
0,5:-4, 0, -8, -4, -2, 2, 4, 8, -10
0,5:-4, 0, -8, -4, -2, 2, 4, 8, -6
-2,7:-4, 0, -8, -4, -2, 8, -14, 12, -8
-2,7:-4, 0, -8, -4, -2, 8, -14, 12, 2
0,4:-4, 0, -8, -4, 2, -12, -16, -14, 0
-2,7:-4, 0, -8, -4, 2, -2, 8, 12, -14
-4,16:-4, 0, -8, -4, 8, 6, 10, 18, 14
1,12:-4, 0, -8, -4, 10, -2, 10, 14, -10
1,12:-4, 0, -8, -4, 10, -2, 10, 14, -6
25,-11:-4, 0, -8, -4, 10, 2, -8, -38, -22
25,-11:-4, 0, -8, -4, 10, 2, -8, -38, -12
25,-11:-4, 0, -8, -4, 10, 2, -8, -22, -38
-2,5:-4, 0, -8, -2, -8, -18, -4, 10, 0
-2,5:-4, 0, -8, -2, -8, -14, 4, 10, -2
-2,5:-4, 0, -8, -2, -8, -14, 4, 10, 0
-2,5:-4, 0, -8, -2, -8, -10, 10, 6, 8
6,9:-4, 0, -8, -2, -8, -10, 10, 6, 12
6,9:-4, 0, -8, -2, -8, -10, 10, 6, 14
-2,5:-4, 0, -8, -2, -8, -10, 10, 8, 2
6,9:-4, 0, -8, -2, -8, -10, 10, 12, 6
-2,5:-4, 0, -8, -2, -8, -6, 4, 10, -10
-2,5:-4, 0, -8, -2, -8, -6, 4, 10, -6
-2,5:-4, 0, -8, -2, -8, -4, 4, 10, -4
-2,5:-4, 0, -8, -2, -8, 4, 0, 10, -14
-2,5:-4, 0, -8, -2, -8, 4, 0, 10, -12
-2,5:-4, 0, -8, -2, -8, 4, 0, 10, -10
10,-1:-4, 0, -8, -2, -8, 8, 2, -10, -2
6,9:-4, 0, -8, -2, -8, 10, 6, 12, -10
-5,4:-4, 0, -8, -2, -4, 4, -6, -10, 12
-5,4:-4, 0, -8, -2, -4, 4, -6, 12, -10
-5,4:-4, 0, -8, -2, -4, 4, -6, 12, -8
13,-2:-4, 0, -8, -2, -4, 4, -6, 12, 14
13,-2:-4, 0, -8, -2, -4, 4, -6, 12, 16
13,-2:-4, 0, -8, -2, -4, 4, -6, 14, 8
5,-4:-4, 0, -8, -2, -4, 10, 2, -12, -6
9,10:-4, 0, -8, -2, 0, 4, 0, 4, -10
9,10:-4, 0, -8, -2, 0, 4, 0, 4, -6
-3,-2:-4, 0, -8, 4, 14, -14, 0, -2, 4
0,1:-4, 0, -8, 4, 14, -14, 0, 4, -14
-18,-9:-4, 0, -8, 6, -14, 0, 8, -12, 12
2,13:-4, 0, -8, 6, -8, 6, -8, 4, 2
-2,7:-4, 0, -8, 6, -2, -12, 8, 12, -6
-2,7:-4, 0, -8, 6, -2, -12, 8, 12, -2
8,10:-4, 0, -8, 8, 6, -8, -8, -6, 0
8,10:-4, 0, -8, 8, 6, -8, -8, 0, -6
-9,-2:-4, 0, -8, 8, 10, -14, 2, 4, 10
-9,-2:-4, 0, -8, 8, 10, -14, 8, 10, 2
2,7:-4, 0, -4, -6, -16, -8, 4, 2, -4
15,2:-4, 0, -4, -6, -14, -2, -2, 6, 6
15,2:-4, 0, -4, -6, -14, -2, -2, 6, 10
15,7:-4, 0, -4, -6, -6, 10, -2, -10, 20
15,7:-4, 0, -4, -6, -6, 10, -2, 20, -10
1,-11:-4, 0, -4, 6, -4, -14, -20, -6, 6
1,-11:-4, 0, -4, 6, -4, -14, -20, 6, -8
1,-11:-4, 0, -4, 6, -4, -14, -20, 6, -6
1,-11:-4, 0, -4, 6, -4, -14, -20, 6, -4
1,-11:-4, 0, -4, 6, -4, -14, -16, 10, 2
1,-11:-4, 0, -4, 6, -4, -14, -6, 6, -20
-12,5:-4, 0, -4, 6, -4, -12, 2, -4, 20
1,-11:-4, 0, -4, 6, -4, -4, -14, -16, 6
1,-11:-4, 0, -4, 6, -4, 6, -14, -20, -6
1,-11:-4, 0, -4, 6, -4, 6, -14, -16, 0
1,-11:-4, 0, -4, 6, -4, 6, -14, -16, 2
-5,12:-4, 0, -4, 6, 8, 2, 14, 2, -2
5,4:-4, 0, -4, 8, -6, -14, 10, -6, -10
1,-6:-4, 0, -4, 8, -6, -4, -2, 2, -12
1,-6:-4, 0, -4, 8, -6, -4, -2, 2, -8
3,3:-4, 0, -4, 8, 0, -4, 0, -10, -14
3,3:-4, 0, -4, 8, 0, -4, 0, -10, -12
3,3:-4, 0, -4, 8, 0, -4, 0, -10, -10
3,3:-4, 0, -4, 8, 0, -4, 0, -6, -4
3,3:-4, 0, -4, 8, 0, -4, 0, -4, -8
3,3:-4, 0, -4, 8, 0, -4, 0, -4, -6
4,6:-4, 0, -4, 8, 0, -4, 0, 0, 0
-8,1:-4, 0, -4, 8, 6, 12, 2, -2, -6
7,-1:-4, 0, -4, 10, -6, -14, 6, -10, 0
3,-6:-4, 0, -2, -8, -14, -24, -16, -10, 8
3,-6:-4, 0, -2, -8, -14, -24, -16, 8, -10
3,-6:-4, 0, -2, -8, -14, -24, -16, 8, -8
3,-6:-4, 0, -2, -8, -14, -24, -10, 8, -16
3,-6:-4, 0, -2, -8, -14, -22, -10, 8, -16
13,2:-4, 0, -2, -8, -10, -10, -18, -8, 8
13,2:-4, 0, -2, -8, -10, -10, -18, 8, -8
14,11:-4, 0, -2, -8, -4, -12, -14, 0, 8
14,11:-4, 0, -2, -8, -4, -12, 0, 8, -14
-18,-2:-4, 0, -2, 4, -14, 6, 20, 6, 4
-2,0:-4, 0, -2, 4, -8, 6, -4, 0, -10
-2,0:-4, 0, -2, 4, -8, 6, -4, 0, -4
-6,17:-4, 0, -2, 4, -2, -8, 12, 22, 26
13,-2:-4, 0, -2, 4, 0, -14, -10, -16, -2
-2,-1:-4, 0, -2, 4, 2, -4, -8, 4, -4
-2,-1:-4, 0, -2, 4, 2, -4, -8, 4, -2
1,11:-4, 0, -2, 4, 6, 4, -2, 2, -12
4,3:-4, 0, -2, 4, 8, -2, 4, 2, -10
-5,9:-4, 0, -2, 6, 10, 4, 16, 12, -10
13,-5:-4, 0, 0, -6, -14, -6, -12, -20, -18
11,-3:-4, 0, 0, -6, 0, 4, -4, -2, -2
-2,7:-4, 0, 0, -6, 4, -12, 8, 12, -6
7,-9:-4, 0, 0, -6, 4, -2, 8, 4, 0
-3,4:-4, 0, 0, -6, 4, 8, -14, 10, -8
14,10:-4, 0, 0, 8, 2, -10, 0, -8, -6
22,15:-4, 0, 0, 10, 10, -26, -8, -8, -4
18,-9:-4, 0, 0, 10, 10, -18, -18, -8, -14
18,-9:-4, 0, 0, 10, 10, -18, -18, -8, -12
0,15:-4, 0, 0, 10, 14, 4, 0, 18, -2
18,9:-4, 0, 0, 10, 14, 4, 6, -6, 0
13,12:-4, 0, 2, -4, -8, -4, -2, -10, 2
13,12:-4, 0, 2, -4, -8, -4, -2, 2, -10
17,4:-4, 0, 2, -4, -4, -2, 4, -6, -10
12,1:-4, 0, 4, -6, -16, -16, -10, -10, -20
0,-1:-4, 0, 4, -6, -14, -16, -20, -2, -6
6,15:-4, 0, 4, -4, 2, -12, 4, -4, 12
6,15:-4, 0, 4, -4, 2, -12, 4, 12, -4
6,15:-4, 0, 4, -4, 2, -12, 4, 12, 2
-3,4:-4, 0, 4, -4, 4, -6, 10, -2, 2
-3,4:-4, 0, 4, -4, 4, -6, 10, -2, 4
-3,4:-4, 0, 4, -4, 4, -6, 10, -2, 6
2,14:-4, 0, 4, -4, 4, -2, -14, -4, -8
2,14:-4, 0, 4, -4, 4, -2, -14, -4, -6
2,14:-4, 0, 4, -4, 4, -2, -4, -10, -18
2,14:-4, 0, 4, -4, 4, -2, -4, -10, -16
3,17:-4, 0, 4, -4, 4, -2, -4, -6, 12
2,14:-4, 0, 4, -4, 4, -2, -4, -4, -8
3,17:-4, 0, 4, -4, 4, -2, -4, 12, -6
-2,-5:-4, 0, 4, 4, 0, 0, 2, 0, -12
-2,-5:-4, 0, 4, 4, 0, 0, 2, 0, -10
-2,-5:-4, 0, 4, 4, 0, 0, 2, 0, -8
11,8:-4, 0, 4, 4, 6, -14, -8, 0, 4
5,-3:-4, 0, 4, 4, 6, 10, 8, -10, 10
4,-6:-4, 0, 4, 4, 6, 10, 8, 2, 14
5,-3:-4, 0, 4, 4, 6, 10, 8, 10, -10
1,-5:-4, 0, 4, 4, 10, 12, 16, -16, 0
1,-5:-4, 0, 4, 4, 10, 12, 16, -16, 2
1,-5:-4, 0, 4, 4, 10, 12, 16, 0, -16
1,-5:-4, 0, 4, 4, 10, 12, 16, 0, -14
-2,7:-4, 0, 6, -6, -20, -12, 8, 12, -2
-2,7:-4, 0, 6, -6, -18, -8, 8, 12, -2
-2,7:-4, 0, 6, -6, -18, -6, 8, 12, -10
-2,7:-4, 0, 6, -6, -18, -6, 8, 12, -8
-2,7:-4, 0, 6, -6, -14, -16, 8, 12, -14
-2,7:-4, 0, 6, -6, -14, -8, 8, 12, -14
-2,7:-4, 0, 6, -6, -14, -8, 8, 12, -4
-2,7:-4, 0, 6, -6, -6, -10, 8, 12, -14
-2,7:-4, 0, 6, -6, -6, -10, 8, 12, -10
8,-7:-4, 0, 6, -6, -6, -4, 10, 2, -16
-4,5:-4, 0, 6, -2, -8, -8, -10, -8, 2
-4,5:-4, 0, 6, -2, -8, -8, -10, -2, 2
-4,5:-4, 0, 6, -2, -8, -8, -10, -2, 4
-4,5:-4, 0, 6, -2, -8, -8, -10, 2, -8
7,14:-4, 0, 6, -2, 0, 0, 6, -12, -4
7,14:-4, 0, 6, -2, 0, 0, 6, -12, 0
7,-7:-4, 0, 6, 2, -2, 6, 6, -14, 6
7,-7:-4, 0, 6, 2, -2, 6, 6, -14, 8
7,-7:-4, 0, 6, 2, -2, 6, 6, -14, 10
7,-4:-4, 0, 6, 2, -2, 8, -14, -8, 18
7,-4:-4, 0, 6, 2, -2, 8, -14, 18, -8
11,8:-4, 0, 6, 2, 8, 0, -12, 8, 10
11,8:-4, 0, 6, 2, 8, 0, -12, 8, 12
11,8:-4, 0, 6, 2, 8, 0, -12, 8, 18
11,8:-4, 0, 6, 2, 8, 0, -12, 14, 10
11,8:-4, 0, 6, 2, 8, 0, -12, 14, 12
11,8:-4, 0, 6, 2, 8, 0, -12, 14, 14
11,8:-4, 0, 6, 2, 8, 0, -12, 16, 18
11,8:-4, 0, 6, 2, 8, 0, -12, 18, 12
3,-3:-4, 0, 6, 2, 8, 6, -6, 4, 2
5,-1:-4, 0, 6, 4, -6, -10, 4, 2, 4
-2,7:-4, 0, 6, 4, -6, -10, 8, 12, -6
-1,-5:-4, 0, 6, 4, -6, -4, 2, 2, 8
-1,-5:-4, 0, 6, 4, -6, -4, 2, 2, 10
-1,-5:-4, 0, 6, 4, -6, -4, 2, 2, 12
-1,-5:-4, 0, 6, 4, -6, -4, 2, 12, 2
-1,-5:-4, 0, 6, 4, -6, -4, 2, 12, 4
11,-12:-4, 0, 6, 4, -6, 6, -14, -8, -4
11,-12:-4, 0, 6, 4, -6, 6, -14, -8, -2
11,-12:-4, 0, 6, 4, -6, 6, -14, -8, 0
-2,7:-4, 0, 6, 4, -6, 8, -8, 12, -8
-2,7:-4, 0, 6, 4, -6, 8, -8, 12, 2
13,-10:-4, 0, 6, 4, -6, 10, 6, -14, -2
-2,7:-4, 0, 6, 4, -2, -6, -2, 12, -28
-2,7:-4, 0, 6, 4, -2, -6, -2, 12, -18
3,11:-4, 0, 6, 4, -2, 6, -8, 10, 8
5,6:-4, 0, 6, 4, 0, -4, -8, -8, -12
5,6:-4, 0, 6, 4, 0, -4, -8, -8, -6
3,6:-4, 0, 6, 4, 0, -4, 2, 0, 6
12,-9:-4, 0, 6, 8, -2, -4, -16, -10, 8
-2,7:-4, 0, 6, 8, -2, -4, -12, 12, -6
2,-3:-4, 0, 6, 8, -2, 12, 8, -6, -2
-2,4:-4, 0, 6, 8, -2, 14, 8, -14, 6
-2,4:-4, 0, 6, 8, -2, 14, 8, -14, 8
-2,4:-4, 0, 6, 8, -2, 14, 8, -14, 10
-2,4:-4, 0, 6, 8, -2, 14, 8, 6, -14
-1,11:-4, 0, 8, -2, -14, -8, -2, 14, 14
14,4:-4, 0, 8, -2, -14, 18, -14, -8, -14
18,-3:-4, 0, 8, -2, -10, -8, -12, -6, 18
18,-3:-4, 0, 8, -2, -10, -8, -12, 18, -6
-10,4:-4, 0, 8, 8, -4, -2, -8, -4, -6
-10,4:-4, 0, 8, 8, -4, -2, -8, 0, -4
-10,4:-4, 0, 8, 8, -4, -2, -8, 0, -2
-10,4:-4, 0, 8, 8, -4, -2, -8, 0, 0
-9,7:-4, 0, 8, 8, -4, -2, -8, 14, -12
-9,7:-4, 0, 8, 8, -4, -2, -8, 14, -10
-10,4:-4, 0, 8, 8, -4, -2, -2, -10, -10
-10,4:-4, 0, 8, 8, -4, -2, -2, -8, -12
-10,4:-4, 0, 8, 8, -4, -2, -2, -8, -2
-10,4:-4, 0, 8, 8, -4, -2, -2, -6, -8
-10,4:-4, 0, 8, 8, -4, -2, -2, -6, -6
-10,4:-4, 0, 8, 8, -4, -2, -2, -6, -4
-10,4:-4, 0, 8, 8, -4, -2, -2, 0, -2
-10,4:-4, 0, 8, 8, -4, -2, 2, 2, -6
-10,4:-4, 0, 8, 8, -4, -2, 6, 4, 6
-10,4:-4, 0, 8, 8, -4, -2, 6, 4, 8
-10,4:-4, 0, 8, 8, -4, -2, 6, 4, 10
-10,4:-4, 0, 8, 8, -4, -2, 8, 2, -6
-10,4:-4, 0, 8, 8, -4, -2, 10, 2, -2
-10,4:-4, 0, 8, 8, -4, -2, 10, 2, 8
-10,4:-4, 0, 8, 8, -4, -2, 10, 6, -2
-9,7:-4, 0, 8, 8, -4, -2, 14, 6, 8
-9,7:-4, 0, 8, 8, -4, -2, 14, 6, 10
-10,4:-4, 0, 8, 8, -4, 2, -4, 2, -2
-10,4:-4, 0, 8, 8, -4, 2, -4, 2, 0
-10,4:-4, 0, 8, 8, -4, 2, -4, 4, -8
-10,4:-4, 0, 8, 8, -4, 2, -4, 6, -10
-10,4:-4, 0, 8, 8, -4, 2, -4, 6, -8
-9,7:-4, 0, 8, 8, -4, 2, -4, 14, 0
-10,4:-4, 0, 8, 8, -4, 2, 0, -2, -10
-10,4:-4, 0, 8, 8, -4, 2, 0, 6, -8
-9,7:-4, 0, 8, 8, -4, 2, 0, 14, -4
-8,10:-4, 0, 8, 8, -4, 2, 14, 16, -2
-8,10:-4, 0, 8, 8, 0, 14, 16, -16, -14
-8,10:-4, 0, 8, 8, 0, 14, 16, -16, -12
-8,10:-4, 0, 8, 8, 0, 14, 16, -16, -10
-7,13:-4, 0, 8, 8, 0, 14, 16, 18, -12
-7,13:-4, 0, 8, 8, 0, 14, 16, 18, -10
-7,13:-4, 0, 8, 8, 0, 14, 16, 18, -8
-10,4:-4, 0, 8, 8, 2, 0, -4, 2, -12
-10,4:-4, 0, 8, 8, 2, 0, -4, 2, -10
-10,4:-4, 0, 8, 8, 2, 0, -4, 2, -8
7,8:-4, 0, 8, 10, -12, 0, 2, 2, -16
6,-5:-4, 0, 8, 10, -12, 8, -4, 2, 0
6,-5:-4, 0, 8, 10, -12, 8, -4, 2, 10
9,8:-4, 0, 8, 10, -10, -16, -8, 2, 8
9,8:-4, 0, 8, 10, -10, -16, -8, 2, 12
9,8:-4, 0, 8, 10, -10, -16, 2, 8, -8
6,3:-4, 0, 8, 12, 20, 10, 2, -2, 24
6,3:-4, 0, 8, 12, 20, 10, 2, 24, -2
-11,12:-4, 0, 8, 12, 20, 10, 8, -4, 26
0,-1:-4, 0, 8, 12, 20, 10, 8, 24, -12
0,-1:-4, 0, 8, 12, 20, 10, 8, 24, -10
0,-1:-4, 0, 8, 12, 20, 10, 8, 24, -8
-9,6:-4, 0, 8, 12, 20, 20, 26, 30, -12
-9,6:-4, 0, 8, 12, 20, 20, 26, 30, -10
-9,6:-4, 0, 8, 12, 20, 20, 26, 30, -8
7,-14:-4, 0, 10, -22, -18, -2, -18, 8, -18
4,1:-4, 2, 0, -8, -16, -10, -2, -10, 0
15,4:-4, 2, 0, -8, -16, 4, -24, -8, 0
15,4:-4, 2, 0, -8, -16, 4, -24, -8, 2
15,4:-4, 2, 0, -8, -16, 4, -24, -8, 4
15,4:-4, 2, 0, -8, -16, 4, -8, 0, -24
15,4:-4, 2, 0, -8, -16, 4, -8, 0, -22
6,11:-4, 2, 0, -8, -14, -2, 4, -8, 8
6,11:-4, 2, 0, -8, -14, -2, 4, 8, -8
3,4:-4, 2, 0, -8, -4, -10, -4, 4, -8
3,4:-4, 2, 0, -8, -4, -10, -4, 4, -6
4,3:-4, 2, 0, -8, -4, -6, -2, 2, -14
3,-10:-4, 2, 0, -8, 4, -32, -46, -40, -36
3,-10:-4, 2, 0, -8, 4, -32, -46, -40, -30
3,-10:-4, 2, 0, -8, 4, -32, -46, -30, -40
3,-10:-4, 2, 0, -8, 4, -32, -46, -30, -38
3,-10:-4, 2, 0, -8, 4, -32, -46, -30, -36
7,-14:-4, 2, 0, -8, 4, -28, -26, -30, -16
13,19:-4, 2, 2, -14, -10, 4, -2, -6, -4
13,19:-4, 2, 2, -14, -10, 4, -2, -6, -2
13,19:-4, 2, 2, -14, -10, 4, -2, -6, 0
14,22:-4, 2, 2, -14, -10, 4, -2, -2, 6
9,-1:-4, 2, 2, -14, 6, -12, -18, -22, -20
9,-1:-4, 2, 2, -14, 6, -12, -18, -22, -18
9,-1:-4, 2, 2, -14, 6, -12, -18, -22, -16
10,2:-4, 2, 2, -14, 6, -12, -18, -18, -10
7,-10:-4, 2, 2, -8, -14, -2, 4, 2, -8
7,-10:-4, 2, 2, -8, -14, -2, 4, 2, -6
7,-10:-4, 2, 2, -8, -14, -2, 4, 2, -4
6,11:-4, 2, 2, -8, -14, -2, 4, 8, -12
14,-5:-4, 2, 2, -8, -10, -8, -16, -6, -2
14,-5:-4, 2, 2, -8, -10, -8, -16, -6, 0
14,-5:-4, 2, 2, -8, -10, -8, -16, -6, 2
4,-1:-4, 2, 2, -8, -4, -4, -12, -10, -8
8,-5:-4, 2, 2, -8, 2, -2, 4, 4, -12
-4,5:-4, 2, 6, -14, -22, -2, -8, -2, -20
-4,5:-4, 2, 6, -14, -22, -2, -8, -2, -18
-4,5:-4, 2, 6, -14, -22, -2, -8, -2, -16
8,7:-4, 2, 6, -14, -18, -4, -8, -20, -12
8,5:-4, 2, 6, -14, -18, -4, 2, 0, -18
8,5:-4, 2, 6, -14, -18, -4, 2, 0, -16
8,5:-4, 2, 6, -14, -18, -4, 2, 0, -14
6,3:-4, 2, 6, -14, -18, -4, 4, 0, -18
6,3:-4, 2, 6, -14, -18, -4, 4, 0, -16
6,3:-4, 2, 6, -14, -18, -4, 4, 0, -14
1,-2:-4, 2, 6, -8, -4, -10, -8, 10, 0
12,-7:-4, 2, 6, -8, -2, -18, -16, -18, -6
13,-5:-4, 2, 6, -8, -2, -18, -16, -8, -6
13,-5:-4, 2, 6, -8, -2, -10, -8, -6, -16
19,4:-4, 2, 6, -8, 2, -6, 10, -12, 0
19,4:-4, 2, 6, -8, 2, -6, 10, -12, 2
19,4:-4, 2, 6, -8, 2, -6, 10, 0, -12
9,12:-4, 2, 6, -8, 6, 0, -10, 10, 6
9,12:-4, 2, 6, -8, 6, 0, 10, 6, -10
-1,3:-4, 2, 6, -8, 10, -6, -6, 10, -6
-1,3:-4, 2, 6, -8, 10, -6, -6, 10, -4
-1,3:-4, 2, 6, -8, 10, -6, -6, 10, -2
-1,3:-4, 2, 6, -8, 10, -6, -2, 10, -4
-1,3:-4, 2, 6, -8, 10, -6, -2, 10, -2
-1,3:-4, 2, 6, -8, 10, -6, -2, 10, 4
-1,3:-4, 2, 6, -8, 10, -6, 4, 0, 12
-1,3:-4, 2, 6, -8, 10, -6, 4, 16, 8
-1,3:-4, 2, 6, -8, 10, -6, 10, 4, 2
-1,3:-4, 2, 6, -8, 10, -6, 10, 4, 10
-1,3:-4, 2, 6, -8, 10, -4, -10, 10, -4
-1,3:-4, 2, 6, -8, 10, -4, -8, 10, -12
-1,3:-4, 2, 6, -8, 10, -4, -8, 10, -10
5,6:-4, 2, 6, -8, 10, -4, -2, 4, -8
5,6:-4, 2, 6, -8, 10, -4, -2, 4, -6
0,6:-4, 2, 6, -8, 10, -4, 10, 4, -6
14,15:-4, 2, 6, -8, 10, -2, 4, 4, 10
14,15:-4, 2, 6, -8, 10, -2, 4, 4, 12
14,15:-4, 2, 6, -8, 10, -2, 4, 10, 4
-1,3:-4, 2, 6, -8, 10, -2, 6, 10, 0
-1,3:-4, 2, 6, -8, 10, -2, 6, 10, 2
-1,3:-4, 2, 6, -8, 10, -2, 6, 10, 4
1,9:-4, 2, 6, -8, 10, 0, 10, 4, 6
-1,3:-4, 2, 6, -8, 10, 0, 16, 6, 8
-1,3:-4, 2, 6, -8, 10, 0, 16, 6, 10
-1,3:-4, 2, 6, -8, 10, 0, 16, 6, 12
-1,3:-4, 2, 6, -8, 10, 4, 4, 10, -2
-1,3:-4, 2, 6, -8, 10, 4, 4, 10, 0
-1,3:-4, 2, 6, -8, 10, 4, 4, 10, 2
-1,3:-4, 2, 6, -8, 10, 4, 16, 8, 4
-1,3:-4, 2, 6, -8, 10, 4, 16, 8, 6
-1,3:-4, 2, 6, -8, 10, 4, 16, 8, 8
-1,3:-4, 2, 6, -8, 10, 16, 6, 4, 2
-1,3:-4, 2, 6, -8, 10, 16, 6, 6, 4
-1,3:-4, 2, 6, -8, 10, 16, 6, 8, -4
-1,3:-4, 2, 6, -8, 10, 16, 6, 8, 6
0,3:-4, 2, 6, -8, 10, 16, 16, 6, 26
11,6:-4, 2, 6, 0, -8, -2, 8, -14, -2
11,6:-4, 2, 6, 0, -8, -2, 8, -2, -14
11,6:-4, 2, 6, 0, -8, -2, 8, -2, -12
17,9:-4, 2, 6, 0, -8, -2, 10, -10, -14
16,6:-4, 2, 6, 0, -8, -2, 10, -2, -2
12,-5:-4, 2, 6, 0, -4, -18, -16, 4, -24
12,-5:-4, 2, 6, 0, -4, -14, -24, 4, -30
12,-5:-4, 2, 6, 0, -4, -14, -24, 4, -28
12,-5:-4, 2, 6, 0, -4, -14, -24, 4, -26
12,-5:-4, 2, 6, 0, -4, -12, -10, 4, -14
12,-5:-4, 2, 6, 0, -4, -12, -10, 4, -12
12,-5:-4, 2, 6, 0, -4, -12, -10, 4, -10
12,-5:-4, 2, 6, 0, -4, -8, -8, -2, 2
12,-5:-4, 2, 6, 0, -4, -8, -8, 4, -8
12,-5:-4, 2, 6, 0, -4, -8, -8, 4, -4
15,6:-4, 2, 6, 0, 4, -10, -4, -6, 10
15,6:-4, 2, 6, 0, 4, -10, -4, -6, 18
15,6:-4, 2, 6, 0, 4, -10, -4, 10, -6
8,-13:-4, 2, 6, 0, 14, -14, -34, -18, -32
8,-13:-4, 2, 6, 0, 14, -14, -34, -18, -30
8,-13:-4, 2, 6, 0, 14, -14, -34, -18, -28
17,0:-4, 2, 6, 2, -8, -4, -6, -6, -4
3,-4:-4, 2, 6, 2, -4, -10, 0, -22, -14
3,-4:-4, 2, 6, 2, -4, -10, 0, -14, -22
3,-4:-4, 2, 6, 2, -4, -10, 0, -14, -20
3,-4:-4, 2, 6, 2, -4, -10, 0, -14, -18
8,1:-4, 2, 6, 2, -4, -8, -8, -4, 4
8,1:-4, 2, 6, 2, -4, -8, -8, -4, 6
8,1:-4, 2, 6, 2, -4, -8, -8, 2, -4
1,-4:-4, 2, 6, 2, -2, -6, -2, 6, 12
1,-4:-4, 2, 6, 2, -2, -6, -2, 8, 4
1,-4:-4, 2, 6, 2, -2, -6, -2, 8, 6
0,-1:-4, 2, 6, 2, -2, -4, -2, 2, 10
1,-4:-4, 2, 6, 2, 0, 0, 0, -2, 4
1,-4:-4, 2, 6, 2, 0, 0, 0, -2, 6
1,-4:-4, 2, 6, 2, 0, 0, 0, -2, 8
1,-4:-4, 2, 6, 2, 6, -2, -4, -2, 6
1,-4:-4, 2, 6, 2, 6, 2, -4, -2, 12
1,-4:-4, 2, 6, 2, 6, 4, 12, -2, 8
1,-4:-4, 2, 6, 2, 6, 4, 12, -2, 10
1,-4:-4, 2, 6, 2, 6, 4, 12, -2, 12
2,19:-4, 2, 6, 2, 8, 10, 6, 20, 26
2,19:-4, 2, 6, 2, 8, 10, 6, 20, 28
2,19:-4, 2, 6, 2, 8, 10, 6, 26, 20
2,19:-4, 2, 6, 2, 8, 10, 20, 26, 6
2,19:-4, 2, 6, 2, 8, 10, 20, 26, 8
2,19:-4, 2, 6, 2, 8, 10, 20, 26, 10
1,-4:-4, 2, 6, 2, 12, 10, 0, -2, 8
1,-4:-4, 2, 6, 2, 12, 10, 0, -2, 10
1,-4:-4, 2, 6, 2, 12, 10, 0, -2, 12
6,-1:-4, 2, 6, 4, 10, -8, -4, 0, -14
5,-7:-4, 2, 6, 6, 2, -4, -14, -2, 2
5,-7:-4, 2, 6, 6, 2, -4, -14, -2, 12
9,5:-4, 2, 6, 6, 12, -14, -20, -6, 16
9,5:-4, 2, 6, 6, 12, -14, -20, -6, 20
8,2:-4, 2, 6, 6, 12, -14, -20, 14, 14
9,5:-4, 2, 6, 6, 12, -14, -20, 16, -6
8,2:-4, 2, 6, 6, 12, -14, -20, 18, 10
8,2:-4, 2, 6, 6, 12, -14, -20, 18, 12
8,2:-4, 2, 6, 6, 12, -14, -20, 18, 14
8,2:-4, 2, 6, 6, 12, -14, -18, 16, -14
8,2:-4, 2, 6, 6, 12, -14, -18, 16, -12
-5,-6:-4, 4, -10, -12, 6, 10, -10, 4, 4
-5,-6:-4, 4, -10, -12, 6, 10, -10, 4, 10
-5,-6:-4, 4, -10, -12, 6, 10, 4, -10, 12
-5,-6:-4, 4, -10, -12, 6, 10, 4, 8, -10
9,9:-4, 4, -10, -8, -16, -4, -12, 2, -4
17,-4:-4, 4, -10, -8, -12, -10, -18, -6, -4
17,-4:-4, 4, -10, -8, -12, -10, -18, -6, 0
17,-4:-4, 4, -10, -8, -12, -10, -6, -4, -18
9,0:-4, 4, -10, -6, -14, 0, -12, -6, 4
9,0:-4, 4, -10, -6, -14, 0, -12, 4, -6
7,-4:-4, 4, -10, -6, -12, 6, 4, 0, 0
6,3:-4, 4, -10, -6, -12, 6, 4, 0, 6
12,-6:-4, 4, -10, -6, -2, -4, 2, 2, -12
8,3:-4, 4, -10, -6, -2, -2, -6, -2, 4
8,3:-4, 4, -10, -6, -2, -2, -6, -2, 6
-2,2:-4, 4, -10, -6, -2, 6, 0, -6, 10
3,10:-4, 4, -10, -6, 0, -4, -4, 0, 10
-7,10:-4, 4, -10, -6, 2, -10, -18, 6, 20
-7,10:-4, 4, -10, -6, 2, -10, 6, 20, -18
12,1:-4, 4, -10, -6, 6, 2, -12, 2, -8
6,15:-4, 4, -10, -2, -16, -16, -16, -8, -14
17,-4:-4, 4, -10, 0, -8, -12, -10, -18, -6
17,-4:-4, 4, -10, 0, -8, -12, -10, -18, -2
8,3:-4, 4, -10, 0, -6, -14, -6, 2, -12
6,3:-4, 4, -10, 0, -6, -14, 0, -14, -12
6,3:-4, 4, -10, 0, -6, -14, 0, -14, -10
6,3:-4, 4, -10, 0, -6, -14, 0, -14, -8
6,3:-4, 4, -10, 0, -6, -8, -16, 0, -14
6,3:-4, 4, -10, 0, -6, -8, -16, 0, -12
6,3:-4, 4, -10, 0, -6, -8, -16, 0, -10
13,9:-4, 4, -10, 6, 0, 14, -8, -6, 8
12,6:-4, 4, -10, 6, 0, 14, -8, 4, 10
12,6:-4, 4, -10, 6, 0, 14, -8, 6, 2
12,6:-4, 4, -10, 6, 0, 14, -8, 6, 4
11,3:-4, 4, -10, 6, 0, 14, 4, 2, 0
11,3:-4, 4, -10, 6, 0, 14, 6, 8, 8
11,3:-4, 4, -10, 6, 0, 14, 6, 8, 12
11,3:-4, 4, -10, 6, 0, 14, 6, 10, 8
11,3:-4, 4, -10, 6, 0, 14, 6, 14, 10
11,3:-4, 4, -10, 6, 0, 14, 6, 14, 12
11,3:-4, 4, -10, 6, 0, 14, 6, 14, 14
-10,-9:-4, 4, -8, -16, -16, -4, 0, -6, -4
-10,-9:-4, 4, -8, -16, -16, -4, 0, -6, -2
-10,-9:-4, 4, -8, -16, -16, -4, 0, -6, 0
-2,-3:-4, 4, -8, -16, -16, 6, 10, -6, -14
8,-11:-4, 4, -8, -16, -10, -20, -22, -18, -28
1,-8:-4, 4, -8, -16, -10, -20, -14, -6, -16
1,-8:-4, 4, -8, -16, -10, -14, -14, -6, -18
1,-8:-4, 4, -8, -16, -10, -14, -14, -6, -16
3,-8:-4, 4, -8, -16, -10, -14, -8, -12, -8
8,-3:-4, 4, -8, -16, -6, -8, 0, 4, 4
8,-3:-4, 4, -8, -16, -6, -8, 0, 4, 6
8,-3:-4, 4, -8, -16, -6, -8, 6, 12, 0
8,-3:-4, 4, -8, -16, -6, -8, 6, 12, 2
8,-3:-4, 4, -8, -16, -6, -8, 6, 12, 4
6,1:-4, 4, -8, -16, -4, -6, -8, -12, -2
6,-9:-4, 4, -8, -16, 0, -6, 6, 6, -12
0,9:-4, 4, -8, -16, 0, -2, -22, -20, 12
0,9:-4, 4, -8, -16, 0, -2, -22, 12, -20
0,9:-4, 4, -8, -16, 0, -2, -22, 12, -10
0,9:-4, 4, -8, -16, 0, -2, -10, 12, -22
5,-5:-4, 4, -8, -16, 6, 0, -6, 14, 0
5,2:-4, 4, -8, -16, 6, 0, 14, -6, -8
6,0:-4, 4, -8, -14, -20, -4, -8, -6, -14
6,0:-4, 4, -8, -14, -20, -4, -8, -6, -12
-2,3:-4, 4, -8, -14, -6, -4, -8, 8, -16
1,5:-4, 4, -8, -14, -4, -6, -12, -18, 2
-1,2:-4, 4, -8, -14, -4, -6, -12, -18, 8
1,5:-4, 4, -8, -14, -4, -6, -12, 2, -18
1,5:-4, 4, -8, -14, -4, -6, -12, 2, -16
-1,2:-4, 4, -8, -14, -4, -6, -12, 8, -18
-1,2:-4, 4, -8, -14, -4, -6, -12, 8, -16
5,-16:-4, 4, -8, -12, -14, -22, 0, -2, -18
7,-5:-4, 4, -8, -12, -4, 6, -4, 10, 2
15,0:-4, 4, -8, -6, 6, 2, -12, 0, -4
15,0:-4, 4, -8, -6, 6, 2, 0, -4, -12
10,-3:-4, 4, -8, -6, 6, 6, 6, -2, -2
9,-18:-4, 4, -8, 0, -2, -32, -8, -16, -24
9,-18:-4, 4, -8, 0, -2, -8, -16, -24, -32
-4,5:-4, 4, -8, 6, -4, -4, -14, 12, -20
-4,5:-4, 4, -8, 6, -4, -4, -14, 12, -12
-4,5:-4, 4, -8, 6, -4, -4, -8, 12, -14
-4,5:-4, 4, -8, 6, -4, -4, -8, 12, -8
-4,5:-4, 4, -8, 6, -4, -4, -8, 12, -6
-4,5:-4, 4, -8, 6, -4, -4, -4, 12, -8
-4,5:-4, 4, -8, 6, -4, -4, -4, 12, -6
-4,5:-4, 4, -8, 6, -4, -4, -4, 12, -4
-2,-1:-4, 4, -8, 6, -4, 6, 12, 16, -10
-2,-1:-4, 4, -8, 6, -4, 6, 12, 16, -8
3,14:-4, 4, -8, 6, 4, 0, 2, 10, 14
13,-11:-4, 4, -4, -28, -12, -22, -18, -10, -18
15,-16:-4, 4, -4, -26, -20, -8, 0, 0, -6
15,-16:-4, 4, -4, -26, -20, -8, 0, 0, 0
10,2:-4, 4, -4, -26, -18, -20, -26, -6, -10
-2,-17:-4, 4, -4, -26, -16, -10, -16, 0, -22
15,-16:-4, 4, -4, -26, -14, -24, -34, -32, -28
10,-10:-4, 4, -4, -26, -10, -26, -26, -24, -22
0,-25:-4, 4, -4, -26, -10, -14, -38, -14, -22
0,-25:-4, 4, -4, -26, -10, -14, -14, -22, -38
0,-25:-4, 4, -4, -26, -10, -14, -14, -22, -36
0,-25:-4, 4, -4, -26, -10, -14, -14, -22, -34
-2,-17:-4, 4, -4, -22, -16, -10, -16, 0, -22
-2,-17:-4, 4, -4, -22, -16, -10, -16, 0, -18
5,-1:-4, 4, -4, -22, -14, -14, -8, -16, -26
5,-1:-4, 4, -4, -22, -14, -14, -8, -16, -24
5,-1:-4, 4, -4, -22, -14, -14, -8, -16, -22
4,-14:-4, 4, -4, -22, -12, -16, -16, -14, -24
7,-19:-4, 4, -4, -20, -16, -18, -10, -26, -22
7,-19:-4, 4, -4, -20, -16, -18, -10, -26, -18
16,-3:-4, 4, -4, -20, -16, -10, -26, -28, -26
8,-16:-4, 4, -4, -20, -16, -10, -26, -26, -14
8,-16:-4, 4, -4, -20, -16, -10, -26, -26, -12
7,-19:-4, 4, -4, -20, -16, -10, -26, -24, -24
7,-19:-4, 4, -4, -20, -16, -10, -26, -24, -22
7,-19:-4, 4, -4, -20, -16, -10, -26, -24, -20
7,-19:-4, 4, -4, -20, -16, -10, -26, -20, -18
16,-3:-4, 4, -4, -20, -10, -26, -28, -26, -16
8,-16:-4, 4, -4, -20, -10, -26, -26, -14, -20
7,-19:-4, 4, -4, -20, -10, -26, -14, -12, -10
7,-19:-4, 4, -4, -20, -10, -26, -14, -12, -8
7,-19:-4, 4, -4, -20, -10, -26, -14, -12, -6
9,-6:-4, 4, -4, -18, -24, -24, -18, -16, -12
15,-2:-4, 4, -4, -18, -20, -10, 0, -14, -8
15,-2:-4, 4, -4, -18, -20, -10, 0, -14, -6
15,-2:-4, 4, -4, -18, -20, -10, 0, -8, -14
8,-16:-4, 4, -4, -18, -18, -10, -26, -26, -24
8,-16:-4, 4, -4, -18, -18, -10, -26, -26, -20
7,-19:-4, 4, -4, -18, -18, -10, -26, -22, -18
7,-19:-4, 4, -4, -18, -18, -10, -26, -22, -16
7,-19:-4, 4, -4, -18, -18, -10, -26, -22, -14
7,-19:-4, 4, -4, -18, -18, -10, -26, -18, -18
6,-7:-4, 4, -4, -18, -12, -10, -24, -26, -10
6,-7:-4, 4, -4, -18, -12, -10, -24, -10, -26
6,-7:-4, 4, -4, -18, -12, -10, -24, -10, -24
6,-7:-4, 4, -4, -18, -12, -10, -24, -10, -22
11,-14:-4, 4, -4, -16, -20, -26, -36, -20, -22
20,-16:-4, 4, -4, -16, -20, -26, -24, -16, -28
22,-13:-4, 4, -4, -16, -20, -26, -14, -22, -32
5,-10:-4, 4, -4, -14, -20, -14, -28, -24, -22
5,-10:-4, 4, -4, -14, -20, -14, -28, -24, -20
5,-10:-4, 4, -4, -14, -20, -14, -26, -36, -30
5,-10:-4, 4, -4, -14, -20, -14, -26, -34, -36
5,-10:-4, 4, -4, -14, -20, -14, -26, -32, -32
5,-10:-4, 4, -4, -14, -20, -14, -26, -32, -30
5,-10:-4, 4, -4, -14, -20, -14, -26, -32, -28
5,-10:-4, 4, -4, -14, -20, -14, -26, -26, -36
5,-10:-4, 4, -4, -14, -20, -14, -26, -26, -30
5,-10:-4, 4, -4, -14, -20, -14, -26, -26, -28
5,-10:-4, 4, -4, -14, -20, -14, -24, -26, -22
5,-10:-4, 4, -4, -14, -20, -14, -24, -26, -20
5,-10:-4, 4, -4, -14, -20, -14, -24, -26, -18
5,-10:-4, 4, -4, -14, -20, -14, -20, -18, -24
5,-10:-4, 4, -4, -14, -20, -14, -20, -18, -22
5,-10:-4, 4, -4, -14, -20, -14, -20, -18, -20
5,-10:-4, 4, -4, -14, -20, -14, -14, -24, -4
10,-9:-4, 4, -4, -12, -20, -6, -28, -26, -14
10,-9:-4, 4, -4, -12, -20, -6, -28, -14, -26
8,8:-4, 4, -2, -14, -8, -10, 2, -16, -14
12,5:-4, 4, -2, -14, -4, -14, -14, -4, 2
5,1:-4, 4, -2, -14, 2, 14, 14, 6, -4
7,4:-4, 4, -2, -14, 6, 2, 2, 4, 0
-2,-1:-4, 4, -2, -14, 6, 6, 12, 16, -12
-2,-1:-4, 4, -2, -14, 6, 6, 12, 16, -6
6,2:-4, 4, -2, -12, -8, -24, 4, -18, -8
17,-4:-4, 4, -2, -12, -2, -2, -2, -8, 8
0,-3:-4, 4, -2, -12, 2, 4, 2, -2, -12
-6,8:-4, 4, -2, -12, 2, 12, 16, -16, 14
-5,6:-4, 4, -2, -12, 6, -2, -6, 4, 14
-5,6:-4, 4, -2, -12, 6, -2, -6, 14, 4
-5,6:-4, 4, -2, -12, 6, -2, 4, 14, -6
-5,6:-4, 4, -2, -12, 6, -2, 4, 14, -4
-5,6:-4, 4, -2, -12, 6, -2, 4, 14, -2
-2,-1:-4, 4, -2, -12, 6, 6, 12, 16, -14
-2,-1:-4, 4, -2, -12, 6, 6, 12, 16, -4
10,1:-4, 4, -2, -8, -12, -18, -10, -6, 0
10,11:-4, 4, -2, -8, -10, -18, 2, 0, 4
0,-3:-4, 4, -2, -8, 0, 6, 4, -12, -6
0,-3:-4, 4, -2, -8, 0, 6, 4, -12, -4
0,-3:-4, 4, -2, -8, 0, 6, 4, -12, -2
-3,6:-4, 4, -2, -8, 2, -2, 8, 12, -8
-3,6:-4, 4, -2, -8, 2, -2, 8, 12, -4
-3,6:-4, 4, -2, -8, 2, 6, 12, -2, -12
4,13:-4, 4, -2, -8, 2, 12, 16, -16, 12
4,0:-4, 4, -2, -8, 2, 14, -16, -6, 6
4,0:-4, 4, -2, -8, 2, 14, -16, 0, 4
4,0:-4, 4, -2, -8, 2, 14, -16, 0, 6
4,0:-4, 4, -2, -8, 2, 14, -16, 0, 8
4,0:-4, 4, -2, -8, 2, 14, -16, 6, 2
4,0:-4, 4, -2, -8, 2, 14, -16, 6, 4
-4,1:-4, 4, -2, 2, 4, 2, -16, 4, 8
-5,-3:-4, 4, -2, 2, 4, 6, 14, 10, -4
10,8:-4, 4, -2, 2, 4, 12, -2, 10, -4
4,12:-4, 4, -2, 2, 4, 12, 4, 10, -12
-1,12:-4, 4, -2, 2, 12, -16, -4, 16, -2
-1,12:-4, 4, -2, 2, 12, -16, 2, 16, 0
-1,12:-4, 4, -2, 2, 12, -16, 2, 16, 2
-1,12:-4, 4, -2, 2, 12, -16, 6, 16, 6
-1,12:-4, 4, -2, 2, 12, 6, 4, 16, -2
14,5:-4, 4, -2, 2, 14, 10, 16, -2, 8
18,-9:-4, 4, -2, 6, -2, -10, 2, -20, -24
6,-8:-4, 4, -2, 6, 2, -2, 0, -20, -24
6,-8:-4, 4, -2, 6, 2, -2, 0, -20, -22
-2,-1:-4, 4, -2, 6, 6, 12, 18, -4, 10
-2,-1:-4, 4, -2, 6, 6, 12, 18, -4, 14
5,10:-4, 4, 4, 4, -14, 8, 0, 4, 8
2,-4:-4, 4, 4, 4, 6, 0, 8, 20, 10
2,-4:-4, 4, 4, 4, 6, 0, 8, 20, 12
2,-4:-4, 4, 4, 4, 6, 0, 8, 20, 14
5,10:-4, 4, 4, 4, 8, 0, 4, 8, -14
5,10:-4, 4, 4, 4, 8, 0, 4, 8, -4
3,-10:-4, 4, 4, 4, 10, -6, -2, -10, 2
3,-10:-4, 4, 4, 4, 10, -6, -2, 2, -10
8,5:-4, 4, 4, 6, 6, 4, -14, 8, 2
8,5:-4, 4, 4, 6, 6, 4, 8, 2, -14
-2,-1:-4, 4, 4, 6, 6, 12, 4, -14, 6
-11,-2:-4, 4, 4, 6, 10, 4, 6, 6, 12
16,14:-4, 4, 6, 2, -16, -4, 0, 6, -8
15,12:-4, 4, 6, 2, -16, -4, 4, 0, 12
15,12:-4, 4, 6, 2, -16, -4, 4, 0, 14
15,12:-4, 4, 6, 2, -16, -4, 4, 0, 16
15,12:-4, 4, 6, 2, -16, -4, 4, 12, 0
16,14:-4, 4, 6, 2, -4, 0, 6, -8, -16
16,14:-4, 4, 6, 2, -4, 0, 6, -8, -14
15,12:-4, 4, 6, 2, -4, 4, 0, 12, -16
15,12:-4, 4, 6, 2, -4, 4, 0, 12, -14
15,5:6, -4, -4, -12, -8, -14, -14, -20, 0
15,5:6, -4, -4, -12, -8, -14, -14, 0, -20
8,15:6, -4, -4, -12, 4, 4, 6, -8, 10
-1,22:6, -4, -4, -6, -14, 2, 8, -2, 26
-1,22:6, -4, -4, -6, -14, 2, 8, 26, -2
10,-5:6, -4, -4, -6, -14, 6, -4, -6, 10
10,-5:6, -4, -4, -6, -14, 6, -4, 10, -6
1,2:6, -4, -4, -6, -14, 6, 6, 12, 16
1,2:6, -4, -4, -6, -14, 6, 6, 12, 20
14,3:6, -4, -4, -6, -8, -2, -10, -20, -8
14,3:6, -4, -4, -6, -8, -2, -10, -8, -20
1,2:6, -4, -4, -6, 6, 6, 12, 16, -14
1,2:6, -4, -4, -6, 6, 6, 12, 16, -4
17,2:6, -4, -4, -4, -8, -12, -12, -6, 6
17,2:6, -4, -4, -4, -8, -12, -12, -4, 6
17,2:6, -4, -4, -4, -8, -12, -12, -4, 8
17,2:6, -4, -4, -4, -8, -12, -12, -4, 10
17,2:6, -4, -4, -4, -8, -12, -12, 6, -4
17,2:6, -4, -4, -4, -8, -12, -12, 6, -2
5,16:6, -4, -4, -4, 8, 6, 10, 2, 14
5,16:6, -4, -4, -4, 8, 6, 10, 14, 2
25,-13:6, -4, -4, 0, -12, 0, -6, -18, -14
-6,10:6, -4, -4, 0, -12, 8, 8, -8, 14
-7,7:6, -4, -4, 0, -12, 8, 8, -6, -16
-7,7:6, -4, -4, 0, -12, 8, 8, -6, -12
-7,7:6, -4, -4, 0, -12, 8, 8, -4, -8
-7,7:6, -4, -4, 0, -12, 8, 8, -4, -4
-7,7:6, -4, -4, 0, -12, 8, 8, 2, -8
-7,7:6, -4, -4, 0, -12, 8, 8, 2, -2
-7,7:6, -4, -4, 0, -12, 8, 8, 2, 2
-6,10:6, -4, -4, 0, -12, 8, 8, 14, -8
-6,10:6, -4, -4, 0, -12, 8, 8, 14, 0
15,7:6, -4, -4, 0, 0, 8, 2, -10, 0
-7,7:6, -4, -4, 0, 8, 8, -4, 2, -2
-6,10:6, -4, -4, 0, 8, 8, 0, 14, -12
-6,10:6, -4, -4, 0, 8, 8, 0, 14, -10
-6,10:6, -4, -4, 0, 8, 8, 0, 14, -8
2,6:6, -4, -4, 2, 6, -8, 10, 0, 10
2,6:6, -4, -4, 2, 6, -8, 10, 0, 12
2,6:6, -4, -4, 2, 6, -8, 10, 10, 0
2,6:6, -4, -4, 2, 6, -8, 10, 10, 2
15,-2:6, -4, -4, 2, 6, 0, -4, -10, 4
15,-2:6, -4, -4, 2, 6, 0, -4, -10, 6
15,-2:6, -4, -4, 2, 6, 0, -4, -10, 8
15,-2:6, -4, -4, 2, 6, 0, -4, 4, -10
9,6:6, -4, -4, 4, -10, 0, -6, -12, 0
9,6:6, -4, -4, 4, -10, 0, -6, 0, -12
9,6:6, -4, -4, 4, -10, 0, -6, 0, -10
14,6:6, -4, -4, 4, -10, 6, 0, 14, 8
18,-13:6, -4, -4, 4, -4, -26, -20, -8, -8
18,-13:6, -4, -4, 4, -4, -26, -20, -8, -6
11,-13:6, -4, -4, 4, -4, -26, -10, -26, -26
10,-16:6, -4, -4, 4, -4, -20, -10, -26, -18
3,0:6, -4, -4, 4, -2, -12, 6, 4, -12
1,2:6, -4, -4, 4, 6, 6, 12, 16, -14
1,18:6, -4, 6, 6, -2, 10, 0, 16, 20
2,-3:6, -4, 6, 6, -2, 10, 16, 14, 4
2,-3:6, -4, 6, 6, -2, 10, 16, 14, 6
2,-3:6, -4, 6, 6, -2, 10, 16, 14, 8
1,18:6, -4, 6, 6, -2, 10, 16, 20, 0
9,2:6, -4, 6, 6, 2, 4, -4, 6, 10
9,2:6, -4, 6, 6, 2, 4, -4, 6, 12
9,2:6, -4, 6, 6, 2, 4, -4, 6, 14
-1,6:6, -4, 6, 6, 8, 8, 0, 2, 4
3,2:6, -4, 6, 6, 14, 10, 16, 16, 0
-5,-4:6, 6, -4, -4, -8, -14, 0, 4, -10
-5,-4:6, 6, -4, -4, -8, -14, 0, 4, -8
-5,-4:6, 6, -4, -4, -8, -14, 0, 4, -6
-5,-4:6, 6, -4, -4, -8, 0, -10, 4, -10
-5,4:6, 6, -4, -4, -4, 10, 4, 8, 10
-5,4:6, 6, -4, -4, -4, 10, 4, 8, 12
-5,4:6, 6, -4, -4, -4, 10, 4, 8, 14
4,-5:6, 6, -4, -4, 0, 4, -6, 6, 8
4,-5:6, 6, -4, -4, 0, 4, -6, 6, 10
4,-5:6, 6, -4, -4, 0, 4, -6, 8, 6
4,-5:6, 6, -4, -4, 0, 4, -6, 12, 12
4,-5:6, 6, -4, -4, 0, 4, -6, 12, 14
4,-5:6, 6, -4, -4, 0, 4, -6, 12, 16
13,15:6, 6, -4, -4, 2, -2, -12, -8, -12
13,15:6, 6, -4, -4, 2, -2, -12, -8, -10
-5,4:6, 6, -4, -4, 2, 10, 4, -8, 10
-5,4:6, 6, -4, -4, 2, 10, 4, -6, 6
-5,4:6, 6, -4, -4, 2, 10, 4, 10, 8
-5,4:6, 6, -4, -4, 2, 10, 4, 10, 10
-3,6:6, 6, -4, -4, 10, 4, 20, 8, 18
1,4:6, 6, -4, 0, 16, 2, 2, 6, -12
1,4:6, 6, -4, 0, 16, 2, 2, 6, -4
21,8:6, 6, -4, 0, 16, 4, -14, -14, -10
-16,15:6, 6, -4, 2, 10, -2, 14, 18, 20
-16,15:6, 6, -4, 2, 10, -2, 14, 18, 22
-16,15:6, 6, -4, 2, 10, -2, 14, 18, 24
-16,15:6, 6, -4, 2, 10, -2, 20, 14, 22
-16,15:6, 6, -4, 2, 10, -2, 20, 14, 24
-5,4:6, 6, -4, 2, 10, 4, -4, 8, 6
-5,4:6, 6, -4, 2, 10, 4, -2, 12, 0
-5,4:6, 6, -4, 2, 10, 4, 0, -2, -2
-5,4:6, 6, -4, 2, 10, 4, 0, -2, 0
-5,4:6, 6, -4, 2, 10, 4, 0, 0, 2
-5,4:6, 6, -4, 2, 10, 4, 0, 0, 10
-5,4:6, 6, -4, 2, 10, 4, 0, 2, 0
-5,4:6, 6, -4, 2, 10, 4, 0, 6, -2
-5,4:6, 6, -4, 2, 10, 4, 4, 12, 2
-5,4:6, 6, -4, 2, 10, 4, 4, 12, 4
-5,4:6, 6, -4, 2, 10, 4, 4, 12, 6
-5,4:6, 6, -4, 2, 10, 4, 6, 10, 18
-5,4:6, 6, -4, 2, 10, 4, 8, 12, 8
-5,4:6, 6, -4, 2, 10, 4, 12, 6, 0
-5,4:6, 6, -4, 2, 10, 4, 12, 6, 10
-2,15:6, 6, -2, -4, -4, 10, 16, 20, -8
-2,15:6, 6, -2, -4, -4, 10, 16, 20, 4
-5,6:6, 6, -2, -4, 0, -14, -6, 2, 0
-5,6:6, 6, -2, -4, 0, -14, -6, 6, -4
-5,6:6, 6, -2, -4, 0, -14, -6, 8, 2
-5,6:6, 6, -2, -4, 0, -14, -6, 10, -4
-5,6:6, 6, -2, -4, 0, -14, -6, 10, -2
-5,6:6, 6, -2, -4, 0, -14, -6, 10, 0
-5,6:6, 6, -2, -4, 0, -14, -2, 4, 10
-5,6:6, 6, -2, -4, 0, -14, -2, 6, 4
-5,6:6, 6, -2, -4, 0, -14, -2, 8, 8
-5,6:6, 6, -2, -4, 0, -14, -2, 8, 10
-5,6:6, 6, -2, -4, 0, -14, -2, 8, 12
-5,6:6, 6, -2, -4, 0, -14, -2, 14, 4
-5,6:6, 6, -2, -4, 0, -14, -2, 14, 10
-5,6:6, 6, -2, -4, 0, -14, -2, 14, 12
-5,6:6, 6, -2, -4, 0, -14, 2, -2, 0
-5,6:6, 6, -2, -4, 0, -14, 2, 12, 2
-5,6:6, 6, -2, -4, 0, -14, 2, 12, 4
-5,6:6, 6, -2, -4, 0, -14, 2, 12, 6
-5,6:6, 6, -2, -4, 0, -14, 2, 14, 8
-5,6:6, 6, -2, -4, 0, -14, 4, 6, 6
-5,6:6, 6, -2, -4, 0, -14, 4, 6, 8
-5,6:6, 6, -2, -4, 0, -14, 4, 6, 10
-5,6:6, 6, -2, -4, 0, -14, 4, 8, 14
-5,6:6, 6, -2, -4, 0, -6, -8, 10, -10
-5,6:6, 6, -2, -4, 0, -6, -8, 10, -8
-5,6:6, 6, -2, -4, 0, -6, -8, 10, -6
-5,6:6, 6, -2, -4, 0, -2, -6, 10, -12
-5,6:6, 6, -2, -4, 0, -2, -6, 10, -10
-5,6:6, 6, -2, -4, 0, -2, -6, 10, -8
-5,6:6, 6, -2, -4, 0, 4, 8, 10, -8
4,8:6, 6, -2, -4, 4, 10, 2, 18, 0
11,0:6, 6, -2, -4, 10, -8, 6, 4, 2
11,0:6, 6, -2, -4, 10, -8, 6, 4, 6
3,-2:6, 6, -2, -4, 12, -8, -2, 4, 12
3,-2:6, 6, -2, -4, 12, -8, -2, 4, 14
3,-2:6, 6, -2, -4, 12, -8, -2, 4, 16
3,-2:6, 6, -2, -4, 12, -8, -2, 12, 4
3,-2:6, 6, -2, -4, 12, -8, -2, 12, 14
10,3:6, 6, -2, -4, 12, 2, -12, -4, 8
10,3:6, 6, -2, -4, 12, 2, -12, 8, -4
0,7:6, 6, -2, -4, 12, 10, 8, 8, 10
-7,4:6, 6, -2, -4, 14, -8, 2, -4, 14
10,9:6, 6, -2, -2, -4, 16, -2, 2, 8
10,9:6, 6, -2, -2, -4, 16, -2, 2, 10
10,9:6, 6, -2, -2, -4, 16, -2, 2, 12
10,9:6, 6, -2, -2, -4, 16, -2, 8, 2
-4,7:6, 6, -2, -2, 8, 6, 10, 14, -12
-14,-3:6, 6, -2, 4, 8, 10, 0, 24, 14
-14,-3:6, 6, -2, 4, 8, 10, 24, 14, 0
-14,-3:6, 6, -2, 4, 8, 10, 24, 14, 10
-16,31:6, 6, -2, 6, 14, 12, 26, 46, 50
-16,31:6, 6, -2, 6, 14, 12, 46, 50, 26
-16,31:6, 6, -2, 6, 14, 12, 46, 50, 28
-16,31:6, 6, -2, 6, 14, 12, 46, 50, 30
-7,11:6, 6, -2, 6, 14, 18, 14, 14, 16
-8,8:6, 6, -2, 6, 14, 18, 14, 14, 26
-8,8:6, 6, -2, 6, 14, 18, 14, 14, 28
-8,8:6, 6, -2, 6, 14, 18, 14, 26, 14
-9,28:6, 6, -2, 6, 18, 16, 24, 36, 40
-9,28:6, 6, -2, 6, 18, 16, 36, 40, 24
-9,28:6, 6, -2, 6, 18, 16, 36, 40, 26
-9,28:6, 6, -2, 6, 18, 16, 36, 40, 28
-11,2:6, 6, -2, 6, 20, 22, 12, 6, 16
7,10:6, 6, -2, 6, 28, 22, 10, 32, 32
7,10:6, 6, -2, 6, 28, 22, 10, 32, 36
-12,17:6, 6, -2, 6, 30, 20, 16, 20, 32
-2,15:6, 6, -2, 10, 6, 2, 16, 20, 4
-2,15:6, 6, -2, 10, 6, 2, 16, 20, 6
-2,15:6, 6, -2, 10, 6, 16, 8, 20, 4
-2,15:6, 6, -2, 10, 6, 16, 8, 20, 6
-2,15:6, 6, -2, 10, 6, 16, 8, 20, 8
-1,-6:6, 6, -2, 10, 16, 14, 2, 0, 8
-1,-6:6, 6, -2, 10, 16, 14, 12, 2, 4
-1,-6:6, 6, -2, 10, 16, 14, 12, 2, 6
-1,-6:6, 6, -2, 10, 16, 14, 12, 2, 8
3,4:6, 6, -2, 12, 0, 18, 8, 8, 12
0,13:6, 6, -2, 12, 2, 8, 2, 6, 16
2,15:6, 6, -2, 12, 2, 8, 6, 12, 16
6,10:6, 6, -2, 12, 2, 8, 16, 8, 18
8,9:6, 6, -2, 12, 2, 16, 4, 10, 2
8,9:6, 6, -2, 12, 2, 16, 4, 10, 6
8,9:6, 6, -2, 12, 2, 16, 4, 14, 20
8,9:6, 6, -2, 12, 2, 16, 4, 14, 22
8,9:6, 6, -2, 12, 2, 16, 4, 16, 16
8,9:6, 6, -2, 12, 2, 16, 4, 16, 26
8,9:6, 6, -2, 12, 2, 16, 4, 24, 24
8,9:6, 6, -2, 12, 2, 16, 4, 26, 14
8,9:6, 6, -2, 12, 2, 16, 4, 26, 16
8,9:6, 6, -2, 12, 2, 16, 4, 26, 22
8,9:6, 6, -2, 12, 2, 16, 4, 28, 24
8,9:6, 6, -2, 12, 2, 16, 4, 28, 26
8,9:6, 6, -2, 12, 2, 16, 4, 28, 28
-4,19:6, 6, -2, 12, 2, 16, 24, 26, 2
10,7:6, 6, -2, 12, 8, 2, 6, 6, 4
2,15:6, 6, -2, 12, 8, 6, 12, 16, 2
2,15:6, 6, -2, 12, 8, 6, 12, 16, 6
-1,-7:6, 6, -2, 14, 8, 10, 8, 10, 4
-9,10:6, 6, 2, -8, 4, -10, 0, 22, 10
-9,10:6, 6, 2, -8, 4, -10, 0, 22, 12
-9,10:6, 6, 2, -8, 4, -10, 0, 22, 14
-9,10:6, 6, 2, -8, 4, -10, 10, 22, 0
-9,10:6, 6, 2, -8, 4, -10, 10, 22, 2
-9,10:6, 6, 2, -8, 4, -10, 10, 22, 8
8,5:6, 6, 2, -6, -8, 12, -2, 8, 14
8,5:6, 6, 2, -6, -8, 12, -2, 8, 16
8,5:6, 6, 2, -6, -8, 12, -2, 8, 18
8,5:6, 6, 2, -6, -8, 12, -2, 14, 8
8,5:6, 6, 2, -6, -8, 12, -2, 14, 12
8,5:6, 6, 2, -6, -8, 12, 14, 12, -2
5,12:6, 6, 2, -6, -6, -14, 6, 4, 10
5,12:6, 6, 2, -6, -6, 6, 4, 10, -14
1,12:6, 6, 2, -6, -4, -2, -4, 14, -4
1,12:6, 6, 2, -6, -4, -2, -4, 14, -2
1,12:6, 6, 2, -6, -4, -2, -4, 14, 0
3,13:6, 6, 2, -6, -2, 6, 10, -2, -6
3,13:6, 6, 2, -6, -2, 6, 10, -2, -4
3,13:6, 6, 2, -6, -2, 6, 10, 2, 2
3,13:6, 6, 2, -6, -2, 6, 10, 2, 4
3,13:6, 6, 2, -6, -2, 6, 10, 4, -4
-5,-10:6, 6, 2, -6, 2, 0, 8, 4, 4
-5,-10:6, 6, 2, -6, 2, 0, 8, 4, 6
-5,-10:6, 6, 2, -6, 2, 0, 8, 4, 8
1,14:6, 6, 2, -6, 4, -16, 12, 20, 16
11,18:6, 6, 2, -6, 4, -16, 14, 10, 18
11,18:6, 6, 2, -6, 4, -16, 14, 10, 22
11,18:6, 6, 2, -6, 4, -16, 14, 18, 10
1,14:6, 6, 2, -6, 4, 12, 20, 16, -16
11,18:6, 6, 2, -6, 4, 14, 10, 18, -16
2,21:6, 6, 2, -6, 8, -10, 6, 22, -12
10,15:6, 6, 2, -6, 8, -10, 8, 20, -12
2,21:6, 6, 2, -6, 8, -8, 6, 22, -8
2,21:6, 6, 2, -6, 8, -8, 6, 22, -6
2,21:6, 6, 2, -6, 8, -8, 6, 22, -4
10,15:6, 6, 2, -6, 8, -8, 8, 20, -8
10,15:6, 6, 2, -6, 8, -8, 8, 20, -6
10,15:6, 6, 2, -6, 8, -8, 8, 20, -4
2,21:6, 6, 2, -6, 8, 6, 2, 22, -4
2,21:6, 6, 2, -6, 8, 6, 2, 22, -2
2,21:6, 6, 2, -6, 8, 6, 2, 22, 0
8,7:6, 6, 2, -6, 10, -8, -2, 2, 10
8,7:6, 6, 2, -6, 10, -8, -2, 10, 2
7,-2:6, 6, 2, -6, 12, 14, -2, -10, -6
2,21:6, 6, 2, -4, -8, 8, 6, 22, -2
10,15:6, 6, 2, -4, -8, 8, 8, 20, -2
5,15:6, 6, 2, -4, -6, 4, 4, 8, 4
-6,7:6, 6, 2, -4, -6, 4, 6, -6, 16
-6,7:6, 6, 2, -4, -6, 4, 6, 16, -6
2,21:6, 6, 2, -4, -6, 8, 6, 22, -8
10,15:6, 6, 2, -4, -6, 8, 8, 20, -8
-1,14:6, 6, 2, -4, -6, 10, -2, 8, 18
-1,14:6, 6, 2, -4, -6, 10, -2, 18, 8
1,16:6, 6, 2, -4, -2, -8, -8, 2, 16
-2,9:6, 6, 2, -4, -2, 8, 2, 10, 14
-1,4:6, 6, 2, -4, -2, 8, 10, 4, -2
-1,4:6, 6, 2, -4, -2, 8, 10, 4, 0
-1,4:6, 6, 2, -4, -2, 8, 10, 4, 2
11,2:6, 6, 2, -4, 0, -4, -4, 10, 6
11,2:6, 6, 2, -4, 0, -4, -4, 10, 14
11,2:6, 6, 2, -4, 0, -4, 10, 14, -4
-3,4:6, 6, 2, -4, 0, 2, 8, 10, 14
-3,4:6, 6, 2, -4, 0, 2, 8, 10, 24
-11,4:6, 6, 2, -4, 6, 6, -4, 14, 18
-11,4:6, 6, 2, -4, 6, 6, 14, 18, -4
10,15:6, 6, 2, -4, 8, -4, 8, 20, -4
10,15:6, 6, 2, -4, 8, -4, 8, 20, -2
-2,2:6, 6, 2, -4, 8, -2, 8, 4, 16
2,21:6, 6, 2, -4, 8, -2, 8, 22, 10
2,21:6, 6, 2, -4, 8, -2, 8, 22, 12
10,15:6, 6, 2, -4, 8, -2, 8, 22, 24
10,15:6, 6, 2, -4, 8, -2, 8, 22, 26
10,15:6, 6, 2, -4, 8, -2, 8, 24, 18
2,21:6, 6, 2, -4, 8, -2, 10, 22, 4
2,21:6, 6, 2, -4, 8, 6, 2, 22, -8
2,21:6, 6, 2, -4, 8, 6, 2, 22, -2
2,21:6, 6, 2, -4, 8, 6, 2, 22, 0
8,6:6, 6, 2, -4, 8, 8, 8, -4, 12
8,6:6, 6, 2, -4, 8, 8, 8, -4, 14
7,3:6, 6, 2, -4, 8, 8, 8, 10, 12
7,3:6, 6, 2, -4, 8, 8, 8, 10, 14
7,3:6, 6, 2, -4, 8, 8, 8, 10, 20
8,6:6, 6, 2, -4, 8, 8, 8, 12, -4
7,3:6, 6, 2, -4, 8, 8, 8, 16, 12
7,3:6, 6, 2, -4, 8, 8, 8, 16, 14
7,3:6, 6, 2, -4, 8, 8, 8, 16, 16
7,3:6, 6, 2, -4, 8, 8, 8, 18, 20
7,3:6, 6, 2, -4, 8, 8, 8, 20, 14
-20,-1:6, 6, 2, -4, 10, 16, -4, 10, 22
-20,-1:6, 6, 2, -4, 10, 16, -4, 22, 10
-20,-1:6, 6, 2, -4, 10, 16, -4, 22, 12
-20,-1:6, 6, 2, -4, 10, 16, 10, 22, -4
-20,-1:6, 6, 2, -4, 10, 16, 10, 22, -2
-20,-1:6, 6, 2, -4, 10, 16, 10, 22, 0
12,-1:6, 6, 2, -2, -2, -4, -2, -10, 8
12,-1:6, 6, 2, -2, -2, -4, -2, -10, 12
-3,4:6, 6, 2, -2, -2, 2, -4, -2, 8
3,9:6, 6, 2, -2, 6, 0, -2, -6, -4
3,9:6, 6, 2, -2, 6, 0, -2, -6, -2
3,9:6, 6, 2, -2, 6, 0, -2, -6, 0
4,12:6, 6, 2, -2, 6, 0, -2, -2, 6
7,26:6, 6, 2, -2, 8, -2, 8, 18, 22
7,26:6, 6, 2, -2, 8, -2, 18, 22, 8
7,26:6, 6, 2, -2, 8, -2, 18, 22, 12
0,18:6, 6, 2, 0, 12, 4, 4, 12, 22
0,18:6, 6, 2, 0, 12, 4, 4, 22, 12
0,18:6, 6, 2, 0, 12, 4, 12, 22, 4
0,18:6, 6, 2, 0, 12, 4, 12, 22, 6
0,18:6, 6, 2, 0, 12, 4, 12, 22, 8
12,8:6, 6, 2, 2, -8, -14, -6, -6, 10
12,8:6, 6, 2, 2, -8, -14, -6, -6, 12
12,8:6, 6, 2, 2, -8, -14, -6, -6, 14
12,8:6, 6, 2, 2, -8, -14, -6, 10, -6
11,5:6, 6, 2, 2, -8, -14, -6, 18, 12
11,5:6, 6, 2, 2, -8, -14, -6, 18, 14
11,5:6, 6, 2, 2, -8, -14, -6, 18, 16
3,8:6, 6, 2, 2, -8, -12, 18, -4, -14
7,16:6, 6, 2, 2, 8, -8, -8, -4, 0
6,-1:6, 6, 2, 4, -4, 6, 6, 16, 10
6,-1:6, 6, 2, 4, -4, 6, 6, 16, 12
6,-1:6, 6, 2, 4, -4, 6, 6, 16, 14
6,-1:6, 6, 2, 4, -4, 6, 16, 18, 10
6,-1:6, 6, 2, 4, -4, 10, 10, 10, 12
6,-1:6, 6, 2, 4, -4, 10, 10, 10, 22
6,-1:6, 6, 2, 4, -4, 10, 10, 14, 6
6,-1:6, 6, 2, 4, -4, 10, 10, 14, 16
6,-1:6, 6, 2, 4, -4, 10, 10, 22, 10
3,4:6, 6, 2, 4, -2, 2, -8, -6, 18
3,4:6, 6, 2, 4, -2, 2, -8, 18, -6
3,4:6, 6, 2, 4, -2, 2, -8, 18, -2
1,-2:6, 6, 2, 4, -2, 6, 4, 4, 8
1,14:6, 6, 2, 4, -2, 8, -2, 16, -12
-11,22:6, 6, 2, 6, 10, 16, 18, 8, 36
-11,22:6, 6, 2, 6, 10, 16, 18, 36, 8
9,6:6, 6, 2, 10, 4, 2, 2, -2, 10
-10,9:6, 6, 2, 10, 4, 6, 16, 8, 22
-3,8:6, 6, 2, 10, 6, -4, 0, 12, 10
-3,8:6, 6, 2, 10, 6, -4, 12, 10, -2
-3,8:6, 6, 2, 10, 6, -4, 12, 10, 0
9,5:6, 6, 2, 10, 6, 10, 14, 16, 2
2,7:6, 6, 2, 10, 12, 6, 4, -6, -8
2,7:6, 6, 2, 10, 12, 6, 4, -4, -2
-4,7:6, 6, 6, -8, -4, 6, 10, 14, -4
-4,7:6, 6, 6, -8, -4, 6, 10, 14, -2
-4,7:6, 6, 6, -8, -4, 6, 10, 14, 0
15,7:6, 6, 6, -8, 6, 4, 2, 10, 0
4,7:6, 6, 6, -6, -10, 10, 14, -4, 16
4,7:6, 6, 6, -6, -10, 10, 14, 16, -4
17,6:6, 6, 6, -6, -2, -6, -6, 0, 0
1,16:6, 6, 6, -6, 0, 14, 8, 18, 2
1,16:6, 6, 6, -6, 0, 14, 8, 18, 8
-4,17:6, 6, 6, -6, 4, 8, 8, 44, 52
-4,17:6, 6, 6, -6, 4, 8, 8, 44, 54
-4,17:6, 6, 6, -6, 4, 8, 8, 44, 56
-4,17:6, 6, 6, -6, 4, 8, 8, 52, 44
-4,7:6, 6, 6, -2, 4, 6, 10, 14, -2
-4,7:6, 6, 6, -2, 4, 6, 10, 14, 0
-4,7:6, 6, 6, -2, 4, 6, 10, 14, 2
11,2:6, 6, 6, 4, -2, 2, -6, 6, 0
-9,6:6, 6, 6, 4, 10, -2, 16, 10, 18
-9,6:6, 6, 6, 4, 10, -2, 16, 10, 20
-9,6:6, 6, 6, 4, 10, -2, 16, 10, 22
9,9:6, 6, 6, 4, 10, 14, -10, -10, 10
6,-3:6, 6, 6, 10, 12, 18, -10, -10, 2
6,-3:6, 6, 6, 10, 12, 18, -10, -10, 12
6,-3:6, 6, 6, 10, 12, 18, -10, 2, -10
6,-3:6, 6, 6, 10, 12, 18, -6, 2, -8
6,-3:6, 6, 6, 10, 12, 18, -6, 2, -6
6,-3:6, 6, 6, 10, 12, 18, -6, 2, -4
15,2:6, 6, 6, 10, 12, 22, -8, -6, 10
12,4:6, 6, 6, 10, 12, 22, -8, 10, 14
2,13:6, 6, 6, 10, 14, -12, 2, 2, 18
2,13:6, 6, 6, 10, 14, 2, 2, 18, -8
2,13:6, 6, 6, 10, 14, 2, 2, 18, -6
2,13:6, 6, 6, 10, 14, 2, 2, 18, -4
2,16:6, 6, 6, 10, 14, 10, -2, 0, 18
5,16:6, 6, 6, 10, 14, 16, 10, 14, -8
5,16:6, 6, 6, 10, 14, 16, 10, 14, -6
5,16:6, 6, 6, 10, 14, 16, 10, 14, -4
12,11:6, 6, 6, 10, 14, 18, -4, 10, 10
11,18:6, 6, 6, 10, 14, 18, -4, 10, 16
7,2:6, 6, 6, 10, 14, 18, -2, 8, 12
7,2:6, 6, 6, 10, 14, 18, -2, 8, 14
7,2:6, 6, 6, 10, 14, 18, -2, 8, 16
7,2:6, 6, 6, 10, 14, 18, -2, 14, 8
11,18:6, 6, 6, 10, 14, 18, 10, 16, -4
-12,14:6, 6, 8, -4, -4, 10, 14, 6, 24
0,9:6, 6, 8, -4, 10, -2, 22, 12, 18
0,9:6, 6, 8, -4, 10, -2, 22, 12, 20
0,9:6, 6, 8, -4, 10, -2, 22, 12, 22
-13,11:6, 6, 8, -4, 10, 14, 6, 0, 14
-13,11:6, 6, 8, -4, 10, 14, 6, 14, 0
0,9:6, 6, 8, -4, 10, 22, 12, 18, -2
1,25:6, 6, 8, 2, 4, 8, 22, 16, 16
1,25:6, 6, 8, 2, 4, 8, 22, 16, 18
-3,5:6, 6, 8, 2, 4, 24, 6, 0, 0
-3,5:6, 6, 8, 2, 4, 24, 6, 0, 2
2,1:6, 6, 8, 2, 10, 8, 10, 2, 14
2,1:6, 6, 8, 2, 10, 8, 10, 2, 18
-8,9:6, 6, 8, 2, 10, 14, 12, 16, 20
-9,22:6, 6, 8, 6, 10, 16, 16, 6, 34
-9,22:6, 6, 8, 6, 10, 16, 16, 34, 6
0,20:6, 6, 8, 8, 0, -2, -4, 4, 4
7,-7:6, 6, 8, 8, 0, -2, 6, 2, -6
0,1:6, 6, 8, 8, 0, 0, 14, -2, 0
-4,1:6, 6, 8, 8, 0, 2, 14, 8, -4
-4,1:6, 6, 8, 8, 0, 2, 14, 8, -2
-2,7:6, 6, 8, 8, 0, 14, 8, 12, 2
2,6:6, 6, 8, 8, 2, 4, 8, 8, 2
-5,0:6, 6, 8, 8, 2, 6, 0, 2, 16
-2,1:6, 6, 8, 8, 2, 6, 2, 6, 14
-2,1:6, 6, 8, 8, 2, 6, 2, 6, 18
3,8:6, 6, 8, 8, 2, 10, -4, 8, 14
5,-8:6, 6, 8, 8, 2, 10, 6, 20, 12
3,8:6, 6, 8, 8, 2, 10, 8, 14, -4
10,-2:6, 6, 8, 8, 6, -8, 6, 0, 10
10,-2:6, 6, 8, 8, 6, -8, 6, 10, 0
7,8:6, 6, 8, 8, 6, 0, 0, 8, 4
1,8:6, 6, 8, 8, 16, 16, 8, -6, 10
1,8:6, 6, 8, 8, 16, 16, 8, 10, -6
1,8:6, 6, 8, 8, 16, 16, 8, 10, -4
1,8:6, 6, 8, 8, 16, 16, 8, 10, -2
-20,17:6, 6, 8, 10, 2, 16, 4, 20, 28
-20,17:6, 6, 8, 10, 2, 16, 4, 20, 30
-9,6:6, 6, 8, 10, 2, 16, 10, 2, 16
-4,13:6, 6, 8, 10, 8, 2, 12, 16, 20
3,12:6, 6, 14, 2, 4, 0, 6, 12, 0
5,12:6, 6, 14, 2, 6, 10, 6, 10, 0
5,18:6, 6, 14, 2, 12, 6, 8, 0, 16
5,18:6, 6, 14, 2, 12, 6, 8, 16, 0
2,11:6, 6, 14, 6, -4, -16, -14, 0, 12
2,11:6, 6, 14, 6, -4, -16, -14, 12, 0
2,11:6, 6, 14, 6, -4, -16, 0, 12, -14
2,11:6, 6, 14, 6, -4, -14, -10, 12, -10
2,11:6, 6, 14, 6, -4, -14, -10, 12, -8
13,-2:6, 6, 14, 6, -4, -6, -4, -2, 0
2,11:6, 6, 14, 6, -4, -6, 0, 12, -10
2,11:6, 6, 14, 6, -4, -6, 0, 12, -8
13,-2:6, 6, 14, 6, -4, -6, 0, 12, 14
13,-2:6, 6, 14, 6, -4, -6, 0, 12, 16
13,-2:6, 6, 14, 6, -4, -6, 0, 14, 8
13,-2:6, 6, 14, 6, -4, -6, 2, 10, 6
13,-2:6, 6, 14, 6, -4, -6, 2, 10, 16
13,-2:6, 6, 14, 6, -4, -6, 10, 6, 4
13,-2:6, 6, 14, 6, -4, -6, 10, 6, 6
13,-2:6, 6, 14, 6, -4, -6, 10, 16, 2
13,-2:6, 6, 14, 6, -4, -6, 10, 16, 6
13,-2:6, 6, 14, 6, -4, -6, 12, 8, 0
13,-2:6, 6, 14, 6, -4, -6, 14, 10, 14
2,11:6, 6, 14, 6, -4, 0, -10, 12, -6
2,11:6, 6, 14, 6, -4, 0, -10, 12, -2
13,-2:6, 6, 14, 6, -4, 0, -4, 10, 0
13,-2:6, 6, 14, 6, -4, 0, -4, 10, 2
13,-2:6, 6, 14, 6, -4, 0, -4, 10, 4
13,-2:6, 6, 14, 6, -4, 0, 0, 0, 4
13,-2:6, 6, 14, 6, -4, 0, 0, 0, 6
13,-2:6, 6, 14, 6, -4, 0, 0, 0, 8
13,-2:6, 6, 14, 6, -4, 0, 2, -4, 4
13,-2:6, 6, 14, 6, -4, 0, 2, 2, 6
13,-2:6, 6, 14, 6, -4, 0, 2, 8, 4
13,-2:6, 6, 14, 6, -4, 0, 10, 0, 0
13,-2:6, 6, 14, 6, -4, 0, 12, 12, 2
13,-2:6, 6, 14, 6, -4, 2, 10, 6, -6
13,-2:6, 6, 14, 6, -4, 6, -4, 2, 6
13,-2:6, 6, 14, 6, -4, 6, -4, 10, 4
13,-2:6, 6, 14, 6, -4, 14, 16, 10, 12
13,-2:6, 6, 14, 6, -4, 14, 16, 10, 14
13,-2:6, 6, 14, 6, -4, 14, 16, 10, 16
-5,5:6, 6, 14, 6, 6, 12, 16, 10, -4
-3,16:6, 6, 14, 6, 16, 8, 0, 6, 22
-3,16:6, 6, 14, 6, 16, 8, 0, 22, 6
-3,16:6, 6, 14, 6, 16, 8, 0, 22, 8
-3,16:6, 6, 14, 6, 16, 8, 0, 22, 10
-3,16:6, 6, 14, 6, 16, 8, 8, 22, 0
-3,16:6, 6, 14, 6, 16, 8, 8, 22, 2
-3,16:6, 6, 14, 6, 16, 8, 8, 22, 4
7,12:6, 6, 14, 8, 4, -6, -6, 8, 14
7,12:6, 6, 14, 8, 4, -6, -6, 8, 18
7,12:6, 6, 14, 8, 4, -6, -6, 14, 8
7,12:6, 6, 14, 8, 4, -6, 8, 14, -6
10,1:6, 6, 14, 8, 16, -6, -6, 4, 0
-9,6:6, 6, 14, 10, 4, 16, 10, 8, 8
-9,6:6, 6, 14, 10, 4, 16, 10, 8, 10
-9,6:6, 6, 14, 10, 4, 16, 10, 8, 12
-9,6:6, 6, 14, 10, 4, 16, 10, 12, 14
-9,6:6, 6, 14, 10, 4, 16, 10, 14, 10
-9,6:6, 6, 14, 10, 4, 16, 10, 14, 14
-9,6:6, 6, 14, 10, 16, 10, 16, 0, 14
-9,6:6, 6, 14, 10, 16, 10, 16, 0, 16
-9,6:6, 6, 14, 10, 16, 10, 16, 14, 0
-9,6:6, 6, 14, 10, 16, 10, 16, 14, 4
0,1:6, 6, 14, 10, 16, 16, 4, 10, 12
0,1:6, 6, 14, 10, 16, 16, 4, 10, 22
0,1:6, 6, 14, 10, 16, 16, 4, 22, 10
20,-15:6, 6, 16, -8, -8, 0, -4, 0, -26
