-8,-6:-4, -6, -6, -4, -10, 2
-8,-6:-4, -6, -6, -4, -10, 4
-8,-6:-4, -6, -6, -4, -10, 6
4,-7:-4, -6, -4, -8, -12, -8
3,4:-4, -6, 6, 10, -10, -2
5,-3:-4, -4, 2, 8, -12, -14
4,14:-4, 0, -8, -10, 4, 0
4,14:-4, 0, -8, -10, 4, 2
4,14:-4, 0, -8, 4, -4, -2
4,14:-4, 0, -8, 4, -2, -4
4,14:-4, 0, -8, 4, 0, -10
4,14:-4, 0, -8, 4, 0, -6
-4,3:-4, 0, -2, -10, 6, 10
-4,3:-4, 0, -2, 6, 10, -10
-4,3:-4, 0, -2, 6, 10, -6
9,5:-4, 4, -10, -6, 2, 4
5,8:-4, -12, -14, 0, -10, -14, -6
-4,-3:-4, -12, -8, -14, -14, 2, 4
8,-10:-4, -12, 4, -6, -14, -8, -12
4,-4:-4, -6, -6, -14, 0, 2, 0
-8,-6:-4, -6, -6, -4, -10, 10, 4
-8,-6:-4, -6, -6, -4, -10, 10, 6
-8,-6:-4, -6, -6, -4, -10, 10, 8
-2,0:-4, -6, -6, -4, -8, 8, 4
-2,0:-4, -6, -6, -4, 8, 4, -8
0,-7:-4, -6, -6, 0, 2, -2, -4
13,-11:-4, -6, -6, 2, -10, -12, 0
-2,-4:-4, -6, 6, 6, 12, 16, 0
14,-4:-4, -4, -8, -12, -12, -16, 6
14,-4:-4, -4, -8, -12, -12, -16, 8
14,-4:-4, -4, -8, -12, -12, -16, 10
14,-4:-4, -4, -8, -12, -12, 6, -16
5,-3:-4, -4, 2, 8, -12, -18, -12
5,-3:-4, -4, 2, 8, -12, -16, -20
5,-3:-4, -4, 2, 8, -12, -16, -18
2,-16:-4, -4, 2, 12, 14, -8, -16
10,-6:-4, 0, -12, -12, -6, 8, -8
2,-5:-4, 0, -12, -6, -6, -14, -14
-2,1:-4, 0, -8, -4, -10, -6, 8
4,14:-4, 0, -8, 4, -4, 0, -12
4,14:-4, 0, -8, 4, -4, 0, -10
4,14:-4, 0, -8, 4, -4, 0, -8
8,6:-4, 0, -2, -4, -14, 4, -20
-4,3:-4, 0, -2, -4, 6, 10, -12
-4,3:-4, 0, -2, -4, 6, 10, -10
-4,3:-4, 0, -2, -4, 6, 10, -8
7,9:-4, 0, 4, 4, -8, -12, 2
7,9:-4, 0, 4, 4, -8, 2, -12
7,9:-4, 0, 4, 4, -8, 2, -10
7,9:-4, 0, 4, 4, -8, 2, -8
7,-12:-4, 0, 4, 6, -16, -20, -16
-1,-1:-4, 4, -10, -6, -14, -4, -2
-1,-1:-4, 4, -10, -6, -14, -4, 2
12,-5:-4, 4, -8, -14, -18, -14, 2
12,-5:-4, 4, -8, -14, -18, 2, -14
-9,-4:-4, 4, -8, -14, -12, -6, 8
-9,-4:-4, 4, -8, -14, -12, 8, -6
-9,-4:-4, 4, -8, -14, -12, 8, -4
-9,-4:-4, 4, -8, -14, -12, 8, -2
4,4:-4, 4, -8, -14, 0, -12, -6
23,-5:-4, 4, -8, -14, 0, -6, -36
27,-10:-4, 4, -8, -14, 0, -6, -24
3,-2:-4, 4, -2, -12, -2, -2, -12
7,8:-4, 4, 4, 4, 6, 8, 16
8,9:6, 6, -2, 12, 8, 0, -2
6,-4:6, 6, 2, 4, -4, -8, 8
6,-4:6, 6, 2, 4, -4, -8, 12
6,-4:6, 6, 2, 4, -4, 8, -8
17,4:6, 6, 2, 10, -2, 0, 8
17,4:6, 6, 2, 10, -2, 0, 12
17,4:6, 6, 2, 10, -2, 4, 6
17,4:6, 6, 2, 10, -2, 6, 4
17,4:6, 6, 2, 10, -2, 8, 0
17,4:6, 6, 2, 10, -2, 8, 2
0,5:6, 6, 6, -6, 0, 14, 16
7,3:6, 6, 8, -4, -8, 10, 4
-4,4:6, 6, 8, 6, 10, 14, 10
-3,-8:6, 6, 8, 8, 6, 12, -4
-3,-8:6, 6, 8, 8, 6, 12, -2
-3,-8:6, 6, 8, 8, 6, 12, 0
2,-13:-4, -12, -8, -14, -22, 2, 4, -20
2,-9:-4, -12, -8, -14, -22, 2, 4, -14
2,-9:-4, -12, -8, -14, -22, 2, 4, -8
2,-9:-4, -12, -8, -14, 2, 4, -14, -18
2,-9:-4, -12, -8, -14, 2, 4, -14, -16
2,-9:-4, -12, -8, -14, 2, 4, -14, -14
2,-9:-4, -12, -8, -14, 2, 4, -8, -22
2,-9:-4, -12, -8, -14, 2, 4, -8, -20
2,-9:-4, -12, -8, -14, 2, 4, -8, -18
14,1:-4, -12, -8, -2, -14, -8, -20, -10
3,-12:-4, -12, -8, -2, -14, -8, -18, -12
14,1:-4, -12, -8, -2, -14, -8, -10, -20
14,1:-4, -12, -8, -2, -14, -8, -10, -18
0,-17:-4, -12, -8, 2, 0, -28, -18, -14
-2,7:-4, -12, -6, -14, 8, 2, 8, 12
-9,8:-4, -12, -6, -14, 8, 8, 8, 20
-5,10:-4, -12, -4, 6, -12, -14, 0, 18
-5,10:-4, -12, -4, 6, -12, -14, 18, 0
-5,10:-4, -12, -4, 6, -8, 2, 18, 4
-5,10:-4, -12, -4, 6, -8, 2, 18, 8
-5,10:-4, -12, -4, 6, -8, 8, 18, 2
-5,10:-4, -12, -4, 6, 2, -12, 18, 0
-5,10:-4, -12, -4, 6, 2, 2, 18, -4
-5,10:-4, -12, -4, 6, 2, 2, 18, 0
-5,10:-4, -12, -4, 6, 2, 4, 18, -8
-13,-1:-4, -12, -4, 6, 2, 16, -2, 14
5,9:-4, -12, 4, 4, 6, -8, 10, 6
-4,16:-4, -6, -14, 2, 8, -2, 26, 22
-4,16:-4, -6, -14, 2, 8, 26, 22, -2
7,-11:-4, -6, -14, 6, -4, -6, -16, 10
7,-11:-4, -6, -14, 6, -4, -6, 10, -16
7,-11:-4, -6, -14, 6, -4, 6, -4, -16
-2,-4:-4, -6, -14, 6, 6, 12, 16, 0
11,-3:-4, -6, -8, -2, -10, -20, -8, -12
11,-3:-4, -6, -8, -2, -10, -8, -12, -20
11,-8:-4, -6, -6, -16, -2, -20, -16, 8
11,-8:-4, -6, -6, -16, -2, -20, 8, -16
-8,-6:-4, -6, -6, -4, -10, 0, -2, 6
-8,-6:-4, -6, -6, -4, -10, 10, 0, 2
-8,-6:-4, -6, -6, -4, -10, 10, 0, 4
-8,-6:-4, -6, -6, -4, -10, 10, 0, 6
13,-11:-4, -6, -6, 2, -10, -12, 2, 4
13,-11:-4, -6, -6, 2, -10, -12, 2, 6
13,-11:-4, -6, -6, 2, -10, -12, 4, -2
4,12:-4, -6, -6, 2, -10, 4, 22, 22
-2,-4:-4, -6, 6, 6, 12, 14, 0, 14
8,-16:-4, -4, -8, -18, -4, -14, -8, -16
-1,4:-4, -4, -8, -12, -16, -10, 4, 8
-1,4:-4, -4, -8, -12, -16, 4, 8, -10
-1,4:-4, -4, -8, -12, -16, 4, 8, -4
14,-4:-4, -4, -8, -12, -12, -16, 14, 8
14,-4:-4, -4, -8, -12, -12, -16, 14, 10
14,-4:-4, -4, -8, -12, -12, -16, 14, 12
14,-4:-4, -4, -8, -12, -12, -6, 6, -16
6,14:-4, -4, -8, -2, -12, 0, -10, 10
12,1:-4, -4, -6, -14, -2, 4, -2, -4
5,-3:-4, -4, 2, 8, -12, -18, -20, -26
5,-3:-4, -4, 2, 8, -12, -18, -20, -24
5,-3:-4, -4, 2, 8, -12, -18, -20, -22
5,-3:-4, -4, 2, 8, -12, -16, -14, -14
5,-3:-4, -4, 2, 8, -12, -16, -14, -10
5,-3:-4, -4, 2, 8, -12, -16, -12, -14
13,-2:-4, -4, 2, 8, -12, -16, -12, -4
5,-3:-4, -4, 2, 8, -12, -16, -8, -12
5,-3:-4, -4, 2, 8, -12, -16, -8, -10
5,-3:-4, -4, 2, 8, -12, -16, -8, -8
13,-2:-4, -4, 2, 8, -12, -16, -4, -12
5,-3:-4, -4, 2, 10, 8, -12, -14, 4
5,-3:-4, -4, 2, 10, 8, -12, -14, 8
4,-7:-4, -4, 4, -4, -8, -12, -8, 2
4,-7:-4, -4, 4, -4, -8, -12, -8, 4
4,-7:-4, -4, 4, -4, -8, -12, -8, 6
4,-7:-4, -4, 6, -4, -8, -12, -8, 0
4,-7:-4, -4, 6, -4, -8, -12, -8, 10
9,8:-4, -4, 8, 0, 14, -8, 4, -14
2,10:-4, -4, 8, 6, 10, 2, 14, 10
2,10:-4, -4, 8, 6, 10, 14, 10, 2
5,0:-4, 0, -16, 0, 10, 8, 6, -2
3,0:-4, 0, -12, -12, -6, 4, 14, 0
7,6:-4, 0, -12, -12, 6, 2, 8, 10
2,-5:-4, 0, -12, -6, -6, -14, -12, -10
2,-5:-4, 0, -12, -6, -6, -14, -12, -8
2,-5:-4, 0, -12, -6, -6, -14, -10, -16
8,6:-4, 0, -12, -4, 8, 10, -2, -8
7,-4:-4, 0, -12, 4, 4, -12, 4, -12
3,-8:-4, 0, -12, 8, -2, -2, 14, 10
3,-8:-4, 0, -12, 8, -2, -2, 14, 20
3,-8:-4, 0, -12, 8, -2, -2, 16, 10
3,-8:-4, 0, -12, 8, -2, -2, 18, 18
3,-8:-4, 0, -12, 8, -2, 14, 10, -2
6,2:-4, 0, -8, -10, -4, 10, 0, 6
-9,12:-4, 0, -8, -10, 8, -8, 20, 10
3,9:-4, 0, -8, -10, 8, 2, 12, 8
13,1:-4, 0, -8, -4, -10, -6, -8, -18
6,2:-4, 0, -8, -4, 10, 0, 6, -10
7,-2:-4, 0, -8, -2, -8, 4, 2, -8
4,14:-4, 0, -8, 4, -4, -4, 0, -10
4,14:-4, 0, -8, 4, -4, -4, 0, -8
4,14:-4, 0, -8, 4, -4, -4, 0, -6
9,-1:-4, 0, -4, 6, -6, -10, 0, 4
-4,3:-4, 0, -2, -4, -4, 6, 10, -10
-4,3:-4, 0, -2, -4, -4, 6, 10, -8
-4,3:-4, 0, -2, -4, -4, 6, 10, -6
13,4:-4, 0, 0, -6, -6, 6, 4, 10
13,4:-4, 0, 0, -6, 6, 4, 10, -6
9,9:-4, 0, 0, 10, -6, -6, -10, 10
9,9:-4, 0, 0, 10, -6, -6, 10, -10
9,9:-4, 0, 0, 10, -6, -6, 10, -6
7,9:-4, 0, 4, 4, -8, -16, 2, -14
7,9:-4, 0, 4, 4, -8, -16, 2, -12
7,9:-4, 0, 4, 4, -8, -16, 2, -10
1,-5:-4, 0, 4, 4, 0, 6, 4, 2
5,1:-4, 0, 4, 4, 6, -14, 4, 14
18,-1:-4, 0, 6, -6, -20, -16, -4, 2
18,-1:-4, 0, 6, -6, -20, -16, -4, 4
18,-1:-4, 0, 6, -6, -20, -16, 4, -4
18,-1:-4, 0, 6, -6, -20, -4, 2, -16
12,7:-4, 0, 6, -6, -18, -6, 4, -2
12,7:-4, 0, 6, -6, -6, 4, -2, -18
1,-4:-4, 0, 6, 4, -6, -8, 2, -2
1,-8:-4, 2, 0, -8, -2, 6, -8, -6
12,-19:-4, 2, 0, -8, 4, -28, -22, -20
12,-19:-4, 2, 0, -8, 4, -22, -22, -28
15,4:-4, 2, 6, -14, -8, -12, -18, 4
15,4:-4, 2, 6, -14, -8, -12, 4, -18
15,4:-4, 2, 6, -14, -8, -12, 4, -16
11,12:-4, 2, 6, -8, 2, -10, 10, 4
21,7:-4, 2, 6, 0, -4, -22, -22, 4
21,7:-4, 2, 6, 0, -4, -22, -22, 6
21,7:-4, 2, 6, 0, -4, -22, -22, 8
21,7:-4, 2, 6, 0, -4, -22, 4, -22
21,7:-4, 2, 6, 0, -4, -22, 4, -20
12,-8:-4, 2, 6, 0, -4, -10, 4, -18
-8,1:-4, 2, 6, 2, -2, 0, 8, 12
-8,1:-4, 2, 6, 2, -2, 8, 12, 0
-2,-4:-4, 2, 6, 6, 12, 16, 0, -12
-2,-4:-4, 2, 6, 6, 12, 16, 0, -2
-2,4:-4, 2, 6, 10, 2, -4, -10, 0
-7,-8:-4, 2, 6, 10, 2, -2, 2, 14
-7,-8:-4, 2, 6, 10, 2, -2, 2, 18
-7,-8:-4, 2, 6, 10, 2, -2, 14, 2
-1,-1:-4, 4, -10, -6, -14, -4, 0, 4
-1,-1:-4, 4, -10, -6, -14, -4, 0, 6
-1,-1:-4, 4, -10, -6, -14, -4, 0, 8
-1,-1:-4, 4, -10, -6, -14, -4, 4, 4
10,-10:-4, 4, -10, -6, -14, 2, 6, -12
11,-8:-4, 4, -10, -6, 2, -10, -8, 2
11,-8:-4, 4, -10, -6, 2, -10, 2, -8
11,-8:-4, 4, -10, -6, 2, -10, 2, -6
11,-8:-4, 4, -10, -6, 2, -10, 2, -4
11,-8:-4, 4, -10, -6, 2, -10, 6, 18
15,14:-4, 4, -10, -6, 6, 6, 2, 2
6,5:-4, 4, -10, 0, -14, -20, -2, 2
6,5:-4, 4, -10, 0, -14, -2, 2, -20
6,0:-4, 4, -10, 0, -6, -12, 0, -4
10,-5:-4, 4, -8, -16, 0, -10, -16, -22
12,-5:-4, 4, -8, -14, -18, -14, -4, -4
12,-5:-4, 4, -8, -14, -18, -14, -4, -2
12,-5:-4, 4, -8, -14, -18, -14, 0, -4
-9,-4:-4, 4, -8, -14, -12, -10, 8, -8
-9,-4:-4, 4, -8, -14, -12, -10, 8, -6
-9,-4:-4, 4, -8, -14, -12, -10, 8, -4
4,4:-4, 4, -8, -14, 0, -12, -10, -6
23,-5:-4, 4, -8, -14, 0, -6, -34, -40
27,-10:-4, 4, -8, -14, 0, -6, -26, -20
-3,-7:-4, 4, -8, 6, -4, -2, 2, -2
13,-21:-4, 4, -4, -26, -22, -28, -28, -18
7,4:-4, 4, -4, -26, -20, -8, -26, 0
15,-19:-4, 4, -4, -26, -20, -8, -8, -32
7,4:-4, 4, -4, -26, -20, -8, 0, -26
7,4:-4, 4, -4, -26, -20, -8, 0, -24
-5,-4:-4, 4, -2, -14, 2, 10, -10, 10
-5,-4:-4, 4, -2, -14, 2, 10, -10, 20
-5,-4:-4, 4, -2, -14, 2, 10, 10, -10
8,5:-4, 4, -2, -14, 6, 2, 2, -2
0,-6:-4, 4, -2, -12, 6, 4, -12, -4
-1,-1:-4, 4, -2, -8, 6, 4, 2, -8
-1,-1:-4, 4, -2, -8, 6, 4, 2, -6
-3,1:-4, 4, 4, 4, 14, -2, -8, 2
3,-8:-4, 4, 6, 2, -10, -8, 0, 12
3,-8:-4, 4, 6, 2, -10, -8, 0, 14
3,-8:-4, 4, 6, 2, -10, -8, 0, 16
3,-8:-4, 4, 6, 2, -10, -8, 12, 0
3,-8:-4, 4, 6, 2, -10, -8, 12, 2
3,-8:-4, 4, 6, 2, -10, -8, 12, 4
3,-8:-4, 4, 6, 2, -10, 0, 12, -8
-5,-3:6, -4, -4, -6, -6, -4, -10, 2
-5,-3:6, -4, -4, -6, -6, -4, -10, 4
-5,-3:6, -4, -4, -6, -6, -4, -10, 6
7,-4:6, -4, -4, -6, -4, -8, -12, -8
6,7:6, -4, -4, -6, 6, 10, -10, -2
8,0:6, -4, -4, -4, 2, 8, -12, -14
7,17:6, -4, -4, 0, -8, -10, 4, 0
7,17:6, -4, -4, 0, -8, -10, 4, 2
7,17:6, -4, -4, 0, -8, 4, -4, -2
7,17:6, -4, -4, 0, -8, 4, -2, -4
7,17:6, -4, -4, 0, -8, 4, 0, -10
7,17:6, -4, -4, 0, -8, 4, 0, -6
-1,6:6, -4, -4, 0, -2, -10, 6, 10
-1,6:6, -4, -4, 0, -2, 6, 10, -10
-1,6:6, -4, -4, 0, -2, 6, 10, -6
12,8:6, -4, -4, 4, -10, -6, 2, 4
11,7:6, 6, -2, -2, -2, -4, -6, -14
1,3:6, 6, -2, 4, 8, 4, 4, 14
-2,12:6, 6, -2, 10, 0, 16, 20, 16
-7,27:6, 6, -2, 10, 2, 16, 8, 26
-2,23:6, 6, -2, 10, 2, 16, 8, 38
7,4:6, 6, -2, 10, 2, 16, 14, 8
-1,-9:6, 6, -2, 10, 16, 14, -6, 4
-1,-9:6, 6, -2, 10, 16, 14, -6, 6
-1,-9:6, 6, -2, 10, 16, 14, -6, 8
-1,-9:6, 6, -2, 10, 16, 14, 4, -6
-2,12:6, 6, -2, 10, 16, 20, 16, 0
2,-1:6, 6, -2, 12, 8, 16, 6, 0
2,-1:6, 6, -2, 12, 8, 16, 6, 4
-7,8:6, 6, -2, 14, 8, 16, 10, 14
-3,10:6, 6, 2, -6, 12, 8, 14, 10
-9,7:6, 6, 2, -2, -4, 18, 22, 18
12,7:6, 6, 2, -2, -2, 10, 0, 10
12,7:6, 6, 2, -2, -2, 10, 0, 12
12,7:6, 6, 2, -2, -2, 10, 0, 14
12,7:6, 6, 2, -2, -2, 10, 12, 0
6,-4:6, 6, 2, 4, -4, -8, 6, 10
6,-4:6, 6, 2, 4, -4, -8, 6, 12
6,-4:6, 6, 2, 4, -4, -8, 6, 14
9,8:6, 6, 2, 4, -2, 6, 16, 22
17,4:6, 6, 2, 10, -2, 0, 6, 10
17,4:6, 6, 2, 10, -2, 0, 6, 12
17,4:6, 6, 2, 10, -2, 0, 6, 14
4,-2:6, 6, 2, 10, 6, 12, 8, -6
-2,2:6, 6, 2, 12, 8, 8, 16, 16
0,5:6, 6, 6, -6, 0, 14, 18, 20
0,5:6, 6, 6, -6, 0, 14, 18, 22
0,5:6, 6, 6, -6, 0, 14, 20, 14
-13,2:6, 6, 6, 0, -10, -12, 10, 18
-1,14:6, 6, 6, 10, 14, -8, 14, 18
-1,14:6, 6, 6, 10, 14, 14, 18, -8
-1,14:6, 6, 6, 10, 14, 14, 18, -6
-1,14:6, 6, 6, 10, 14, 14, 18, -4
-1,-2:6, 6, 8, -4, -4, -10, -18, 2
-4,0:6, 6, 8, 8, 0, 2, 4, 6
-1,4:6, 6, 8, 8, 0, 2, 16, 2
-8,13:6, 6, 8, 8, 0, 12, 14, 2
3,-2:6, 6, 8, 8, 6, -6, -2, 10
3,-2:6, 6, 8, 8, 6, -6, 10, -2
-3,-8:6, 6, 8, 8, 6, 12, -8, -6
-3,-8:6, 6, 8, 8, 6, 12, -8, -4
-3,-8:6, 6, 8, 8, 6, 12, -8, -2
11,5:6, 6, 14, 2, 16, 12, 16, 8
0,-4:6, 6, 14, 10, 16, 16, 0, -2
-1,14:-4, -14, -8, 20, 12, 26, 22, 14, 12
-3,1:-4, -14, -8, 20, 16, 18, 10, 6, 22
-3,1:-4, -14, -8, 20, 16, 18, 10, 6, 26
-3,1:-4, -14, -8, 20, 16, 18, 10, 22, 6
8,9:-4, -14, -8, 20, 16, 24, 12, 14, 22
8,9:-4, -14, -8, 20, 16, 24, 12, 14, 26
8,9:-4, -14, -8, 20, 16, 24, 12, 18, 20
8,9:-4, -14, -8, 20, 16, 24, 12, 20, 18
8,9:-4, -14, -8, 20, 16, 24, 12, 22, 14
8,9:-4, -14, -8, 20, 16, 24, 12, 22, 16
-9,10:-4, -14, -8, 20, 20, 8, 14, 28, 30
-2,8:-4, -14, -8, 20, 22, 10, 6, 24, 18
-13,9:-4, -14, -8, 20, 22, 20, 24, 28, 24
-12,-3:-4, -14, -8, 20, 22, 22, 20, 26, 10
-12,-3:-4, -14, -8, 20, 22, 22, 20, 26, 12
-12,-3:-4, -14, -8, 20, 22, 22, 20, 26, 14
-18,17:-4, -14, 10, 10, 2, 6, 2, 28, 38
10,-1:-4, -14, 10, 10, 2, 18, 4, -4, 8
10,8:-4, -14, 10, 10, 8, 6, 10, 0, 12
-4,3:-4, -14, 10, 10, 14, 2, 8, 8, 0
19,12:-4, -14, 14, -2, -10, 4, 0, -8, -10
17,-1:-4, -14, 14, -2, -6, -4, -12, -16, 0
17,-1:-4, -14, 14, -2, -6, -4, -12, -16, 4
17,-1:-4, -14, 14, -2, -6, -4, -12, 0, -16
28,7:-4, -14, 14, -2, -6, 2, -10, -8, 0
28,7:-4, -14, 14, -2, -6, 2, -10, -8, 4
28,7:-4, -14, 14, -2, -6, 2, -10, -4, -2
28,7:-4, -14, 14, -2, -6, 2, -10, -2, -4
28,7:-4, -14, 14, -2, -6, 2, -10, 0, -8
28,7:-4, -14, 14, -2, -6, 2, -10, 0, -6
11,8:-4, -14, 14, -2, -2, -14, -8, 6, 8
18,6:-4, -14, 14, -2, 0, -12, -16, 2, -4
7,7:-4, -14, 14, -2, 0, -2, 2, 6, 2
8,-5:-4, -14, 14, -2, 0, 0, -2, 4, -12
8,-5:-4, -14, 14, -2, 0, 0, -2, 4, -10
8,-5:-4, -14, 14, -2, 0, 0, -2, 4, -8
13,-6:-4, -12, -14, -4, -6, -20, -16, -8, -2
13,-6:-4, -12, -14, -4, -6, -20, -16, -8, 0
13,-6:-4, -12, -14, -4, -6, -20, -16, -8, 2
13,-6:-4, -12, -14, -4, -6, -20, -16, -2, -8
13,-6:-4, -12, -14, -4, -6, -20, -16, -2, -6
13,-6:-4, -12, -14, -4, -6, -20, -16, -2, -4
13,-6:-4, -12, -14, -4, -6, -20, -8, -2, -16
4,3:-4, -12, -14, -4, -6, -18, -4, 4, -4
4,3:-4, -12, -14, -4, -6, -4, 4, -4, -18
-5,10:-4, -12, -14, -4, 6, -8, 8, 18, -4
-5,10:-4, -12, -14, -4, 6, -8, 8, 18, 0
-5,10:-4, -12, -14, -4, 6, 0, -4, 6, 18
9,13:-4, -12, -14, -4, 6, 2, -4, 8, 16
4,8:-4, -12, -14, -4, 6, 14, 8, -4, -10
4,8:-4, -12, -14, -4, 6, 14, 8, -4, -8
3,-2:-4, -12, -14, 0, -12, -8, -6, 2, 8
2,2:-4, -12, -14, 0, -2, 2, -8, 6, 2
9,17:-4, -12, -14, 4, -6, -2, -10, -12, 2
9,17:-4, -12, -14, 4, -6, -2, -10, 2, -8
9,17:-4, -12, -14, 4, -6, -2, -10, 2, -6
9,17:-4, -12, -14, 4, -6, -2, -10, 2, -4
2,-9:-4, -12, -8, -14, -22, 2, 4, -12, -16
2,-9:-4, -12, -8, -14, -22, 2, 4, -12, -14
2,-9:-4, -12, -8, -14, -22, 2, 4, -12, -12
16,-8:-4, -12, -8, -14, -20, -20, -4, -6, -10
16,-8:-4, -12, -8, -14, -20, -20, -4, -6, 0
3,-5:-4, -12, -8, -14, -20, 0, -10, -2, -6
-2,-3:-4, -12, -8, -14, -14, -20, -8, -2, 2
-2,-3:-4, -12, -8, -14, -14, -20, -2, 2, -8
-2,-3:-4, -12, -8, -14, -14, -8, -2, 2, -20
-2,-3:-4, -12, -8, -14, -14, -8, -2, 2, -10
3,-12:-4, -12, -8, -14, -8, -14, -14, -12, -2
3,-12:-4, -12, -8, -14, -8, -14, -14, -12, 2
16,-8:-4, -12, -8, -14, -4, -12, -14, -6, -2
2,-9:-4, -12, -8, -14, 2, 4, -24, -8, -24
2,-9:-4, -12, -8, -14, 2, 4, -14, -22, -20
2,-9:-4, -12, -8, -14, 2, 4, -14, -22, -18
2,-9:-4, -12, -8, -14, 2, 4, -14, -22, -16
0,-4:-4, -12, -8, -4, -14, -20, -6, -14, -12
0,-4:-4, -12, -8, -4, -14, -20, -6, -14, -8
20,-14:-4, -12, -8, 2, 0, -30, -26, -20, -16
20,-14:-4, -12, -8, 2, 0, -18, -16, -30, -26
9,4:-4, -12, -6, -16, -2, -6, -2, 8, 8
9,4:-4, -12, -6, -16, -2, -6, 8, 8, -2
-2,-10:-4, -12, -6, -16, -2, 0, -12, -2, -6
4,-8:-4, -12, -6, -4, -4, 0, 0, 10, 0
4,-8:-4, -12, -6, -4, -4, 0, 0, 10, 2
4,-8:-4, -12, -6, -4, -4, 0, 0, 10, 4
-1,3:-4, -12, -6, -2, -8, -10, -8, 6, 12
9,4:-4, -12, -6, -2, -6, -2, 8, 8, -16
9,4:-4, -12, -6, -2, -6, -2, 8, 8, -12
7,10:-4, -12, -6, -2, -4, -6, -8, 0, -6
7,10:-4, -12, -6, -2, -4, -6, -8, 0, -4
0,-7:-4, -12, -6, 0, -8, 0, 2, -2, -4
30,1:-4, -12, -4, -2, 2, 12, -4, -14, -20
-5,10:-4, -12, -4, 6, -12, -14, -8, 18, -14
-5,10:-4, -12, -4, 6, -12, -14, -8, 18, -12
-5,10:-4, -12, -4, 6, -12, -14, -8, 18, -10
5,2:-4, -12, -4, 6, -12, -10, -16, -4, 20
-5,10:-4, -12, -4, 6, -12, -8, 8, 18, -12
6,-1:-4, -12, -4, 6, -12, 4, -2, 2, -26
-5,10:-4, -12, -4, 6, -10, -6, 8, 18, 2
8,-1:-4, -12, -4, 6, -10, 2, -6, 4, 10
8,-1:-4, -12, -4, 6, -10, 2, -6, 4, 12
8,-1:-4, -12, -4, 6, -10, 2, -6, 10, 4
8,-1:-4, -12, -4, 6, -10, 2, -6, 10, 8
8,-1:-4, -12, -4, 6, -10, 2, 4, 10, -6
-5,10:-4, -12, -4, 6, -10, 2, 4, 18, -14
-5,10:-4, -12, -4, 6, -10, 2, 4, 18, -12
8,-1:-4, -12, -4, 6, -10, 16, 12, -6, 10
8,-1:-4, -12, -4, 6, -10, 16, 12, -6, 12
8,-1:-4, -12, -4, 6, -10, 18, 2, -6, 16
-5,10:-4, -12, -4, 6, -8, -6, 2, -2, 18
-5,10:-4, -12, -4, 6, -8, -4, 8, 18, -4
-5,10:-4, -12, -4, 6, -8, -4, 8, 18, -2
-5,10:-4, -12, -4, 6, -8, 0, 8, 18, -14
-5,10:-4, -12, -4, 6, -8, 0, 8, 18, -4
-5,10:-4, -12, -4, 6, -8, 2, 2, 18, 2
-5,10:-4, -12, -4, 6, -8, 2, 6, 18, -2
-5,10:-4, -12, -4, 6, -8, 2, 6, 18, 0
-5,10:-4, -12, -4, 6, -8, 2, 6, 18, 2
-1,11:-4, -12, -4, 6, -8, 16, 2, 4, 14
-1,11:-4, -12, -4, 6, -8, 16, 2, 14, 4
-5,10:-4, -12, -4, 6, -4, -8, 18, 6, -2
-5,10:-4, -12, -4, 6, -4, 6, 0, 18, -4
-5,10:-4, -12, -4, 6, 2, -12, 4, 18, -6
-5,10:-4, -12, -4, 6, 2, 0, -10, 18, -4
-5,10:-4, -12, -4, 6, 2, 0, -8, 18, -2
-5,10:-4, -12, -4, 6, 2, 0, 6, 6, 18
-5,10:-4, -12, -4, 6, 2, 0, 6, 18, -2
-5,10:-4, -12, -4, 6, 2, 2, 2, 18, -6
-5,10:-4, -12, -4, 6, 2, 2, 2, 18, -4
-5,10:-4, -12, -4, 6, 2, 2, 2, 18, -2
-13,-1:-4, -12, -4, 6, 2, 16, -2, -2, 2
-13,-1:-4, -12, -4, 6, 2, 16, -2, -2, 12
-13,-1:-4, -12, -4, 6, 2, 16, -2, 12, -2
-13,-1:-4, -12, -4, 6, 2, 16, -2, 12, 0
-13,-1:-4, -12, -4, 6, 2, 16, -2, 12, 2
-5,10:-4, -12, -4, 6, 8, 6, 4, 18, 2
4,8:-4, -12, -4, 6, 14, 8, -4, -10, -14
4,8:-4, -12, -4, 6, 14, 8, -4, -10, -4
-1,11:-4, -12, -4, 6, 16, 2, -12, 14, 0
-1,11:-4, -12, -4, 6, 16, 2, 2, 14, -4
-1,11:-4, -12, -4, 6, 16, 2, 2, 14, 0
-1,11:-4, -12, -4, 6, 16, 2, 4, 14, -8
15,2:-4, -12, 0, -10, -4, -6, -14, -10, 2
15,2:-4, -12, 0, -10, -4, -6, -14, 2, -10
9,0:-4, -12, 0, -4, -10, -2, 0, 2, -6
10,3:-4, -12, 0, -4, -8, -8, -10, -20, -16
10,3:-4, -12, 0, -4, -8, -8, -10, -16, -20
17,-5:-4, -12, 0, -4, -8, -4, -12, -34, -4
17,-5:-4, -12, 0, -4, -8, -4, -12, -34, 0
17,-5:-4, -12, 0, -4, -8, -4, -12, -4, -34
9,2:-4, -12, 0, -4, -8, -4, -8, 2, -4
3,-2:-4, -12, 0, -4, -8, 4, -6, -14, -10
-8,6:-4, -12, 0, -4, -6, -10, 0, -6, 4
-1,5:-4, -12, 0, -4, 6, 10, -14, 12, 18
-1,5:-4, -12, 0, -4, 6, 10, 12, 18, -14
15,1:-4, -12, 0, -2, -12, -6, -8, -12, 2
15,1:-4, -12, 0, -2, -12, -6, -8, 2, -12
4,4:-4, -12, 0, -2, -2, 6, -12, -8, 2
7,-5:-4, -12, 0, -2, -2, 6, 10, 2, -10
2,2:-4, -12, 0, -2, 2, -8, 6, 2, -14
8,-10:-4, -12, 4, -6, -8, -8, -8, -12, -4
8,-10:-4, -12, 4, -6, -8, -8, -8, -12, -2
8,-10:-4, -12, 4, -6, -8, -8, -8, -12, 0
1,3:-4, -12, 4, 4, 4, 6, -8, -20, 0
1,3:-4, -12, 4, 4, 4, 6, -8, 0, -20
1,3:-4, -12, 4, 4, 4, 6, -8, 0, -10
1,5:-4, -12, 4, 6, -8, -14, -20, -14, -16
1,-10:-4, -12, 4, 6, 10, 0, 6, -12, -8
-3,3:-4, -6, -14, 2, 4, 0, 6, 12, 8
1,3:-4, -6, -14, 2, 4, 4, 2, 4, 4
-1,9:-4, -6, -14, 2, 4, 12, 16, 6, 12
-2,9:-4, -6, -14, 2, 4, 14, 8, 10, 14
-1,3:-4, -6, -14, 2, 6, 10, 6, 10, 6
5,5:-4, -6, -14, 2, 12, 6, 18, 6, 14
5,5:-4, -6, -14, 2, 12, 6, 18, 6, 22
-4,2:-4, -6, -14, 6, -4, -16, -14, 12, 8
-4,2:-4, -6, -14, 6, -4, -16, 12, 8, -14
-4,2:-4, -6, -14, 6, -4, -14, 12, 8, -12
-4,2:-4, -6, -14, 6, -4, -14, 12, 8, -6
-4,2:-4, -6, -14, 6, -4, -12, 12, 8, -18
7,-11:-4, -6, -14, 6, -4, -6, -16, 12, 14
7,-11:-4, -6, -14, 6, -4, -6, -16, 12, 16
7,-11:-4, -6, -14, 6, -4, -6, -16, 14, 8
-4,2:-4, -6, -14, 6, -4, -6, 12, 8, -10
-4,2:-4, -6, -14, 6, -4, -6, 12, 8, -8
7,-11:-4, -6, -14, 6, -4, 6, -16, -2, -2
7,-11:-4, -6, -14, 6, -4, 6, -16, 0, -4
7,-11:-4, -6, -14, 6, -4, 6, -16, 0, 6
7,-11:-4, -6, -14, 6, -4, 6, -16, 2, 0
7,-11:-4, -6, -14, 6, -4, 6, -16, 2, 2
7,-11:-4, -6, -14, 6, -4, 6, -16, 2, 4
7,-11:-4, -6, -14, 6, -4, 6, -16, 8, 6
5,8:-4, -6, -14, 6, -2, -22, -10, -20, 2
13,-25:-4, -6, -8, -16, -22, -28, -12, -8, -36
10,-7:-4, -6, -8, -6, -2, -10, -14, -18, -14
14,-23:-4, -6, -8, -4, -14, -2, -34, -28, -26
14,-23:-4, -6, -8, -4, -14, -2, -28, -28, -34
0,1:-4, -6, -6, -16, -6, -12, 0, 0, -16
0,1:-4, -6, -6, -16, -6, -12, 0, 0, -8
4,-5:-4, -6, -6, -16, -6, -10, 2, 0, -6
-2,-7:-4, -6, -6, -16, 0, -6, 2, 4, -2
-2,-5:-4, -6, -6, -16, 0, -4, 0, -4, 0
4,-6:-4, -6, -6, -16, 2, -8, -2, -4, -8
5,-2:-4, -6, -6, -14, -14, -6, -8, -4, 4
5,-2:-4, -6, -6, -14, -14, -6, -8, -4, 6
5,-2:-4, -6, -6, -14, -14, -6, -8, -4, 8
5,-2:-4, -6, -6, -14, -14, -6, -8, 4, -4
-9,-1:-4, -6, -6, -14, -14, -2, -10, -2, 8
-9,-1:-4, -6, -6, -14, -14, -2, -2, -4, 8
-9,-1:-4, -6, -6, -14, -14, -2, -2, 8, -4
-9,-1:-4, -6, -6, -14, -14, -2, -2, 8, -2
-9,-1:-4, -6, -6, -14, -14, -2, -2, 8, 0
5,-11:-4, -6, -6, -14, -14, 0, 2, -2, -14
-8,-6:-4, -6, -6, -4, -10, 0, -10, -4, 18
-8,-6:-4, -6, -6, -4, -10, 0, -10, -4, 20
-8,-6:-4, -6, -6, -4, -10, 0, -10, -4, 22
-8,-6:-4, -6, -6, -4, -10, 0, -10, 18, -4
-8,-6:-4, -6, -6, -4, -10, 0, -10, 18, -2
-8,-6:-4, -6, -6, -4, -10, 0, -10, 18, 0
-8,-6:-4, -6, -6, -4, -10, 0, -2, -10, 0
-8,-6:-4, -6, -6, -4, -10, 0, -2, -10, 4
-8,-6:-4, -6, -6, -4, -10, 0, -2, 0, 0
-8,-6:-4, -6, -6, -4, -10, 0, -2, 0, 2
-8,-6:-4, -6, -6, -4, -10, 0, -2, 4, -10
-8,-6:-4, -6, -6, -4, -10, 0, -2, 4, 0
-8,-6:-4, -6, -6, -4, -10, 0, 6, 6, -8
-8,-6:-4, -6, -6, -4, -10, 0, 6, 6, 2
-8,-6:-4, -6, -6, -4, -10, 10, 0, 10, 4
-8,-6:-4, -6, -6, -4, -10, 10, 0, 10, 6
-8,-6:-4, -6, -6, -4, -10, 10, 0, 10, 8
-8,-6:-4, -6, -6, -4, -10, 10, 10, 12, 4
5,4:-4, -6, -6, -4, 2, -8, 2, -2, 2
-18,-9:-4, -6, -6, -4, 8, -2, -4, -2, 2
-11,2:-4, -6, -6, 0, -8, -18, -4, -10, 16
2,-2:-4, -6, -6, 0, -8, -18, -4, -8, -4
3,2:-4, -6, -6, 0, -8, -16, 4, -12, -24
3,2:-4, -6, -6, 0, -8, -16, 4, -12, -22
3,2:-4, -6, -6, 0, -8, -16, 4, -12, -20
-3,-8:-4, -6, -6, 0, -4, 2, 0, -14, -2
8,-1:-4, -6, -6, 0, -2, 2, -4, -10, -14
-2,-6:-4, -6, -6, 2, -10, -12, -20, 2, -2
13,-11:-4, -6, -6, 2, -10, -12, 2, -6, -6
13,-11:-4, -6, -6, 2, -10, -12, 2, -6, -4
13,-11:-4, -6, -6, 2, -10, -12, 2, -6, -2
-2,-6:-4, -6, -6, 2, -10, -12, 2, -2, -20
13,-11:-4, -6, -6, 2, -10, -12, 2, -2, 0
13,-11:-4, -6, -6, 2, -10, -12, 2, 0, -4
13,-11:-4, -6, -6, 2, -10, -12, 2, 0, 0
13,-11:-4, -6, -6, 2, -10, -12, 4, 6, 8
13,-11:-4, -6, -6, 2, -10, -12, 4, 6, 10
13,-11:-4, -6, -6, 2, -10, -12, 4, 6, 12
4,-7:-4, -6, -6, 2, 4, -6, 6, -14, 8
4,-7:-4, -6, -6, 2, 4, -6, 6, -14, 12
2,10:-4, -6, -6, 4, -10, -4, 14, 10, -14
13,-17:-4, -6, -6, 4, -6, -16, -18, -28, -2
13,-17:-4, -6, -6, 4, -6, -16, -18, -2, -28
13,-17:-4, -6, -6, 4, -6, -16, -6, -16, -28
4,-10:-4, -6, -6, 4, -6, -6, 0, 4, -12
19,-12:-4, -6, -4, -8, -14, -14, -32, -28, -4
19,-12:-4, -6, -4, -8, -14, -14, -32, -4, -28
-6,-10:-4, -6, 0, -8, -12, -12, -10, -16, -4
-6,-10:-4, -6, 0, -8, -12, -12, -10, -16, -2
-6,-10:-4, -6, 0, -8, -12, -12, -10, -16, 0
6,-11:-4, -6, 0, -8, -12, -10, -14, -18, -14
5,0:-4, -6, 0, -8, -12, 0, 4, -16, -8
7,-7:-4, -6, 0, -8, -10, -4, 2, -18, -20
6,10:-4, -6, 0, -8, -6, -14, -16, -2, -6
6,10:-4, -6, 0, -8, -6, -14, -16, -2, -4
6,10:-4, -6, 0, -8, -6, -14, -2, -10, -8
6,10:-4, -6, 0, -8, -6, -14, -2, -8, -10
6,10:-4, -6, 0, -8, -6, -14, -2, -6, -16
6,10:-4, -6, 0, -8, -6, -14, -2, -6, -12
-2,-1:-4, -6, 0, -8, -6, -8, -16, 0, 4
-2,-1:-4, -6, 0, -8, -6, -8, 0, 4, -16
-2,-1:-4, -6, 0, -8, -6, -8, 0, 4, -12
11,1:-4, -6, 0, -8, -2, -16, -12, -4, -2
4,-14:-4, -6, 0, -2, -30, -16, -16, -12, -16
4,-14:-4, -6, 0, -2, -16, -16, -12, -16, -30
4,-14:-4, -6, 0, -2, -16, -16, -12, -16, -22
24,-10:-4, -6, 0, -2, -14, -32, -32, -28, -32
6,-3:-4, -6, 6, -8, -20, -20, -10, -6, 4
6,-3:-4, -6, 6, -8, -20, -20, -10, 4, -6
0,3:-4, -6, 6, -8, -20, -14, -10, 6, -2
0,3:-4, -6, 6, -8, -20, -14, 6, -2, -10
0,3:-4, -6, 6, -8, -20, -14, 6, -2, -8
0,3:-4, -6, 6, -8, -20, -14, 6, -2, -6
7,-5:-4, -6, 6, -8, -12, -24, -16, 0, 4
0,3:-4, -6, 6, -8, -12, -16, 0, 2, -20
7,-5:-4, -6, 6, -8, -12, -16, 0, 4, -24
7,-5:-4, -6, 6, -8, -12, -16, 0, 4, -22
-6,12:-4, -6, 6, 0, -8, -16, 8, 24, 20
-6,12:-4, -6, 6, 0, -8, -16, 24, 20, 8
6,2:-4, -6, 6, 4, -8, -12, -12, -8, -14
6,2:-4, -6, 6, 4, -8, -12, -12, -8, -12
6,2:-4, -6, 6, 4, -8, -12, -12, -8, -10
-2,-4:-4, -6, 6, 6, 12, 10, 12, 0, 10
-2,-4:-4, -6, 6, 6, 12, 10, 12, 0, 12
-2,-4:-4, -6, 6, 6, 12, 10, 12, 0, 14
-2,-4:-4, -6, 6, 6, 12, 10, 16, 0, 4
-2,-4:-4, -6, 6, 6, 12, 10, 16, 0, 14
-2,-4:-4, -6, 6, 6, 12, 14, 0, 6, 0
-2,-4:-4, -6, 6, 6, 12, 14, 0, 6, 2
-2,-4:-4, -6, 6, 6, 12, 14, 0, 6, 4
4,-1:-4, -6, 6, 6, 12, 18, 0, 2, 14
4,-1:-4, -6, 6, 6, 12, 18, 0, 2, 18
-2,-4:-4, -6, 6, 6, 12, 18, 18, 0, 12
-2,-4:-4, -6, 6, 6, 12, 18, 18, 0, 14
-2,-4:-4, -6, 6, 6, 12, 18, 18, 0, 16
-3,8:-4, -6, 6, 10, -14, -4, -2, -4, 14
-3,8:-4, -6, 6, 10, -14, -4, -2, 14, -4
-3,8:-4, -6, 6, 10, -14, -4, -2, 14, 0
6,5:-4, -6, 6, 10, -14, 2, 2, 8, -8
10,10:-4, -6, 6, 10, -10, 0, 4, -14, -10
14,4:-4, -6, 6, 10, 2, -6, 2, 0, -2
0,11:-4, -4, -14, -4, 12, 16, -4, -4, 8
0,11:-4, -4, -14, -4, 12, 16, -4, -4, 18
0,11:-4, -4, -14, -4, 12, 16, -4, 8, -4
0,11:-4, -4, -14, -4, 12, 16, -4, 8, 0
10,4:-4, -4, -14, -2, 8, -2, 0, -6, 4
10,4:-4, -4, -14, -2, 8, -2, 0, -6, 6
10,4:-4, -4, -14, -2, 8, -2, 0, -6, 8
8,8:-4, -4, -14, 2, -6, 2, 2, 4, 8
7,9:-4, -4, -14, 2, 8, 12, 2, -4, 4
7,9:-4, -4, -14, 2, 8, 12, 2, 4, -4
9,17:-4, -4, -14, 2, 12, 18, 16, -4, -4
9,17:-4, -4, -14, 2, 12, 18, 16, -4, -2
9,17:-4, -4, -14, 2, 12, 18, 16, -4, 0
2,10:-4, -4, -14, 8, 6, 10, 14, 10, -4
2,10:-4, -4, -14, 8, 6, 10, 14, 10, 0
4,14:-4, -4, -14, 10, 12, -10, -6, -4, 12
4,14:-4, -4, -14, 10, 12, -10, -6, 12, -4
4,14:-4, -4, -14, 10, 12, -10, -6, 12, 0
16,-9:-4, -4, -8, -18, -4, -14, -2, -12, -26
15,8:-4, -4, -8, -12, -16, -14, -8, -4, 6
15,8:-4, -4, -8, -12, -16, -14, -8, 6, -4
-1,4:-4, -4, -8, -12, -16, -14, 4, 8, -6
8,9:-4, -4, -8, -12, -16, -8, 6, -8, 4
-1,4:-4, -4, -8, -12, -16, -6, 4, 8, -14
-1,4:-4, -4, -8, -12, -16, -6, 4, 8, -12
-1,4:-4, -4, -8, -12, -16, -6, 4, 8, -10
13,2:-4, -4, -8, -12, -14, -8, -12, -8, 6
13,2:-4, -4, -8, -12, -14, -8, -12, -8, 8
13,2:-4, -4, -8, -12, -14, -8, -12, -8, 10
13,2:-4, -4, -8, -12, -14, -8, -12, 6, -8
14,-4:-4, -4, -8, -12, -12, -16, 4, 2, 10
14,-4:-4, -4, -8, -12, -12, -16, 14, 4, 6
14,-4:-4, -4, -8, -12, -12, -16, 14, 4, 8
14,-4:-4, -4, -8, -12, -12, -16, 14, 4, 10
14,-4:-4, -4, -8, -12, -12, -6, 0, -16, 10
14,-4:-4, -4, -8, -12, -12, -6, 0, 12, -16
14,-4:-4, -4, -8, -12, -12, 0, -16, -14, 6
14,-4:-4, -4, -8, -12, -12, 0, -16, 6, -14
14,-4:-4, -4, -8, -12, -12, 0, -16, 6, -12
14,-4:-4, -4, -8, -12, -12, 0, -16, 6, -10
10,4:-4, -4, -8, -12, -12, 0, -16, 8, -10
14,-4:-4, -4, -8, -12, -12, 0, -16, 8, -6
14,-4:-4, -4, -8, -12, -10, 0, -12, -16, 6
6,1:-4, -4, -8, -12, -10, 0, -10, 0, -8
10,-1:-4, -4, -8, -12, -6, 0, 12, -16, -8
13,11:-4, -4, -8, -12, 0, -16, 4, 0, 8
13,11:-4, -4, -8, -12, 0, -16, 4, 0, 10
13,11:-4, -4, -8, -12, 0, -16, 4, 10, 0
10,-1:-4, -4, -8, -12, 0, 0, -16, -8, 6
10,-1:-4, -4, -8, -12, 0, 0, -16, -8, 8
10,-1:-4, -4, -8, -12, 0, 0, -16, -8, 10
6,10:-4, -4, -8, -10, -20, -6, 14, 10, 6
10,11:-4, -4, -8, -10, -20, -2, 8, 4, -2
-1,12:-4, -4, -8, -10, -20, 10, 8, -8, 16
-6,3:-4, -4, -8, -10, -16, -10, 8, 6, 12
26,-5:-4, -4, -8, -10, -2, -16, -12, -20, -10
10,11:-4, -4, -8, -10, -2, 8, 4, -2, -20
10,11:-4, -4, -8, -10, -2, 8, 4, -2, -10
3,8:-4, -4, -8, -10, 8, 6, -16, 10, 8
3,8:-4, -4, -8, -10, 8, 6, -16, 10, 10
10,7:-4, -4, -8, -2, 8, -4, -10, -12, 4
10,7:-4, -4, -8, -2, 8, -4, -10, 4, -12
10,7:-4, -4, -8, -2, 8, -4, -10, 4, -8
8,10:-4, -4, -8, 6, -4, -14, 12, -4, -20
8,10:-4, -4, -8, 6, -4, -14, 12, -4, -10
8,0:-4, -4, -8, 8, -6, -2, -18, -10, 4
8,0:-4, -4, -8, 8, -6, -2, -18, -10, 6
8,0:-4, -4, -8, 8, -6, -2, -18, -10, 8
8,0:-4, -4, -8, 8, -6, -2, -18, 4, -10
11,2:-4, -4, -8, 8, 6, -6, -8, 8, -6
4,1:-4, -4, -8, 8, 12, -12, -14, 6, 0
4,1:-4, -4, -8, 8, 12, -12, 6, 0, -14
14,2:-4, -4, -6, -16, -8, 8, 0, 10, 0
8,3:-4, -4, -6, -14, -8, 2, 10, 4, -2
12,1:-4, -4, -6, -14, -2, 4, 0, -4, 6
12,1:-4, -4, -6, -14, -2, 4, 0, -4, 10
2,-1:-4, -4, -6, -4, 8, 8, -8, -30, -18
2,-1:-4, -4, -6, -4, 8, 8, -8, -26, -24
2,-1:-4, -4, -6, -4, 8, 8, -8, -18, -30
19,-15:-4, -4, -6, -2, -8, -28, -32, -18, -12
19,-15:-4, -4, -6, -2, -8, -28, -32, -10, -8
19,-15:-4, -4, -6, -2, -8, -28, -32, -10, -6
19,-15:-4, -4, -6, -2, -8, -28, -32, -6, -12
19,-15:-4, -4, -6, -2, -8, -28, -32, -6, -10
19,-15:-4, -4, -6, -2, -8, -28, -32, -2, -10
19,-15:-4, -4, -6, -2, -8, -28, -32, -2, -6
19,-15:-4, -4, -6, -2, -8, -28, -32, -2, 0
19,-15:-4, -4, -6, -2, -8, -28, -32, 0, -10
19,-15:-4, -4, -6, -2, -8, -28, -32, 0, 0
14,-5:-4, -4, -6, -2, -8, -28, -28, -16, -16
19,-15:-4, -4, -6, -2, -8, -28, -18, -12, -32
4,-3:-4, -4, -6, -2, -8, -14, -4, -8, -32
14,-7:-4, -4, -6, -2, 8, -6, -54, -42, -18
14,-7:-4, -4, -6, -2, 8, -6, -54, -18, -42
14,-7:-4, -4, -6, -2, 8, -6, -42, -18, -54
14,-7:-4, -4, -6, -2, 8, -6, -42, -18, -52
14,-7:-4, -4, -6, -2, 8, -6, -42, -18, -50
19,-15:-4, -4, -6, 2, -8, -28, -32, -20, 6
19,-15:-4, -4, -6, 2, -8, -28, -32, 6, -20
19,-15:-4, -4, -6, 2, -8, -28, -32, 6, -16
-7,-4:-4, -4, -6, 2, 10, 4, -2, 4, -8
30,4:-4, -4, -4, 4, 2, 12, -10, -12, -12
5,11:-4, -4, -4, 10, -2, 2, -4, 2, 8
10,-5:-4, -4, -4, 12, -2, -4, 6, 2, 12
-3,4:-4, -4, -2, 4, -8, -6, 0, 4, 4
-3,4:-4, -4, -2, 4, -8, 0, 4, 4, -6
-1,8:-4, -4, -2, 4, 0, -4, 2, 8, 12
-1,8:-4, -4, -2, 4, 0, -4, 8, 12, 2
-3,4:-4, -4, -2, 4, 0, 0, 4, 4, -8
-3,4:-4, -4, -2, 4, 0, 0, 4, 4, -6
-3,4:-4, -4, -2, 4, 0, 0, 4, 4, -4
11,-1:-4, -4, -2, 10, 8, 0, -6, -10, 2
11,-1:-4, -4, -2, 10, 8, 0, -6, -10, 4
11,-1:-4, -4, -2, 10, 8, 0, -6, -10, 6
11,-1:-4, -4, -2, 10, 8, 0, -6, 2, -10
5,-3:-4, -4, 2, 8, -12, -18, -20, -18, -24
5,-3:-4, -4, 2, 8, -12, -18, -20, -18, -22
5,-3:-4, -4, 2, 8, -12, -18, -20, -18, -20
5,-3:-4, -4, 2, 8, -12, -18, -16, -20, -12
5,-3:-4, -4, 2, 8, -12, -18, -16, -20, -10
5,-3:-4, -4, 2, 8, -12, -18, -16, -16, -18
5,-3:-4, -4, 2, 8, -12, -18, -14, -24, -12
5,-3:-4, -4, 2, 8, -12, -18, -14, -14, -16
5,-3:-4, -4, 2, 8, -12, -18, -14, -8, -18
5,-3:-4, -4, 2, 8, -12, -16, -16, -22, -14
5,-3:-4, -4, 2, 8, -12, -16, -14, -16, -16
5,-3:-4, -4, 2, 8, -12, -16, -14, -12, -20
5,-3:-4, -4, 2, 8, -12, -16, -14, -12, -18
5,-3:-4, -4, 2, 8, -12, -16, -14, -12, -16
5,-3:-4, -4, 2, 8, -12, -16, -12, -12, -18
5,-3:-4, -4, 2, 8, -12, -16, -12, -12, -12
5,-3:-4, -4, 2, 8, -12, -16, -12, -10, -8
5,-3:-4, -4, 2, 8, -12, -16, -8, -4, -10
5,-3:-4, -4, 2, 8, -12, -16, -8, -4, -8
5,-3:-4, -4, 2, 8, -12, -16, -8, -4, -6
13,-2:-4, -4, 2, 8, -12, -16, -6, -12, 0
7,9:-4, -4, 2, 8, 12, 2, -4, 4, -4
5,-3:-4, -4, 2, 10, 8, -12, -14, 6, 10
5,-3:-4, -4, 2, 10, 8, -12, -14, 6, 12
5,-3:-4, -4, 2, 10, 8, -12, -14, 6, 14
4,-7:-4, -4, 4, -4, -8, -12, -8, -2, 0
4,-7:-4, -4, 4, -4, -8, -12, -8, -2, 2
4,-7:-4, -4, 4, -4, -8, -12, -8, -2, 4
3,-1:-4, -4, 6, -4, 12, -16, -2, 0, -6
14,12:-4, -4, 6, 6, 10, -8, 10, -12, -24
14,12:-4, -4, 6, 6, 10, -8, 10, -12, -20
3,14:-4, -4, 8, 4, 8, 8, 2, 2, 14
3,14:-4, -4, 8, 4, 8, 8, 2, 14, 2
2,10:-4, -4, 8, 6, 10, -4, 14, 10, -4
2,10:-4, -4, 8, 6, 10, -4, 14, 10, -2
2,10:-4, -4, 8, 6, 10, 0, 14, 10, -14
2,10:-4, -4, 8, 6, 10, 0, 14, 10, -4
19,5:-4, -4, 8, 10, 0, -4, -12, -8, -12
-1,10:-4, -4, 8, 10, 0, 0, 4, 2, 10
-1,10:-4, -4, 8, 10, 0, 0, 4, 2, 12
-1,10:-4, -4, 8, 10, 0, 0, 4, 2, 14
-1,10:-4, -4, 8, 10, 0, 0, 4, 10, 2
6,13:-4, -4, 8, 10, 0, 0, 14, 4, 2
-10,25:-4, -4, 8, 10, 14, 10, 0, 6, 16
4,-7:-4, -4, 10, 6, -4, -8, -12, -8, 2
4,-7:-4, -4, 10, 6, -4, -8, -12, -8, 4
4,-7:-4, -4, 10, 6, -4, -8, -12, -8, 6
5,-13:-4, 0, -16, -6, -16, 4, -4, -4, 2
19,3:-4, 0, -16, -6, 0, -6, -4, 10, 10
12,-13:-4, 0, -16, -6, 0, 10, 4, -12, -12
5,0:-4, 0, -16, 0, 10, 14, 6, -2, 16
0,1:-4, 0, -16, 4, 4, -6, 10, -6, -12
0,1:-4, 0, -16, 4, 4, -6, 10, -6, -10
-3,16:-4, 0, -12, -12, -6, -8, 2, -8, -4
2,3:-4, 0, -12, -12, -6, 2, 0, 10, 14
12,5:-4, 0, -12, -12, -6, 8, -4, -12, 10
12,5:-4, 0, -12, -12, -6, 8, -4, 10, -12
-2,4:-4, 0, -12, -12, -4, 6, 8, 12, 8
3,3:-4, 0, -12, -12, 0, 6, 10, 0, 2
1,5:-4, 0, -12, -12, 6, 4, 4, 10, 10
-2,4:-4, 0, -12, -12, 6, 8, 12, 8, -4
-2,4:-4, 0, -12, -12, 6, 8, 12, 8, -2
-5,4:-4, 0, -12, -12, 8, 4, 12, 8, 12
6,3:-4, 0, -12, -10, -6, 10, 8, 8, 10
-4,5:-4, 0, -12, -10, -6, 10, 14, -6, 6
-4,5:-4, 0, -12, -10, -6, 10, 14, -6, 16
2,-2:-4, 0, -12, -10, -4, 6, 2, 2, -2
13,21:-4, 0, -12, -10, 0, 4, -2, 14, 2
1,-7:-4, 0, -12, -10, 0, 10, 12, -2, -6
0,8:-4, 0, -12, -10, 8, 10, -12, -8, 10
0,8:-4, 0, -12, -10, 8, 10, -12, 10, -8
2,-5:-4, 0, -12, -6, -6, -14, -12, -20, -20
2,-5:-4, 0, -12, -6, -6, -14, -12, -20, -18
2,-5:-4, 0, -12, -6, -6, -14, -12, -20, -16
2,-5:-4, 0, -12, -6, -6, -14, -12, -16, -14
14,-4:-4, 0, -12, -6, -6, -14, -12, -16, -6
2,-5:-4, 0, -12, -6, -6, -14, -12, -14, -18
2,-5:-4, 0, -12, -6, -6, -14, -12, -14, -14
2,-5:-4, 0, -12, -6, -6, -14, -10, -8, -6
2,-5:-4, 0, -12, -6, -6, -14, -10, -8, -4
2,-5:-4, 0, -12, -6, -6, -14, -10, -8, -2
15,1:-4, 0, -12, -6, 2, -4, -6, -6, 4
15,1:-4, 0, -12, -6, 2, -4, -6, -6, 6
15,1:-4, 0, -12, -6, 2, -4, -6, -6, 8
25,-4:-4, 0, -12, -6, 8, 12, 4, -10, -22
6,3:-4, 0, -12, -6, 10, 8, 8, 10, -10
19,-14:-4, 0, -12, -4, -14, -16, -34, -30, -6
19,-14:-4, 0, -12, -4, -14, -16, -34, -6, -30
1,-6:-4, 0, -12, -4, 6, -6, -22, -8, -4
-2,4:-4, 0, -12, -4, 6, 8, 12, 8, -12
-2,4:-4, 0, -12, -4, 6, 8, 12, 8, -4
0,-1:-4, 0, -12, -4, 6, 10, -4, 10, 2
-7,3:-4, 0, -12, -4, 8, -4, 10, 16, 12
2,-8:-4, 0, -12, -4, 8, 0, 0, -4, -12
2,-8:-4, 0, -12, -4, 8, 0, 0, -4, -4
2,-8:-4, 0, -12, -4, 8, 0, 0, 2, -4
2,-8:-4, 0, -12, -4, 8, 0, 0, 2, -2
2,-8:-4, 0, -12, -4, 8, 0, 0, 6, 12
11,-5:-4, 0, -12, -4, 10, 10, -8, -10, -14
-2,4:-4, 0, -12, 0, 6, 8, 12, 8, -12
3,3:-4, 0, -12, 0, 6, 10, 0, 2, -10
3,3:-4, 0, -12, 0, 6, 10, 0, 2, -6
0,12:-4, 0, -12, 0, 10, -2, 14, 18, 14
0,12:-4, 0, -12, 0, 10, 14, 18, 14, -2
0,12:-4, 0, -12, 0, 10, 14, 18, 14, 8
-7,14:-4, 0, -12, 0, 10, 16, 12, 18, 6
-7,14:-4, 0, -12, 0, 10, 16, 12, 18, 8
19,5:-4, 0, -12, 2, -2, -20, -18, -16, -8
6,0:-4, 0, -12, 4, -4, -4, -14, -4, 6
13,-3:-4, 0, -12, 4, -4, 4, -14, -18, -22
2,-2:-4, 0, -12, 4, 4, 0, 2, 6, -12
-1,8:-4, 0, -12, 6, 2, 6, 6, 12, -12
-1,8:-4, 0, -12, 6, 2, 6, 6, 12, -4
-2,4:-4, 0, -12, 6, 4, 8, 12, 8, -10
-2,4:-4, 0, -12, 6, 4, 8, 12, 8, -6
3,-8:-4, 0, -12, 8, -2, -12, 14, 10, -12
3,-8:-4, 0, -12, 8, -2, -12, 14, 10, -8
3,-8:-4, 0, -12, 8, -2, -12, 14, 10, -2
3,-8:-4, 0, -12, 8, -2, -6, 14, 10, -6
3,-8:-4, 0, -12, 8, -2, -6, 14, 10, -2
3,-8:-4, 0, -12, 8, -2, -2, 12, 10, 16
3,-8:-4, 0, -12, 8, -2, -2, 16, 16, 10
3,-8:-4, 0, -12, 8, -2, -2, 16, 16, 16
3,-8:-4, 0, -12, 8, -2, -2, 16, 16, 20
0,8:-4, 0, -12, 8, 10, -12, -8, 10, -10
0,8:-4, 0, -12, 8, 10, -12, -8, 10, -6
18,-13:-4, 0, -12, 10, -16, -24, -8, -14, -20
8,-20:-4, 0, -12, 10, -16, -14, -22, -26, 0
2,-15:-4, 0, -12, 10, -16, -14, 0, -10, -26
6,-9:-4, 0, -12, 10, -16, -12, -12, -2, -22
10,-16:-4, 0, -12, 10, -16, -12, -12, -2, -14
-8,-4:-4, 0, -12, 10, -4, -12, -8, 4, 4
-5,-15:-4, 0, -12, 10, -4, -8, -24, -4, -8
-5,-15:-4, 0, -12, 10, -4, -8, -4, -8, -24
-5,-15:-4, 0, -12, 10, -4, -8, -4, -8, -22
-5,-15:-4, 0, -12, 10, -4, -8, -4, -8, -20
-2,-19:-4, 0, -12, 10, -4, -2, -6, -16, -4
-2,-19:-4, 0, -12, 10, -4, -2, -6, -16, -2
-2,-19:-4, 0, -12, 10, -4, -2, -6, -16, 0
-2,-19:-4, 0, -12, 10, -4, -2, -6, -4, -16
-2,-19:-4, 0, -12, 10, -4, -2, -6, -4, -14
7,-12:-4, 0, -12, 10, -2, -20, -16, 12, -6
7,-12:-4, 0, -12, 10, -2, -20, -16, 12, 0
7,-12:-4, 0, -12, 10, -2, -20, -16, 12, 2
-1,11:-4, 0, -12, 10, -2, -14, -20, 0, -6
-1,11:-4, 0, -12, 10, -2, -14, 0, -14, -14
-1,11:-4, 0, -12, 10, -2, -14, 0, -10, -12
-1,11:-4, 0, -12, 10, -2, -14, 0, -6, -20
-1,11:-4, 0, -12, 10, -2, -14, 0, -6, -18
4,-1:-4, 0, -8, -10, -4, -2, 6, 4, -2
4,-1:-4, 0, -8, -10, -4, -2, 8, -2, 10
5,-1:-4, 0, -8, -10, -4, -2, 10, 4, -4
2,4:-4, 0, -8, -10, 0, 14, 4, 8, 4
11,-4:-4, 0, -8, -10, 6, 8, 4, -16, -12
-2,4:-4, 0, -8, -10, 6, 8, 12, 8, -8
-2,4:-4, 0, -8, -10, 6, 8, 12, 8, 2
5,-6:-4, 0, -8, -4, -10, -8, -8, 2, 2
5,-6:-4, 0, -8, -4, -10, -8, -8, 2, 4
5,-6:-4, 0, -8, -4, -10, -8, 2, 2, -8
16,0:-4, 0, -8, -4, -2, 6, 0, 2, -4
9,2:-4, 0, -8, -4, -2, 6, 4, 2, -8
9,2:-4, 0, -8, -4, -2, 8, 2, -8, 10
-2,4:-4, 0, -8, -4, -2, 8, 12, 8, -12
-1,-11:-4, 0, -8, -4, 2, 8, 0, -8, -12
4,-1:-4, 0, -8, -2, -14, -22, -14, -22, 10
4,-1:-4, 0, -8, -2, -14, -22, -14, 10, -22
4,-1:-4, 0, -8, -2, -14, -22, -14, 10, -18
6,-13:-4, 0, -8, -2, -14, -4, -6, -20, -16
-2,2:-4, 0, -8, -2, -8, -10, 4, 10, 6
-2,2:-4, 0, -8, -2, -8, 4, 10, 6, -10
13,-5:-4, 0, -8, -2, -4, 4, -6, -16, 10
13,-5:-4, 0, -8, -2, -4, 4, -6, 10, -16
14,-6:-4, 0, -8, -2, -4, 10, 8, -8, 16
9,-1:-4, 0, -8, -2, 0, -2, -10, 10, 2
3,6:-4, 0, -8, -2, 0, 0, 4, -8, 6
4,14:-4, 0, -8, 4, -4, -4, -14, 0, -12
4,14:-4, 0, -8, 4, -4, -4, -14, 0, -10
4,14:-4, 0, -8, 4, -4, -4, -14, 0, -8
4,14:-4, 0, -8, 4, -2, 2, -10, -4, 20
4,14:-4, 0, -8, 4, -2, 2, -10, -4, 22
4,14:-4, 0, -8, 4, -2, 2, -10, 20, -4
4,14:-4, 0, -8, 4, -2, 2, -10, 20, -2
4,14:-4, 0, -8, 4, -2, 2, -10, 20, 0
4,14:-4, 0, -8, 4, -2, 2, -2, -10, 0
4,14:-4, 0, -8, 4, -2, 2, -2, -10, 4
4,14:-4, 0, -8, 4, -2, 2, -2, 0, 0
4,14:-4, 0, -8, 4, -2, 2, -2, 0, 2
4,14:-4, 0, -8, 4, -2, 2, -2, 4, -10
4,14:-4, 0, -8, 4, -2, 2, -2, 4, 0
-4,-23:-4, 0, -8, 6, -14, -20, -10, -16, 2
-4,-23:-4, 0, -8, 6, -14, -20, -10, -16, 4
-4,-23:-4, 0, -8, 6, -14, -20, -10, -16, 6
-4,-23:-4, 0, -8, 6, -14, -20, -10, 2, -16
2,-6:-4, 0, -8, 6, -2, -14, -28, -10, 2
2,-6:-4, 0, -8, 6, -2, -14, -28, -10, 4
2,-6:-4, 0, -8, 6, -2, -14, -28, -10, 6
2,-6:-4, 0, -8, 6, -2, -14, -28, 2, -10
2,-6:-4, 0, -8, 6, -2, -14, -28, 2, -4
2,-6:-4, 0, -8, 6, -2, -14, -28, 2, 0
2,-6:-4, 0, -8, 6, -2, -14, -10, 2, -28
2,-6:-4, 0, -8, 6, -2, -14, -10, 2, -26
-1,1:-4, 0, -8, 6, 8, 0, 12, 8, -8
9,10:-4, 0, -8, 8, 6, -8, -8, 6, 6
-2,-2:-4, 0, -8, 8, 10, -14, 0, 2, 12
-1,0:-4, 0, -8, 8, 10, -14, 0, 12, 2
4,5:-4, 0, -8, 8, 10, -8, 4, 0, 4
0,4:-4, 0, -4, -6, 8, -22, -16, -6, 0
2,-4:-4, 0, -4, -6, 8, -16, -16, -4, 8
11,8:-4, 0, -4, 6, -6, -10, -14, -12, 6
11,8:-4, 0, -4, 6, -6, -10, -14, -12, 8
6,-3:-4, 0, -4, 6, -4, -16, 10, -10, -16
1,-14:-4, 0, -4, 6, -4, -12, -16, -12, 6
1,-14:-4, 0, -4, 6, -4, -12, -16, 6, -12
-4,0:-4, 0, -4, 6, -4, -12, -14, 12, 6
-4,0:-4, 0, -4, 6, -4, -12, 12, 6, -14
7,-4:-4, 0, -4, 6, 2, 4, -2, 6, 4
7,-4:-4, 0, -4, 6, 2, 4, -2, 6, 6
7,-4:-4, 0, -4, 6, 2, 4, -2, 6, 8
11,-2:-4, 0, -2, -10, 4, 4, -14, -10, 14
11,-2:-4, 0, -2, -10, 4, 4, -14, 14, -10
-4,3:-4, 0, -2, -8, -24, -10, 6, 10, -8
-4,3:-4, 0, -2, -8, -10, -12, 6, 10, -14
-4,3:-4, 0, -2, -8, -10, -12, 6, 10, -4
-4,3:-4, 0, -2, -8, -10, -8, 6, 10, -20
-4,3:-4, 0, -2, -8, -10, -8, 6, 10, -10
-4,3:-4, 0, -2, -4, -14, -16, 6, 10, -8
-4,3:-4, 0, -2, -4, -4, -14, 6, 10, -12
-4,3:-4, 0, -2, -4, -4, -14, 6, 10, -10
-4,3:-4, 0, -2, -4, -4, -14, 6, 10, -8
-5,-2:-4, 0, -2, -4, 4, -2, -2, -6, 6
-9,-3:-4, 0, -2, 4, -14, 6, 6, 2, 8
-9,-3:-4, 0, -2, 4, -14, 6, 6, 2, 10
-9,-3:-4, 0, -2, 4, -14, 6, 6, 2, 12
9,2:-4, 0, -2, 4, -2, -2, -8, 6, 4
9,2:-4, 0, -2, 4, -2, -2, -8, 8, 6
-2,1:-4, 0, -2, 4, 0, -8, 6, 2, 6
-4,10:-4, 0, -2, 4, 0, -6, -14, 12, 14
1,0:-4, 0, -2, 4, 0, 10, -16, 2, 4
1,0:-4, 0, -2, 4, 0, 10, -16, 2, 8
1,0:-4, 0, -2, 4, 0, 10, -16, 4, 2
5,-6:-4, 0, -2, 4, 6, -2, -6, 2, -4
-1,-10:-4, 0, -2, 4, 6, 0, 2, -4, -12
-5,-6:-4, 0, 0, -6, -8, -6, -2, -2, 2
13,4:-4, 0, 0, -6, -6, 6, 10, 6, 2
13,4:-4, 0, 0, -6, -6, 6, 10, 10, -14
6,-1:-4, 0, 0, 6, 8, 14, 2, 8, 6
6,-1:-4, 0, 0, 6, 8, 14, 2, 8, 8
6,-1:-4, 0, 0, 6, 8, 14, 2, 8, 10
-13,-8:-4, 0, 0, 8, 2, -6, -6, -6, 8
-13,-8:-4, 0, 0, 8, 2, -6, -6, 8, -6
-13,-8:-4, 0, 0, 8, 2, -6, -6, 8, -4
-13,-8:-4, 0, 0, 8, 2, -6, -6, 8, -2
9,9:-4, 0, 0, 10, -6, -6, -12, 10, -12
9,9:-4, 0, 0, 10, -6, -6, -8, 10, -16
9,9:-4, 0, 0, 10, -6, -6, -8, 10, -14
9,9:-4, 0, 0, 10, -6, -6, -8, 10, -12
0,12:-4, 0, 0, 10, -2, 14, 18, 14, -12
0,12:-4, 0, 0, 10, -2, 14, 18, 14, -10
0,12:-4, 0, 0, 10, -2, 14, 18, 14, -8
19,10:-4, 0, 0, 10, 6, -14, -12, -6, 2
19,10:-4, 0, 0, 10, 6, -14, -12, -6, 4
16,9:-4, 0, 0, 10, 6, 8, -2, 4, 6
-7,14:-4, 0, 0, 10, 16, 12, 18, 6, -12
-7,14:-4, 0, 0, 10, 16, 12, 18, 6, -10
-7,14:-4, 0, 0, 10, 16, 12, 18, 6, -8
13,17:-4, 0, 2, -6, -14, -10, 6, 10, 6
6,8:-4, 0, 2, -6, 4, -6, -8, -10, 0
6,8:-4, 0, 2, -6, 4, -6, -8, 0, -10
6,8:-4, 0, 2, -6, 4, -6, -8, 0, -6
-3,-5:-4, 0, 2, 6, 14, -6, -14, 0, -4
9,7:-4, 0, 4, -6, -14, -8, 2, -10, -10
4,12:-4, 0, 4, -6, -8, 4, 6, -8, -20
23,4:-4, 0, 4, -6, 4, -16, -20, -16, -6
23,4:-4, 0, 4, -6, 4, -16, -20, -10, -16
7,9:-4, 0, 4, 4, -8, -16, 2, -6, -12
7,9:-4, 0, 4, 4, -8, -16, 2, -6, -10
7,9:-4, 0, 4, 4, -8, -16, 2, -6, -8
12,17:-4, 0, 4, 4, 0, -2, 4, -12, 0
12,17:-4, 0, 4, 4, 0, -2, 4, 0, -12
5,1:-4, 0, 4, 4, 6, -14, 4, 10, 16
5,1:-4, 0, 4, 4, 6, -14, 4, 12, 8
5,1:-4, 0, 4, 4, 6, -14, 4, 12, 10
-4,9:-4, 0, 4, 4, 6, 4, -10, 12, 16
-4,9:-4, 0, 4, 4, 6, 4, 12, 16, -10
-4,9:-4, 0, 4, 4, 6, 4, 12, 16, -6
12,1:-4, 0, 4, 4, 10, -2, 0, 6, -2
18,-1:-4, 0, 6, -6, -20, -16, -8, 4, -2
18,-1:-4, 0, 6, -6, -20, -16, -6, 4, -8
18,-1:-4, 0, 6, -6, -20, -16, -4, 0, 2
18,-1:-4, 0, 6, -6, -20, -16, -4, 0, 4
18,-1:-4, 0, 6, -6, -20, -16, -4, 0, 10
18,-1:-4, 0, 6, -6, -20, -16, -4, 6, 2
18,-1:-4, 0, 6, -6, -20, -16, -4, 6, 4
18,-1:-4, 0, 6, -6, -20, -16, -4, 6, 6
18,-1:-4, 0, 6, -6, -20, -16, -4, 8, 10
18,-1:-4, 0, 6, -6, -20, -16, -4, 10, 4
18,-1:-4, 0, 6, -6, -20, -8, -16, 4, -10
12,7:-4, 0, 6, -6, -20, -6, 4, -2, -24
12,7:-4, 0, 6, -6, -20, -6, 4, -2, -22
12,7:-4, 0, 6, -6, -18, -6, -2, 6, 6
12,7:-4, 0, 6, -6, -18, -6, -2, 8, 10
-2,4:-4, 0, 6, -6, -18, 8, 12, 8, -4
23,8:-4, 0, 6, -6, -8, -6, -6, 4, -2
12,7:-4, 0, 6, -6, -6, 4, -22, -2, -16
-2,4:-4, 0, 6, -6, -4, 8, 12, 8, -18
6,-6:-4, 0, 6, -2, -8, -8, -10, 2, 14
6,-6:-4, 0, 6, -2, -8, -8, -10, 2, 16
6,-6:-4, 0, 6, -2, -8, -8, -10, 14, 2
18,-1:-4, 0, 6, -2, 0, 0, -4, -6, -6
18,-1:-4, 0, 6, -2, 0, 0, -4, -6, -4
18,-1:-4, 0, 6, -2, 0, 0, -4, 0, 6
18,-1:-4, 0, 6, -2, 0, 0, -4, 0, 10
6,6:-4, 0, 6, 2, -2, 2, 0, 0, 8
11,5:-4, 0, 6, 2, 8, 0, -12, -4, 10
11,5:-4, 0, 6, 2, 8, 0, -12, -4, 12
11,5:-4, 0, 6, 2, 8, 0, -12, 10, -4
11,5:-4, 0, 6, 2, 8, 0, -4, 10, -12
1,2:-4, 0, 6, 2, 8, 6, -6, -4, 4
1,2:-4, 0, 6, 2, 8, 6, -6, -4, 8
1,2:-4, 0, 6, 2, 8, 6, -6, 4, -4
5,-2:-4, 0, 6, 4, -6, -2, -6, -8, -4
-4,-6:-4, 0, 6, 4, -6, -2, -4, -4, -8
6,-5:-4, 0, 6, 4, -6, 0, -8, -12, -8
5,-8:-4, 0, 6, 4, -6, 10, 0, 10, -4
5,-8:-4, 0, 6, 4, -6, 10, 0, 10, 2
-9,6:-4, 0, 6, 4, -6, 10, 6, 12, -8
17,-2:-4, 0, 6, 4, -2, -2, 2, -22, -26
14,0:-4, 0, 6, 4, 8, -4, 6, -6, -12
7,3:-4, 0, 6, 4, 10, 6, 2, -2, -10
4,-9:-4, 0, 6, 8, -2, -4, -14, 8, -10
14,10:-4, 0, 6, 8, -2, -2, -6, -4, -12
10,2:-4, 0, 6, 8, -2, -2, -4, 2, 4
-1,2:-4, 0, 6, 8, -2, 8, 6, 8, -10
-1,2:-4, 0, 6, 8, -2, 8, 6, 8, -8
-1,2:-4, 0, 6, 8, -2, 8, 6, 8, -6
9,2:-4, 0, 6, 8, 4, 8, 2, 14, -8
9,5:-4, 0, 6, 10, 6, 4, 10, 2, -2
4,-6:-4, 0, 6, 10, 10, -2, -2, -4, -4
18,-1:-4, 0, 8, -6, -20, -16, -4, 10, 6
18,-1:-4, 0, 8, -6, -20, -16, -4, 10, 8
18,-1:-4, 0, 8, -6, -20, -16, -4, 10, 10
18,-1:-4, 0, 8, -6, -20, -16, -4, 12, 14
12,7:-4, 0, 8, -6, -18, -6, -2, 10, 6
12,7:-4, 0, 8, -6, -18, -6, -2, 10, 8
12,7:-4, 0, 8, -6, -18, -6, -2, 10, 10
12,7:-4, 0, 8, -6, -18, -6, -2, 12, 14
-6,-4:-4, 0, 8, -6, -12, 0, 0, 10, 12
-6,-4:-4, 0, 8, -6, -12, 0, 0, 10, 14
-6,-4:-4, 0, 8, -6, -12, 0, 0, 10, 16
-6,-4:-4, 0, 8, -6, -12, 0, 10, 12, 0
-6,-4:-4, 0, 8, -6, -12, 0, 10, 12, 2
-6,-4:-4, 0, 8, -6, -12, 0, 10, 12, 4
18,0:-4, 0, 8, -6, 6, 12, 4, 4, 0
18,0:-4, 0, 8, -6, 6, 12, 4, 4, 6
14,-2:-4, 0, 8, -6, 12, 12, 12, 16, -14
11,-2:-4, 0, 8, -2, -24, -10, -14, -10, 18
15,8:-4, 0, 8, -2, -12, -20, -8, -4, 18
15,8:-4, 0, 8, -2, -12, -8, -4, 18, -20
15,8:-4, 0, 8, -2, -12, -8, -4, 18, -16
14,-9:-4, 0, 8, -2, -10, -10, 0, -8, 18
14,-9:-4, 0, 8, -2, -10, -10, 0, 18, -8
12,-5:-4, 0, 8, -2, -2, -2, -20, -12, 18
12,-5:-4, 0, 8, -2, -2, -2, -20, 18, -12
2,-1:-4, 0, 8, -2, 10, 12, 6, 20, 22
16,4:-4, 0, 8, -2, 22, -4, 10, -20, -24
16,9:-4, 0, 8, -2, 22, 0, -12, -8, 0
9,-2:-4, 0, 8, 6, 4, 6, -12, -8, 2
9,-2:-4, 0, 8, 6, 4, 6, -12, -8, 4
9,-2:-4, 0, 8, 6, 4, 6, -12, -8, 6
9,-2:-4, 0, 8, 6, 4, 6, -12, 2, -8
9,2:-4, 0, 8, 8, -4, -2, -8, -4, 16
2,5:-4, 0, 8, 10, -10, -16, -10, 4, 6
2,5:-4, 0, 8, 10, -10, -16, 4, 6, -10
2,5:-4, 0, 8, 10, -10, -16, 4, 6, -6
2,5:-4, 0, 8, 10, -10, 4, -6, 6, -16
2,5:-4, 0, 8, 10, -10, 4, -6, 6, -14
2,5:-4, 0, 8, 10, -10, 4, -6, 6, -12
7,-3:-4, 0, 8, 10, -6, -8, -12, 4, -4
-5,-3:-4, 0, 10, -4, 2, -2, 2, -8, -2
10,3:-4, 2, 0, -8, -14, -16, -20, -8, -4
8,1:-4, 2, 0, -8, -6, -18, -12, 2, 4
18,-6:-4, 2, 0, -8, -2, -16, -8, -14, -2
18,-6:-4, 2, 0, -8, -2, -16, -8, -14, 2
18,-6:-4, 2, 0, -8, -2, -16, -8, -2, -14
18,-6:-4, 2, 0, -8, -2, -16, -8, -2, -12
1,-8:-4, 2, 0, -8, -2, 2, -8, -6, 2
1,-8:-4, 2, 0, -8, -2, 2, 4, -6, 2
1,-8:-4, 2, 0, -8, -2, 2, 4, -6, 4
9,-27:-4, 2, 0, -8, 4, -28, -26, -20, -34
12,-19:-4, 2, 0, -8, 4, -28, -22, -16, -20
5,18:-4, 2, 2, -14, -10, 16, 16, 12, 16
1,-2:-4, 2, 2, -14, 0, 0, -4, 0, 6
1,-2:-4, 2, 2, -14, 0, 0, -4, 0, 14
1,-2:-4, 2, 2, -14, 0, 0, -4, 6, 0
16,5:-4, 2, 2, -8, -14, 0, -4, -12, -14
14,-8:-4, 2, 2, -8, -10, -8, -16, -20, -4
14,-8:-4, 2, 2, -8, -10, -8, -16, -20, 0
14,-8:-4, 2, 2, -8, -10, -8, -16, -4, -20
25,0:-4, 2, 2, -8, -10, -2, -14, -12, -4
25,0:-4, 2, 2, -8, -10, -2, -14, -12, 0
25,0:-4, 2, 2, -8, -10, -2, -14, -8, -6
25,0:-4, 2, 2, -8, -10, -2, -14, -6, -8
25,0:-4, 2, 2, -8, -10, -2, -14, -4, -12
25,0:-4, 2, 2, -8, -10, -2, -14, -4, -10
15,-1:-4, 2, 2, -8, -4, -16, -20, -2, -8
4,0:-4, 2, 2, -8, -4, -6, -2, 2, -2
5,-12:-4, 2, 2, -8, -4, -4, -6, 0, -16
5,-12:-4, 2, 2, -8, -4, -4, -6, 0, -14
5,-12:-4, 2, 2, -8, -4, -4, -6, 0, -12
11,1:-4, 2, 6, -14, -18, -4, -8, -18, 2
11,1:-4, 2, 6, -14, -18, -4, -8, -18, 4
22,-1:-4, 2, 6, -14, -18, -4, -8, -8, -8
11,1:-4, 2, 6, -14, -18, -4, -8, 2, -18
15,4:-4, 2, 6, -14, -8, -12, -22, 4, -20
15,4:-4, 2, 6, -14, -8, -12, -22, 4, -18
15,4:-4, 2, 6, -14, -8, -12, -22, 4, -16
15,4:-4, 2, 6, -14, -8, -12, -18, 0, 2
15,4:-4, 2, 6, -14, -8, -12, -18, 6, 0
15,4:-4, 2, 6, -14, -8, -12, -18, 6, 6
15,4:-4, 2, 6, -14, -8, -12, -18, 6, 8
15,4:-4, 2, 6, -14, -8, -12, -18, 10, 6
15,4:-4, 2, 6, -14, -8, -12, -18, 10, 8
15,4:-4, 2, 6, -14, -8, -12, -18, 10, 10
15,4:-4, 2, 6, -14, -8, 0, 4, -2, -12
7,-1:-4, 2, 6, -14, -4, -4, 0, -4, -12
2,0:-4, 2, 6, -8, -14, -2, -4, 2, 12
2,0:-4, 2, 6, -8, -14, -2, -4, 2, 16
16,-1:-4, 2, 6, -8, -2, -18, -16, -16, -6
3,-6:-4, 2, 6, -8, -2, -18, -6, -16, -6
-1,-6:-4, 2, 6, -8, 2, -10, -2, -12, -6
8,-3:-4, 2, 6, 0, -8, -16, 14, -4, 8
8,-3:-4, 2, 6, 0, -8, -16, 14, 8, -4
8,-3:-4, 2, 6, 0, -8, -16, 14, 8, -2
8,-3:-4, 2, 6, 0, -8, -16, 14, 8, 0
8,0:-4, 2, 6, 0, -8, -4, -6, 0, 14
21,7:-4, 2, 6, 0, -4, -22, -26, 4, -24
21,7:-4, 2, 6, 0, -4, -22, -26, 4, -22
21,7:-4, 2, 6, 0, -4, -22, -26, 4, -20
21,7:-4, 2, 6, 0, -4, -22, -22, 12, 6
21,7:-4, 2, 6, 0, -4, -22, -22, 12, 8
21,7:-4, 2, 6, 0, -4, -22, -22, 12, 10
8,-16:-4, 2, 6, 0, 14, -14, -30, -18, -22
8,-16:-4, 2, 6, 0, 14, -14, -18, -22, -30
8,-16:-4, 2, 6, 0, 14, -14, -18, -22, -28
8,-16:-4, 2, 6, 0, 14, -14, -18, -22, -26
0,5:-4, 2, 6, 2, -6, -4, -8, 4, 8
19,9:-4, 2, 6, 2, -2, -10, -8, 2, 12
19,9:-4, 2, 6, 2, -2, -10, -8, 2, 14
19,9:-4, 2, 6, 2, -2, -10, -8, 2, 16
19,9:-4, 2, 6, 2, -2, -10, -8, 12, 2
-8,1:-4, 2, 6, 2, -2, -10, 8, 12, -14
-8,1:-4, 2, 6, 2, -2, -10, 8, 12, -12
-8,1:-4, 2, 6, 2, -2, -10, 8, 12, -10
1,-7:-4, 2, 6, 2, -2, -6, -2, -6, 10
-8,1:-4, 2, 6, 2, -2, -6, 8, 12, -4
-8,1:-4, 2, 6, 2, -2, -4, 8, 12, -8
-8,1:-4, 2, 6, 2, -2, -4, 8, 12, -6
-10,18:-4, 2, 6, 2, -2, 6, 0, 14, 26
-1,5:-4, 2, 6, 2, 0, -4, -2, 12, 8
10,4:-4, 2, 6, 2, 12, 10, -6, -6, 14
10,4:-4, 2, 6, 2, 12, 10, -6, 14, -6
7,7:-4, 2, 6, 6, 2, -4, -14, 2, 6
7,7:-4, 2, 6, 6, 2, -4, 2, 6, -14
-2,-4:-4, 2, 6, 6, 12, 14, 0, 6, -14
-2,-4:-4, 2, 6, 6, 12, 14, 0, 6, -10
-2,-4:-4, 2, 6, 6, 12, 14, 0, 6, -6
-7,-8:-4, 2, 6, 10, 2, -2, 2, 12, 12
-7,-8:-4, 2, 6, 10, 2, -2, 2, 16, 8
-7,-8:-4, 2, 6, 10, 2, -2, 2, 16, 10
-7,-8:-4, 2, 6, 10, 2, -2, 2, 16, 12
0,-1:-4, 4, -10, -12, 6, -14, 6, 0, 10
-2,-4:-4, 4, -10, -12, 6, 6, 12, 16, 0
-5,0:-4, 4, -10, -12, 6, 10, -12, 4, 8
-2,0:-4, 4, -10, -12, 6, 10, -10, -6, -6
-2,0:-4, 4, -10, -12, 6, 10, -10, -6, -4
-5,-9:-4, 4, -10, -12, 6, 10, -10, 6, -2
-5,0:-4, 4, -10, -12, 6, 10, 4, 8, -12
-5,0:-4, 4, -10, -12, 6, 10, 4, 8, -2
4,-3:-4, 4, -10, -8, -6, -6, 6, -8, -4
0,0:-4, 4, -10, -8, -6, 6, 4, -6, -8
-1,-1:-4, 4, -10, -6, -14, -4, 0, 0, 2
-1,-1:-4, 4, -10, -6, -14, -4, 0, 0, 4
-1,-1:-4, 4, -10, -6, -14, -4, 0, 0, 6
-1,-1:-4, 4, -10, -6, -14, -4, 4, 12, 14
-1,-1:-4, 4, -10, -6, -14, -4, 4, 12, 16
-1,-1:-4, 4, -10, -6, -14, -4, 4, 12, 18
-1,-1:-4, 4, -10, -6, -14, -4, 8, 2, 4
-1,-1:-4, 4, -10, -6, -14, -4, 8, 2, 14
-1,-1:-4, 4, -10, -6, -14, -4, 8, 6, 4
-1,-1:-4, 4, -10, -6, -14, -4, 8, 6, 6
-1,-1:-4, 4, -10, -6, -14, -4, 8, 6, 8
-1,-1:-4, 4, -10, -6, -14, -4, 8, 8, 0
-1,-1:-4, 4, -10, -6, -14, 0, -16, -6, -14
12,-1:-4, 4, -10, -6, -4, -10, -14, -10, 0
12,-1:-4, 4, -10, -6, -4, -10, -14, -4, -10
1,4:-4, 4, -10, -6, -4, 2, 2, 2, 6
8,0:-4, 4, -10, -6, -2, 0, -6, -2, -6
4,7:-4, 4, -10, -6, 0, -4, -4, -2, 6
11,-8:-4, 4, -10, -6, 2, -10, -8, -2, 4
11,-8:-4, 4, -10, -6, 2, -10, -8, 0, -4
11,-8:-4, 4, -10, -6, 2, -10, -8, 0, -2
11,-8:-4, 4, -10, -6, 2, -10, 0, 2, -6
11,-8:-4, 4, -10, -6, 2, -10, 0, 2, -4
11,-8:-4, 4, -10, -6, 2, -10, 0, 2, -2
11,-8:-4, 4, -10, -6, 2, -10, 6, 20, 22
11,-8:-4, 4, -10, -6, 2, -10, 6, 20, 24
11,-8:-4, 4, -10, -6, 2, -10, 6, 22, 16
14,11:-4, 4, -10, -6, 2, 2, 4, 12, 2
-2,14:-4, 4, -10, -6, 6, 12, 16, 22, 18
6,5:-4, 4, -10, 0, -14, -26, -2, 2, -26
6,5:-4, 4, -10, 0, -14, -26, -2, 2, -24
6,5:-4, 4, -10, 0, -14, -26, -2, 2, -22
6,5:-4, 4, -10, 0, -14, -24, -2, 2, -20
6,5:-4, 4, -10, 0, -14, -24, -2, 2, -14
6,5:-4, 4, -10, 0, -14, -24, -2, 2, -12
16,-7:-4, 4, -10, 0, -14, -22, -24, -20, 0
16,-7:-4, 4, -10, 0, -14, -22, -24, 0, -20
6,5:-4, 4, -10, 0, -14, -22, -2, 2, -22
6,5:-4, 4, -10, 0, -14, -14, -2, 2, -24
6,5:-4, 4, -10, 0, -14, -14, -2, 2, -14
6,5:-4, 4, -10, 0, -14, -12, -2, 2, -20
6,5:-4, 4, -10, 0, -14, -12, -2, 2, -18
13,-1:-4, 4, -10, 0, -14, -4, -6, -4, -22
6,5:-4, 4, -10, 0, -14, -2, -8, 2, -8
6,5:-4, 4, -10, 0, -14, -2, 2, -8, -4
6,5:-4, 4, -10, 0, -14, -2, 2, -8, 0
6,0:-4, 4, -10, 0, -6, -8, -16, 0, -4
10,-3:-4, 4, -10, 0, -6, 0, -4, -14, -10
0,7:-4, 4, -10, 6, 0, 14, -6, 6, 10
0,7:-4, 4, -10, 6, 0, 14, 6, 10, -6
-2,-4:-4, 4, -10, 6, 6, 12, 16, 0, -14
-2,-4:-4, 4, -10, 6, 6, 12, 16, 0, -12
-2,-4:-4, 4, -10, 6, 6, 12, 16, 0, -10
-5,0:-4, 4, -10, 6, 10, -2, 4, 8, -14
-5,0:-4, 4, -10, 6, 10, -2, 4, 8, -12
-5,0:-4, 4, -10, 6, 10, -2, 4, 8, -10
1,-11:-4, 4, -8, -16, -10, -18, -14, -6, -10
8,-6:-4, 4, -8, -16, -6, -8, -12, 0, 2
8,-6:-4, 4, -8, -16, -6, -8, -12, 0, 6
8,-6:-4, 4, -8, -16, -6, -8, -12, 0, 12
8,-6:-4, 4, -8, -16, -6, -8, -12, 6, 8
8,-6:-4, 4, -8, -16, -6, -8, -12, 12, 0
8,-6:-4, 4, -8, -16, -6, -8, -12, 12, 2
8,-6:-4, 4, -8, -16, -6, -8, 0, 2, -12
7,3:-4, 4, -8, -16, -6, -6, -8, -4, 10
7,3:-4, 4, -8, -16, -6, -6, -8, -4, 16
12,-5:-4, 4, -8, -14, -18, -14, -4, -6, -4
12,-5:-4, 4, -8, -14, -18, -14, -4, -6, -2
12,-5:-4, 4, -8, -14, -18, -14, -4, 0, -4
12,-5:-4, 4, -8, -14, -18, -14, -4, 0, -2
12,-5:-4, 4, -8, -14, -18, -14, 6, 6, 10
-9,-4:-4, 4, -8, -14, -12, -10, 0, 8, -6
-9,-4:-4, 4, -8, -14, -12, -10, 0, 8, -4
-9,-4:-4, 4, -8, -14, -12, -10, 0, 8, -2
23,-5:-4, 4, -8, -14, 0, -6, -34, -36, -34
27,-10:-4, 4, -8, -14, 0, -6, -26, -24, -28
27,-10:-4, 4, -8, -14, 0, -6, -26, -24, -26
3,4:-4, 4, -8, -14, 6, 10, -8, -2, -16
4,-2:-4, 4, -8, -6, 6, 4, -16, -2, 2
-4,2:-4, 4, -8, 6, -4, -4, 12, 8, -10
5,-4:-4, 4, -8, 6, 0, 8, 10, 20, -10
-2,-4:-4, 4, -8, 6, 6, 12, 16, 0, -10
-2,-4:-4, 4, -8, 6, 6, 12, 16, 0, -8
14,-15:-4, 4, -4, -28, -18, -14, -18, -30, -26
7,4:-4, 4, -4, -26, -20, -8, -30, 0, -34
7,4:-4, 4, -4, -26, -20, -8, -30, 0, -30
-2,-20:-4, 4, -4, -22, -22, -10, -20, 0, -16
8,-10:-4, 4, -4, -18, -24, -24, -30, -18, -18
-1,-14:-4, 4, -4, -18, -20, -10, -4, -14, -10
22,-5:-4, 4, -4, -18, -12, -28, -22, -16, -16
22,-5:-4, 4, -4, -18, -12, -28, -22, -16, -14
22,-5:-4, 4, -4, -18, -12, -28, -22, -16, -12
7,-19:-4, 4, -4, -16, -34, -20, -26, -20, -24
11,-9:-4, 4, -4, -16, -32, -26, -16, -28, -26
18,-19:-4, 4, -4, -16, -20, -28, -28, -38, -24
18,-19:-4, 4, -4, -16, -20, -28, -28, -24, -38
25,-12:-4, 4, -4, -16, -14, -34, -38, -34, -26
25,-12:-4, 4, -4, -16, -14, -34, -38, -34, -24
25,-12:-4, 4, -4, -16, -14, -34, -38, -34, -22
25,-12:-4, 4, -4, -16, -14, -34, -38, -26, -34
5,-13:-4, 4, -4, -14, -20, -14, -26, -30, -16
5,-13:-4, 4, -4, -14, -20, -14, -26, -16, -30
5,-13:-4, 4, -4, -14, -20, -14, -26, -16, -28
5,-13:-4, 4, -4, -14, -20, -14, -20, -16, -26
5,-13:-4, 4, -4, -14, -20, -14, -20, -16, -24
5,-13:-4, 4, -4, -14, -20, -14, -20, -16, -22
15,5:-4, 4, -4, -14, -14, -14, -26, -14, -8
28,-19:-4, 4, -4, -12, -10, -44, -48, -44, -28
28,-19:-4, 4, -4, -12, -10, -44, -48, -44, -26
28,-19:-4, 4, -4, -12, -10, -44, -48, -44, -24
28,-19:-4, 4, -4, -12, -10, -44, -48, -28, -44
11,2:-4, 4, -4, -12, -6, -14, -14, -16, -10
11,2:-4, 4, -4, -12, -6, -14, -14, -10, -16
9,-5:-4, 4, -4, -12, -6, -6, -14, -20, -12
15,-14:-4, 4, -4, -10, -18, -28, -18, -28, -36
8,-4:-4, 4, -2, -14, -4, 0, -6, -10, -2
8,-4:-4, 4, -2, -14, -4, 0, -6, -10, 0
8,-4:-4, 4, -2, -14, -4, 0, -6, -10, 2
8,-4:-4, 4, -2, -14, -4, 0, -6, 0, -10
6,11:-4, 4, -2, -14, 2, 6, 12, 14, 8
-5,-4:-4, 4, -2, -14, 2, 10, -14, 10, -20
-5,-4:-4, 4, -2, -14, 2, 10, -14, 10, -12
-5,-4:-4, 4, -2, -14, 2, 10, -8, 10, -14
-5,-4:-4, 4, -2, -14, 2, 10, -8, 10, -8
-5,-4:-4, 4, -2, -14, 2, 10, -8, 10, -6
-5,-4:-4, 4, -2, -14, 2, 10, -4, 10, -8
-5,-4:-4, 4, -2, -14, 2, 10, -4, 10, -6
-5,-4:-4, 4, -2, -14, 2, 10, -4, 10, -4
14,-1:-4, 4, -2, -14, 6, 2, -6, -2, 2
14,-1:-4, 4, -2, -14, 6, 2, -6, -2, 6
14,-1:-4, 4, -2, -14, 6, 2, -6, 2, -2
14,-14:-4, 4, -2, -12, -8, -24, -20, 4, -10
-6,-17:-4, 4, -2, -12, -8, -22, -12, -8, -8
14,-14:-4, 4, -2, -12, -8, 4, -10, -24, -20
-2,-9:-4, 4, -2, -12, 6, 6, 10, 2, 6
-2,-9:-4, 4, -2, -12, 6, 6, 10, 2, 10
-2,-9:-4, 4, -2, -12, 6, 6, 10, 10, 2
-2,-9:-4, 4, -2, -12, 6, 6, 10, 10, 4
-2,-9:-4, 4, -2, -12, 6, 6, 10, 10, 6
11,-6:-4, 4, -2, -8, -10, -6, -8, 2, -8
-1,-1:-4, 4, -2, -8, 6, 4, 2, -12, -10
-1,-1:-4, 4, -2, -8, 6, 4, 2, -12, -8
-1,-1:-4, 4, -2, -8, 6, 4, 2, -12, -6
-2,-2:-4, 4, -2, 2, 4, 6, -16, 6, 2
7,-11:-4, 4, -2, 2, 14, 12, 18, 0, 2
22,8:-4, 4, -2, 6, -16, -14, -14, -14, -4
20,2:-4, 4, -2, 6, -2, -10, -4, 2, -8
-8,-6:-4, 4, 4, -6, -6, 4, -4, -10, 18
4,-7:-4, 4, 4, -6, -4, -8, -12, -8, 14
7,8:-4, 4, 4, 4, 4, -8, 8, 16, -8
7,8:-4, 4, 4, 4, 4, -6, 8, 16, -10
7,8:-4, 4, 4, 4, 4, -6, 8, 16, 0
7,8:-4, 4, 4, 4, 4, 2, 8, 16, 0
7,8:-4, 4, 4, 4, 4, 8, 16, -4, -6
7,8:-4, 4, 4, 4, 4, 8, 16, -4, -4
7,8:-4, 4, 4, 4, 4, 8, 16, -4, -2
-8,-6:-4, 4, 4, 4, 6, -6, -4, -10, 6
4,-7:-4, 4, 4, 4, 8, -6, -10, -8, -8
-1,-6:-4, 4, 4, 4, 10, -10, -6, -6, -2
-1,-2:-4, 4, 4, 4, 14, -8, -4, 2, -8
-3,1:-4, 4, 4, 4, 14, -2, -8, 4, 6
-3,1:-4, 4, 4, 4, 14, -2, -8, 4, 8
-3,1:-4, 4, 4, 4, 14, -2, -8, 6, 0
6,7:-4, 4, 4, 6, -14, -10, 4, 0, 4
6,7:-4, 4, 4, 6, -14, 4, 0, 4, -10
6,7:-4, 4, 4, 6, -14, 4, 0, 4, -8
6,7:-4, 4, 4, 6, -14, 4, 0, 4, -6
21,9:-4, 4, 6, 2, -16, 0, -6, -6, 12
21,9:-4, 4, 6, 2, -16, 0, -6, -6, 14
21,9:-4, 4, 6, 2, -16, 0, -6, -6, 16
21,9:-4, 4, 6, 2, -16, 0, -6, 12, -6
3,-8:-4, 4, 6, 2, -10, -8, 0, 8, 10
3,-8:-4, 4, 6, 2, -10, -8, 0, 8, 12
3,-8:-4, 4, 6, 2, -10, -8, 0, 8, 14
3,-8:-4, 4, 6, 2, -10, -8, 8, 10, 8
3,-8:-4, 4, 6, 2, -10, -8, 8, 10, 10
3,-8:-4, 4, 6, 2, -10, -8, 8, 10, 12
3,-8:-4, 4, 6, 2, -10, -8, 8, 12, 2
3,-8:-4, 4, 6, 2, -10, -8, 8, 12, 4
3,-8:-4, 4, 6, 2, -10, -8, 8, 12, 6
3,-8:-4, 4, 6, 2, -6, 0, -8, 12, -4
3,-8:-4, 4, 6, 2, -6, 0, -8, 12, -2
3,-8:-4, 4, 6, 2, -6, 0, -8, 12, 0
3,-8:-4, 4, 6, 2, -2, -6, -8, -8, 10
8,11:6, -4, -4, -12, -14, 0, -10, -14, -6
-1,0:6, -4, -4, -12, -8, -14, -14, 2, 4
11,-7:6, -4, -4, -12, 4, -6, -14, -8, -12
7,-1:6, -4, -4, -6, -6, -14, 0, 2, 0
-5,-3:6, -4, -4, -6, -6, -4, -10, 10, 4
-5,-3:6, -4, -4, -6, -6, -4, -10, 10, 6
-5,-3:6, -4, -4, -6, -6, -4, -10, 10, 8
1,3:6, -4, -4, -6, -6, -4, 8, 4, -8
3,-4:6, -4, -4, -6, -6, 0, 2, -2, -4
16,-8:6, -4, -4, -6, -6, 2, -10, -12, 0
1,-1:6, -4, -4, -6, 6, 6, 12, 16, 0
17,-1:6, -4, -4, -4, -8, -12, -12, -16, 6
17,-1:6, -4, -4, -4, -8, -12, -12, -16, 8
17,-1:6, -4, -4, -4, -8, -12, -12, -16, 10
17,-1:6, -4, -4, -4, -8, -12, -12, 6, -16
8,0:6, -4, -4, -4, 2, 8, -12, -18, -12
8,0:6, -4, -4, -4, 2, 8, -12, -16, -20
8,0:6, -4, -4, -4, 2, 8, -12, -16, -18
13,-3:6, -4, -4, 0, -12, -12, -6, 8, -8
5,-2:6, -4, -4, 0, -12, -6, -6, -14, -14
1,4:6, -4, -4, 0, -8, -4, -10, -6, 8
7,17:6, -4, -4, 0, -8, 4, -4, 0, -12
7,17:6, -4, -4, 0, -8, 4, -4, 0, -10
7,17:6, -4, -4, 0, -8, 4, -4, 0, -8
11,9:6, -4, -4, 0, -2, -4, -14, 4, -20
-1,6:6, -4, -4, 0, -2, -4, 6, 10, -12
-1,6:6, -4, -4, 0, -2, -4, 6, 10, -10
-1,6:6, -4, -4, 0, -2, -4, 6, 10, -8
10,12:6, -4, -4, 0, 4, 4, -8, -12, 2
10,12:6, -4, -4, 0, 4, 4, -8, 2, -12
10,12:6, -4, -4, 0, 4, 4, -8, 2, -10
10,12:6, -4, -4, 0, 4, 4, -8, 2, -8
10,-9:6, -4, -4, 0, 4, 6, -16, -20, -16
2,2:6, -4, -4, 4, -10, -6, -14, -4, -2
2,2:6, -4, -4, 4, -10, -6, -14, -4, 2
15,-2:6, -4, -4, 4, -8, -14, -18, -14, 2
15,-2:6, -4, -4, 4, -8, -14, -18, 2, -14
-6,-1:6, -4, -4, 4, -8, -14, -12, -6, 8
-6,-1:6, -4, -4, 4, -8, -14, -12, 8, -6
-6,-1:6, -4, -4, 4, -8, -14, -12, 8, -4
-6,-1:6, -4, -4, 4, -8, -14, -12, 8, -2
7,7:6, -4, -4, 4, -8, -14, 0, -12, -6
26,-2:6, -4, -4, 4, -8, -14, 0, -6, -36
30,-7:6, -4, -4, 4, -8, -14, 0, -6, -24
6,1:6, -4, -4, 4, -2, -12, -2, -2, -12
10,11:6, -4, -4, 4, 4, 4, 6, 8, 16
11,12:6, -4, 6, 6, -2, 12, 8, 0, -2
9,-1:6, -4, 6, 6, 2, 4, -4, -8, 8
9,-1:6, -4, 6, 6, 2, 4, -4, -8, 12
9,-1:6, -4, 6, 6, 2, 4, -4, 8, -8
20,7:6, -4, 6, 6, 2, 10, -2, 0, 8
20,7:6, -4, 6, 6, 2, 10, -2, 0, 12
20,7:6, -4, 6, 6, 2, 10, -2, 4, 6
20,7:6, -4, 6, 6, 2, 10, -2, 6, 4
20,7:6, -4, 6, 6, 2, 10, -2, 8, 0
20,7:6, -4, 6, 6, 2, 10, -2, 8, 2
3,8:6, -4, 6, 6, 6, -6, 0, 14, 16
10,6:6, -4, 6, 6, 8, -4, -8, 10, 4
-1,7:6, -4, 6, 6, 8, 6, 10, 14, 10
0,-5:6, -4, 6, 6, 8, 8, 6, 12, -4
0,-5:6, -4, 6, 6, 8, 8, 6, 12, -2
0,-5:6, -4, 6, 6, 8, 8, 6, 12, 0
-5,-7:6, 6, -4, -4, -8, -16, 0, 4, 0
-5,-7:6, 6, -4, -4, -8, 0, 4, 0, -16
-5,-7:6, 6, -4, -4, -8, 0, 4, 0, -12
7,-2:6, 6, -4, -4, -8, 0, 6, 12, 2
-1,-2:6, 6, -4, -4, -4, -10, -18, 2, 4
-1,-2:6, 6, -4, -4, -4, -10, -18, 2, 14
-5,1:6, 6, -4, -4, -4, 10, 4, 12, 8
4,-8:6, 6, -4, -4, 0, 4, -6, -10, 2
4,-8:6, 6, -4, -4, 0, 4, -6, 2, -10
-5,12:6, 6, -4, -4, 2, 6, -6, 12, 20
10,21:6, 6, -4, -4, 2, 6, -6, 24, 22
10,21:6, 6, -4, -4, 2, 6, -6, 24, 24
10,21:6, 6, -4, -4, 2, 6, 24, 22, -6
10,21:6, 6, -4, -4, 2, 6, 24, 22, -4
10,21:6, 6, -4, -4, 2, 6, 24, 22, -2
15,11:6, 6, -4, -4, 10, 0, 12, -8, -2
7,15:6, 6, -4, -4, 16, -2, 10, 14, 18
7,15:6, 6, -4, -4, 16, -2, 10, 14, 20
7,15:6, 6, -4, -4, 16, 10, 14, 18, -2
-16,12:6, 6, -4, 2, 10, -2, 14, 22, 30
-16,12:6, 6, -4, 2, 10, -2, 14, 30, 22
-1,-2:6, 6, -2, -4, -4, -10, -18, 16, 2
17,15:6, 6, -2, -4, -4, 12, 8, 0, 0
-5,3:6, 6, -2, -4, 0, -14, -2, 10, 10
-5,3:6, 6, -2, -4, 0, -14, 10, 10, -2
-5,3:6, 6, -2, -4, 0, -14, 10, 10, 0
-5,3:6, 6, -2, -4, 0, -14, 10, 10, 2
-5,3:6, 6, -2, -4, 0, -2, 10, 10, -14
-5,3:6, 6, -2, -4, 0, -2, 10, 10, -12
-5,3:6, 6, -2, -4, 0, -2, 10, 10, -10
-3,0:6, 6, -2, -4, 4, -2, 8, 14, 6
2,-1:6, 6, -2, -4, 4, -2, 10, 0, 8
2,-1:6, 6, -2, -4, 4, -2, 10, 0, 10
8,8:6, 6, -2, -4, 4, 16, 0, 0, 4
-8,7:6, 6, -2, -4, 16, 6, -8, 8, 18
-8,7:6, 6, -2, -4, 16, 6, -4, 6, 18
-8,7:6, 6, -2, -4, 16, 6, 8, 18, -8
12,5:6, 6, -2, -2, -4, 14, 10, -8, -4
4,-3:6, 6, -2, -2, -2, -12, 4, 10, 0
-1,-5:6, 6, -2, 4, 0, 16, -8, -18, 12
-1,-5:6, 6, -2, 4, 0, 16, -8, 12, -18
-1,-5:6, 6, -2, 4, 0, 16, -8, 12, -8
-18,13:6, 6, -2, 6, 22, 28, 30, 30, 20
7,7:6, 6, -2, 6, 28, 22, 10, 2, 26
7,7:6, 6, -2, 6, 28, 22, 10, 2, 28
-16,15:6, 6, -2, 6, 28, 22, 10, 8, 34
-7,27:6, 6, -2, 10, 2, 16, 8, 28, 22
-2,23:6, 6, -2, 10, 2, 16, 8, 36, 42
7,4:6, 6, -2, 10, 2, 16, 14, 12, 8
-2,12:6, 6, -2, 10, 2, 16, 20, 16, 6
-2,10:6, 6, -2, 10, 2, 18, 12, 18, 24
-2,12:6, 6, -2, 10, 6, 16, 20, 16, 4
-2,12:6, 6, -2, 10, 6, 16, 20, 16, 6
-1,-9:6, 6, -2, 10, 16, 14, -6, 12, 6
-1,-9:6, 6, -2, 10, 16, 14, -6, 12, 8
-1,-9:6, 6, -2, 10, 16, 14, -6, 12, 10
8,6:6, 6, -2, 12, 2, 16, 4, 0, 22
8,6:6, 6, -2, 12, 2, 16, 4, 22, 0
-7,10:6, 6, -2, 12, 8, 0, -4, 16, 14
-5,11:6, 6, -2, 12, 8, 0, 12, -4, -16
-5,11:6, 6, -2, 12, 8, 0, 12, 0, 6
-5,11:6, 6, -2, 12, 8, 0, 12, 0, 8
-5,11:6, 6, -2, 12, 8, 0, 12, 0, 10
-5,11:6, 6, -2, 12, 8, 0, 12, 6, 0
2,-1:6, 6, -2, 12, 8, 16, 6, -2, -2
2,-1:6, 6, -2, 12, 8, 16, 6, 2, -6
2,-1:6, 6, -2, 12, 8, 16, 6, 2, -4
2,-1:6, 6, -2, 12, 8, 16, 6, 2, -2
19,-4:6, 6, -2, 16, 0, -6, -24, -20, 4
19,-4:6, 6, -2, 16, 0, -6, -24, 4, -20
9,8:6, 6, 2, -6, 6, -8, 4, 10, 10
15,-9:6, 6, 2, -6, 10, 10, 8, -18, -8
12,3:6, 6, 2, -6, 10, 12, 0, -10, -6
-5,3:6, 6, 2, -6, 12, 4, -16, -16, 4
-5,3:6, 6, 2, -6, 12, 4, -16, 4, -16
-5,3:6, 6, 2, -6, 12, 4, -14, 4, -8
-5,3:6, 6, 2, -6, 12, 4, -12, 4, -18
-5,3:6, 6, 2, -6, 12, 4, -12, 4, -8
-1,1:6, 6, 2, -4, -2, 8, 10, -4, 4
9,7:6, 6, 2, -4, 0, -6, 10, 14, -8
2,9:6, 6, 2, -4, 6, 8, 12, 0, -2
2,18:6, 6, 2, -4, 8, -2, 6, 22, 18
10,12:6, 6, 2, -4, 8, -2, 8, 4, 20
10,12:6, 6, 2, -4, 8, -2, 8, 20, 4
2,18:6, 6, 2, -4, 8, -2, 22, 18, 6
2,18:6, 6, 2, -4, 8, 6, 22, 18, -2
2,18:6, 6, 2, -4, 8, 6, 22, 18, 0
4,5:6, 6, 2, -2, -2, -4, 16, -2, -12
-2,1:6, 6, 2, -2, -2, 2, -4, -2, 0
12,7:6, 6, 2, -2, -2, 10, 0, 18, 12
12,7:6, 6, 2, -2, -2, 10, 0, 18, 14
12,7:6, 6, 2, -2, -2, 10, 0, 18, 16
-1,7:6, 6, 2, -2, -2, 12, 14, -2, 14
3,5:6, 6, 2, 2, -8, -6, 18, -4, 4
12,9:6, 6, 2, 2, -8, 8, 8, -8, 8
12,9:6, 6, 2, 2, -8, 8, 8, -8, 12
12,9:6, 6, 2, 2, -8, 8, 8, 8, -8
7,13:6, 6, 2, 2, 8, -8, -2, -8, 8
7,13:6, 6, 2, 2, 8, -8, -2, 8, -8
6,-4:6, 6, 2, 4, -4, -8, 6, 6, 8
6,-4:6, 6, 2, 4, -4, -8, 6, 6, 10
6,-4:6, 6, 2, 4, -4, -8, 6, 6, 12
17,4:6, 6, 2, 10, -2, 0, 6, 6, 8
17,4:6, 6, 2, 10, -2, 0, 6, 6, 10
17,4:6, 6, 2, 10, -2, 0, 6, 6, 12
1,7:6, 6, 2, 10, 4, 10, -2, 0, 10
5,6:6, 6, 2, 10, 6, -8, 2, -4, 12
5,6:6, 6, 2, 10, 6, -8, 2, 12, -4
4,13:6, 6, 2, 10, 6, 12, 8, 10, 20
-2,2:6, 6, 2, 12, 8, 8, 16, 12, 18
-2,2:6, 6, 2, 12, 8, 8, 16, 14, 10
-2,2:6, 6, 2, 12, 8, 8, 16, 14, 12
0,5:6, 6, 6, -8, -6, 0, 14, 16, -6
0,5:6, 6, 6, -8, -6, 0, 14, 16, -2
13,2:6, 6, 6, -6, -4, -8, -12, -8, 0
1,13:6, 6, 6, -6, 0, 14, 6, 18, 14
0,5:6, 6, 6, -6, 0, 14, 18, 10, 10
0,5:6, 6, 6, -6, 0, 14, 18, 10, 12
0,5:6, 6, 6, -6, 0, 14, 18, 10, 14
1,13:6, 6, 6, -6, 0, 14, 18, 14, 6
0,5:6, 6, 6, -6, 0, 14, 18, 14, 16
0,5:6, 6, 6, -6, 0, 14, 18, 16, 12
0,5:6, 6, 6, -6, 0, 14, 18, 16, 16
0,5:6, 6, 6, -6, 0, 14, 20, 22, 24
0,5:6, 6, 6, -6, 0, 14, 20, 22, 26
0,5:6, 6, 6, -6, 0, 14, 20, 22, 28
11,9:6, 6, 6, -6, 2, -12, 10, -12, 16
-4,4:6, 6, 6, -4, 6, 10, 14, 10, -8
-4,4:6, 6, 6, -4, 6, 10, 14, 10, 2
-4,4:6, 6, 6, -2, 6, 10, 14, 10, -4
-4,4:6, 6, 6, -2, 6, 10, 14, 10, -2
-4,4:6, 6, 6, -2, 6, 10, 14, 10, 0
4,12:6, 6, 6, 4, 8, -2, -6, 16, 6
17,6:6, 6, 6, 4, 10, 14, 2, 8, -8
-13,8:6, 6, 6, 6, 10, 20, 16, 10, 18
-1,14:6, 6, 6, 10, 14, -12, 14, 18, -10
-1,14:6, 6, 6, 10, 14, -12, 14, 18, -8
-1,14:6, 6, 6, 10, 14, -12, 14, 18, -6
-1,14:6, 6, 6, 10, 14, -8, 4, 14, 18
7,-1:6, 6, 6, 10, 14, 18, -2, -6, 6
7,-1:6, 6, 6, 10, 14, 18, -2, -6, 12
7,-1:6, 6, 6, 10, 14, 18, -2, 6, -6
-1,-2:6, 6, 8, -4, -4, -10, -12, 2, -12
15,4:6, 6, 8, 8, 0, 12, -2, -20, -20
-8,13:6, 6, 8, 8, 0, 12, 14, -2, 4
-8,13:6, 6, 8, 8, 0, 12, 14, 0, -4
-8,13:6, 6, 8, 8, 0, 12, 14, 0, -2
-3,-8:6, 6, 8, 8, 6, 12, -8, 2, -4
-3,-8:6, 6, 8, 8, 6, 12, -8, 2, -2
-3,-8:6, 6, 8, 8, 6, 12, -8, 2, 0
-3,-8:6, 6, 8, 8, 6, 12, 2, 4, -4
-5,11:6, 6, 8, 8, 14, 4, -6, 22, 18
-5,11:6, 6, 8, 8, 14, 4, 22, 18, -6
0,11:6, 6, 8, 10, 4, 12, 10, 14, 22
0,11:6, 6, 8, 10, 4, 12, 10, 22, 14
13,-5:6, 6, 14, 6, -4, -6, -16, 0, 10
13,-5:6, 6, 14, 6, -4, -6, -16, 10, 0
13,-5:6, 6, 14, 6, -4, 0, -16, 0, 2
13,-5:6, 6, 14, 6, -4, 0, -16, 0, 6
13,-5:6, 6, 14, 6, -4, 0, -16, 10, -6
13,-5:6, 6, 14, 6, -4, 0, -16, 10, -2
13,-5:6, 6, 14, 6, -4, 0, -16, 14, 2
2,-13:6, 6, 14, 6, -4, 0, -14, 4, -12
13,-5:6, 6, 14, 6, -4, 14, 16, -16, 2
11,-9:6, 6, 14, 8, 16, -6, -6, -6, -18
10,-2:6, 6, 14, 8, 16, -6, -6, 0, -10
-14,0:6, 6, 14, 10, -4, 2, 30, 20, 16
-6,2:6, 6, 14, 10, -4, 16, -2, 10, 20
-6,2:6, 6, 14, 10, -4, 16, -2, 10, 22
-6,2:6, 6, 14, 10, -4, 16, -2, 10, 24
-6,2:6, 6, 14, 10, -4, 16, -2, 16, 16
-6,2:6, 6, 14, 10, -4, 16, -2, 16, 18
-6,2:6, 6, 14, 10, -4, 16, -2, 16, 20
-6,2:6, 6, 14, 10, -4, 16, -2, 20, 10
-6,2:6, 6, 14, 10, -4, 16, -2, 20, 16
-10,2:6, 6, 14, 10, -4, 16, -2, 20, 22
4,14:6, 6, 14, 10, 4, 16, 10, 12, 20
4,14:6, 6, 14, 10, 4, 16, 10, 12, 22
-9,3:6, 6, 14, 10, 4, 16, 10, 18, 14
