4,-6:-4, -6, 0
4,-6:-4, 2, 0, -12
4,-6:-4, 2, 0, -2
1,9:6, 6, -4, 0
1,0:6, 6, -2, 16
1,0:6, 6, 8, 16
-1,5:-4, -6, -14, 6, 0
7,0:-4, -6, -8, -18, -20
6,-10:-4, -6, -8, -18, -4
6,-10:-4, -6, -8, -18, 0
6,-10:-4, -6, -8, -4, -18
6,-10:-4, -6, -8, -4, -8
6,-10:-4, -6, -8, -2, -14
-1,5:-4, -6, 6, 0, -14
-1,5:-4, -6, 6, 0, -4
4,-6:-4, -6, 6, 0, 2
4,-6:-4, -6, 6, 0, 12
4,-6:-4, -6, 6, 4, 2
4,-6:-4, -6, 6, 4, 4
4,-6:-4, -6, 6, 4, 6
6,10:-4, -4, -14, 6, -4
6,10:-4, -4, 6, -4, -4
6,10:-4, -4, 6, -4, -2
2,4:-4, 0, -12, -10, 4
2,4:-4, 0, -12, 4, -10
2,4:-4, 0, -12, 4, -6
1,6:-4, 0, -12, 4, 6
-5,6:-4, 2, 6, 10, 6
4,-6:-4, 4, -10, -12, 2
4,-6:-4, 4, -10, 2, -14
4,-6:-4, 4, -10, 2, -12
4,-6:-4, 4, -10, 2, -10
4,-6:-4, 4, -8, 0, -10
4,-6:-4, 4, -8, 0, -8
6,6:-4, 4, -2, -12, -6
7,-3:6, -4, -4, -6, 0
-5,6:6, 6, 8, 8, -2
1,0:6, 6, 14, 16, -4
1,0:6, 6, 14, 16, 0
-8,14:-4, -14, -8, 20, 10, 14
-8,5:-4, -14, -8, 20, 12, 30
-8,5:-4, -14, -8, 20, 22, 30
12,12:-4, -14, 14, -2, -12, -8
12,3:-4, -14, 14, -2, -10, 8
12,3:-4, -14, 14, -2, 0, 8
6,-10:-4, -12, -8, -18, 2, -2
6,-10:-4, -12, -8, -18, 2, 2
4,-6:-4, -12, 0, -8, 0, -14
4,-6:-4, -12, 0, -8, 0, -12
4,-6:-4, -12, 0, -8, 0, -10
4,-6:-4, -12, 4, 6, 4, 0
4,-6:-4, -12, 4, 6, 4, 2
2,-8:-4, -12, 4, 6, 10, -6
2,-8:-4, -12, 4, 6, 10, -4
2,-8:-4, -12, 4, 6, 10, -2
6,-10:-4, -6, -8, -18, -6, -6
6,-10:-4, -6, -8, -18, -2, -10
6,-10:-4, -6, -8, -18, -2, -8
6,-10:-4, -6, -8, -18, -2, -6
2,0:-4, -6, -8, -16, -16, -24
6,-10:-4, -6, -8, -10, -14, -6
6,-10:-4, -6, -8, -10, -14, -4
6,-10:-4, -6, -8, -10, -14, -2
6,-10:-4, -6, -8, -2, -12, -12
6,-10:-4, -6, -8, -2, -12, -10
6,-10:-4, -6, -8, -2, -12, -8
6,-10:-4, -6, -8, -2, -10, -10
9,-12:-4, -6, -6, 2, -10, 8
5,-1:-4, -6, -6, 4, -6, -12
-1,-2:-4, -6, -4, -10, 0, 2
-2,5:-4, -6, -4, -10, 0, 4
9,-4:-4, -6, -4, -8, -12, -10
6,-10:-4, -6, 0, -8, -12, -6
4,-6:-4, -6, 6, 4, 10, 4
4,-6:-4, -6, 6, 4, 10, 6
4,-6:-4, -6, 6, 4, 10, 8
4,-6:-4, -6, 6, 6, 2, 4
4,-6:-4, -6, 6, 6, 2, 6
4,-6:-4, -6, 6, 6, 2, 8
10,-3:-4, -6, 6, 10, -6, 2
6,10:-4, -4, -8, -20, -16, 6
6,10:-4, -4, -8, -20, 6, -16
6,10:-4, -4, -8, -20, 6, -14
6,-10:-4, -4, -8, -10, -8, -16
6,-10:-4, -4, -8, -10, -2, -8
6,10:-4, -4, -8, 6, -2, -16
6,-6:-4, -4, -8, 8, -8, -22
6,10:-4, -4, -6, -14, 6, -4
6,10:-4, -4, 6, -4, -10, -4
6,10:-4, -4, 6, -4, -8, -10
6,10:-4, -4, 6, -4, -6, -6
6,10:-4, -4, 6, -4, -6, -4
6,10:-4, -4, 6, -4, -6, -2
5,7:-4, 0, -12, 0, 10, 8
2,4:-4, 0, -12, 4, -4, -12
2,4:-4, 0, -12, 4, -4, -10
2,4:-4, 0, -12, 4, -4, -8
0,0:-4, 0, -8, 4, -2, 14
0,0:-4, 0, -8, 4, 14, -2
1,6:-4, 0, -2, -10, 6, 8
1,6:-4, 0, -2, 6, 8, -10
1,6:-4, 0, -2, 6, 8, -6
5,7:-4, 0, 0, 10, 8, -12
5,7:-4, 0, 0, 10, 8, -10
5,7:-4, 0, 0, 10, 8, -8
4,-6:-4, 2, 0, -8, -4, -12
9,5:-4, 2, 2, -8, -16, -12
9,-4:-4, 2, 2, -8, -14, 4
9,-4:-4, 2, 2, -8, -4, 4
4,-6:-4, 2, 6, 4, 0, -14
-5,6:-4, 2, 6, 10, 0, 6
-5,6:-4, 2, 6, 10, 2, 0
-5,6:-4, 2, 6, 10, 4, 4
-5,6:-4, 2, 6, 10, 4, 6
4,-6:-4, 4, -10, -12, 0, -8
4,-6:-4, 4, -10, -12, 0, -6
4,-6:-4, 4, -10, -12, 0, -4
4,-6:-4, 4, -10, 2, -6, -12
4,-6:-4, 4, -10, 2, -6, -10
4,-6:-4, 4, -10, 2, -6, -8
4,-6:-4, 4, -8, -14, 0, -16
4,-6:-4, 4, -8, -12, 0, -12
4,-6:-4, 4, -8, -12, 0, -10
4,-6:-4, 4, -8, -12, 0, -8
4,-6:-4, 4, -8, -6, 0, -10
4,-6:-4, 4, -8, -6, 0, -8
6,-17:-4, 4, -4, -26, -10, -18
14,-17:-4, 4, -4, -16, -22, -22
-10,-1:-4, 4, -2, -12, 6, -12
17,-10:-4, 4, -2, 6, 4, 0
4,-6:-4, 4, 4, -6, 0, 14
-4,10:-4, 4, 4, -6, 2, 4
-4,10:-4, 4, 4, -6, 4, 2
4,-6:-4, 4, 4, 4, 8, -8
4,-6:-4, 4, 4, 4, 8, -2
4,-6:-4, 4, 4, 4, 8, 2
7,-3:6, -4, -4, 2, 0, -12
7,-3:6, -4, -4, 2, 0, -2
4,12:6, -4, 6, 6, -4, 0
4,3:6, -4, 6, 6, -2, 16
4,3:6, -4, 6, 6, 8, 16
-3,7:6, 6, -2, 4, 8, 2
1,0:6, 6, -2, 4, 8, 16
1,0:6, 6, -2, 4, 16, 8
1,0:6, 6, -2, 4, 16, 14
1,0:6, 6, -2, 14, 16, 2
1,0:6, 6, -2, 14, 16, 4
1,0:6, 6, -2, 14, 16, 6
8,-7:6, 6, 2, -6, -10, 10
8,-7:6, 6, 2, -6, -10, 12
8,-7:6, 6, 2, -6, -10, 14
8,-7:6, 6, 2, -6, 12, -10
1,0:6, 6, 6, -6, 16, -6
1,0:6, 6, 6, -4, 16, -8
1,0:6, 6, 6, -4, 16, 2
1,0:6, 6, 6, -2, 16, -4
1,0:6, 6, 6, -2, 16, -2
1,0:6, 6, 6, -2, 16, 0
1,0:6, 6, 6, 4, 16, 2
-7,-3:6, 6, 8, 8, 6, -4
1,0:6, 6, 14, 2, 16, 2
5,11:6, 6, 14, 6, 0, 0
