-2,3:-4, -6, -6, -4, -8, 8
-2,3:-4, -6, -6, -4, 8, -8
2,-13:-4, -4, 2, 12, 14, -8
-10,4:-4, 0, -12, 8, 8, -8
-10,4:-4, 0, -12, 8, 8, 0
11,1:-4, 0, 0, 8, 2, 0
-10,4:-4, 0, 8, 8, 0, -12
-10,4:-4, 0, 8, 8, 0, -10
-10,4:-4, 0, 8, 8, 0, -8
7,-19:-4, 4, -4, -26, -10, -26
6,-1:6, 6, 2, 4, -4, 8
6,-1:6, 6, 2, 4, -4, 12
6,-1:6, 6, 2, 4, 8, -4
-4,7:6, 6, 8, 6, 10, 14
12,2:-4, -12, -8, -14, -14, -20, 0
12,2:-4, -12, -8, -14, -14, 0, -20
5,12:-4, -12, 4, 4, 6, -8, 10
-4,19:-4, -6, -14, 2, 8, -2, 26
-4,19:-4, -6, -14, 2, 8, 26, -2
7,-8:-4, -6, -14, 6, -4, -6, 10
7,-8:-4, -6, -14, 6, -4, 10, -6
-2,-1:-4, -6, -14, 6, 6, 12, 16
-2,-1:-4, -6, -14, 6, 6, 12, 20
11,0:-4, -6, -8, -2, -10, -20, -8
11,0:-4, -6, -8, -2, -10, -8, -20
-2,-1:-4, -6, 6, 6, 12, 16, -14
-2,-1:-4, -6, 6, 6, 12, 16, -4
14,-1:-4, -4, -8, -12, -12, -6, 6
14,-1:-4, -4, -8, -12, -12, -4, 6
14,-1:-4, -4, -8, -12, -12, -4, 8
14,-1:-4, -4, -8, -12, -12, -4, 10
14,-1:-4, -4, -8, -12, -12, 6, -4
14,-1:-4, -4, -8, -12, -12, 6, -2
14,-1:-4, -4, -8, -12, -6, 6, -12
2,13:-4, -4, 8, 6, 10, 2, 14
2,13:-4, -4, 8, 6, 10, 14, 2
22,-16:-4, 0, -12, 0, -6, -18, -14
-9,7:-4, 0, -12, 8, 8, -8, 14
-10,4:-4, 0, -12, 8, 8, -6, -16
-10,4:-4, 0, -12, 8, 8, -6, -12
-10,4:-4, 0, -12, 8, 8, -4, -8
-10,4:-4, 0, -12, 8, 8, -4, -4
-10,4:-4, 0, -12, 8, 8, 2, -8
-10,4:-4, 0, -12, 8, 8, 2, -2
-10,4:-4, 0, -12, 8, 8, 2, 2
-9,7:-4, 0, -12, 8, 8, 14, -8
-9,7:-4, 0, -12, 8, 8, 14, 0
3,12:-4, 0, -8, -10, 8, 2, 12
12,4:-4, 0, 0, 8, 2, -10, 0
12,4:-4, 0, 0, 8, 2, 0, -10
-10,4:-4, 0, 8, 8, -4, 2, -2
-9,7:-4, 0, 8, 8, 0, 14, -12
-9,7:-4, 0, 8, 8, 0, 14, -10
-9,7:-4, 0, 8, 8, 0, 14, -8
-1,3:-4, 2, 6, -8, 10, 0, 10
-1,3:-4, 2, 6, -8, 10, 0, 12
-1,3:-4, 2, 6, -8, 10, 10, 0
-1,3:-4, 2, 6, -8, 10, 10, 2
12,-5:-4, 2, 6, 0, -4, -10, 4
12,-5:-4, 2, 6, 0, -4, -10, 6
12,-5:-4, 2, 6, 0, -4, -10, 8
12,-5:-4, 2, 6, 0, -4, 4, -10
6,3:-4, 4, -10, 0, -6, -12, 0
6,3:-4, 4, -10, 0, -6, 0, -12
6,3:-4, 4, -10, 0, -6, 0, -10
11,3:-4, 4, -10, 6, 0, 14, 8
-3,-4:-4, 4, -8, 6, -4, -2, 2
15,-16:-4, 4, -4, -26, -20, -8, -8
15,-16:-4, 4, -4, -26, -20, -8, -6
8,-16:-4, 4, -4, -26, -10, -26, -26
7,-19:-4, 4, -4, -20, -10, -26, -18
0,-3:-4, 4, -2, -12, 6, 4, -12
-2,-1:-4, 4, 6, 6, 12, 16, -14
-2,15:6, 6, -2, 10, 0, 16, 20
-1,-6:6, 6, -2, 10, 16, 14, 4
-1,-6:6, 6, -2, 10, 16, 14, 6
-1,-6:6, 6, -2, 10, 16, 14, 8
-2,15:6, 6, -2, 10, 16, 20, 0
-9,10:6, 6, 2, -2, -4, 18, 22
6,-1:6, 6, 2, 4, -4, 6, 10
6,-1:6, 6, 2, 4, -4, 6, 12
6,-1:6, 6, 2, 4, -4, 6, 14
-4,3:6, 6, 8, 8, 0, 2, 4
0,-1:6, 6, 14, 10, 16, 16, 0
-3,4:-4, -14, -8, 20, 16, 18, 10, 22
-3,4:-4, -14, -8, 20, 16, 18, 10, 26
-3,4:-4, -14, -8, 20, 16, 18, 22, 10
-13,12:-4, -14, -8, 20, 22, 20, 24, 28
17,2:-4, -14, 14, -2, -6, -4, -12, 0
17,2:-4, -14, 14, -2, -6, -4, -12, 4
17,2:-4, -14, 14, -2, -6, -4, 0, -12
7,10:-4, -14, 14, -2, 0, -2, 2, 6
2,-2:-4, -12, -14, -4, -6, -10, -6, -14
3,-2:-4, -12, -8, -14, -20, 0, -10, -2
13,5:-4, -12, -8, -14, -14, -20, -10, 0
13,5:-4, -12, -8, -14, -14, -20, 0, -10
13,5:-4, -12, -8, -14, -14, -10, 0, -20
12,2:-4, -12, -8, -14, -14, -2, -2, -18
-2,-7:-4, -12, -6, -16, -2, 0, -12, -2
-2,2:-4, -12, -4, -4, -10, -18, -8, -10
-1,14:-4, -12, -4, 6, -8, 16, 2, 4
-1,14:-4, -12, -4, 6, -8, 16, 2, 8
-1,14:-4, -12, -4, 6, 16, 2, -12, 0
-1,14:-4, -12, -4, 6, 16, 2, 2, -4
-1,14:-4, -12, -4, 6, 16, 2, 2, 0
-1,14:-4, -12, -4, 6, 16, 2, 4, -8
15,4:-4, -12, 0, -2, -12, -6, -8, 2
15,4:-4, -12, 0, -2, -12, -6, 2, -8
-3,6:-4, -6, -14, 2, 4, 0, 6, 12
1,6:-4, -6, -14, 2, 4, 4, 2, 4
-3,6:-4, -6, -14, 2, 4, 6, 12, 0
-3,6:-4, -6, -14, 2, 4, 6, 12, 2
-1,12:-4, -6, -14, 2, 4, 12, 16, 6
-1,6:-4, -6, -14, 2, 6, 10, 6, 10
-1,12:-4, -6, -14, 2, 12, 6, 8, 16
-4,5:-4, -6, -14, 6, -4, -16, -14, 12
-4,5:-4, -6, -14, 6, -4, -16, 12, -14
15,-7:-4, -6, -14, 6, -4, -14, -2, 10
15,-7:-4, -6, -14, 6, -4, -14, 10, -2
-4,5:-4, -6, -14, 6, -4, -14, 12, -12
-4,5:-4, -6, -14, 6, -4, -14, 12, -6
-4,5:-4, -6, -14, 6, -4, -12, 12, -18
-4,5:-4, -6, -14, 6, -4, -6, 12, -10
-4,5:-4, -6, -14, 6, -4, -6, 12, -8
7,-8:-4, -6, -14, 6, -4, -6, 12, 14
7,-8:-4, -6, -14, 6, -4, -6, 12, 16
7,-8:-4, -6, -14, 6, -4, -6, 14, 8
7,-8:-4, -6, -14, 6, -4, 6, -2, -2
7,-8:-4, -6, -14, 6, -4, 6, 0, -4
7,-8:-4, -6, -14, 6, -4, 6, 0, 6
7,-8:-4, -6, -14, 6, -4, 6, 2, 0
7,-8:-4, -6, -14, 6, -4, 6, 2, 2
7,-8:-4, -6, -14, 6, -4, 6, 2, 4
7,-8:-4, -6, -14, 6, -4, 6, 8, 6
-2,-1:-4, -6, -14, 6, 6, 12, 14, 14
-2,-1:-4, -6, -14, 6, 6, 12, 18, 10
-2,-1:-4, -6, -14, 6, 6, 12, 18, 12
-2,-1:-4, -6, -14, 6, 6, 12, 18, 14
13,-22:-4, -6, -8, -16, -22, -28, -12, -8
4,-3:-4, -6, -6, -16, 2, -8, -2, -4
5,-8:-4, -6, -6, -14, -14, 0, 2, -2
-2,-14:-4, -6, -6, -4, -4, -6, 6, -2
-2,-3:-4, -6, -6, 2, -10, -12, -20, 2
-2,-3:-4, -6, -6, 2, -10, -12, 2, -20
-4,0:-4, -6, -6, 2, 6, -4, 4, -10
2,13:-4, -6, -6, 4, -10, -4, 14, -14
13,-14:-4, -6, -6, 4, -6, -16, -18, -2
13,-14:-4, -6, -6, 4, -6, -16, -2, -18
4,-7:-4, -6, -6, 4, -6, -6, 0, 4
4,-7:-4, -6, -6, 4, -6, -6, 0, 8
4,-11:-4, -6, 0, -2, -30, -16, -16, -12
4,-11:-4, -6, 0, -2, -16, -16, -12, -30
4,-11:-4, -6, 0, -2, -16, -16, -12, -22
24,-7:-4, -6, 0, -2, -14, -32, -32, -28
-6,15:-4, -6, 6, 0, -8, -16, 8, 24
-6,15:-4, -6, 6, 0, -8, -16, 24, 8
0,-3:-4, -6, 6, 0, -8, -4, 10, -8
0,-3:-4, -6, 6, 0, -8, -4, 10, -4
7,12:-4, -4, -14, 2, 8, 12, 2, -4
2,13:-4, -4, -14, 8, 6, 10, 14, -4
2,13:-4, -4, -14, 8, 6, 10, 14, 0
4,17:-4, -4, -14, 10, 12, -10, -6, -4
4,17:-4, -4, -14, 10, 12, -10, -6, 0
12,6:-4, -4, -8, -18, -20, -10, -4, -2
12,6:-4, -4, -8, -18, -10, -4, -2, -20
14,-1:-4, -4, -8, -12, -12, -6, 0, 10
14,-1:-4, -4, -8, -12, -12, -6, 2, 4
14,-1:-4, -4, -8, -12, -12, -6, 8, -4
14,-1:-4, -4, -8, -12, -12, -6, 8, -2
14,-1:-4, -4, -8, -12, -12, -4, 14, 8
14,-1:-4, -4, -8, -12, -12, -4, 14, 10
14,-1:-4, -4, -8, -12, -12, -4, 14, 12
14,-1:-4, -4, -8, -12, -12, 0, 6, -4
14,-1:-4, -4, -8, -12, -12, 0, 8, -4
14,-1:-4, -4, -8, -12, -12, 0, 8, -2
14,-1:-4, -4, -8, -12, -10, 0, -12, 6
13,14:-4, -4, -8, -12, 0, -16, 4, 10
13,14:-4, -4, -8, -12, 0, -16, 8, 4
6,13:-4, -4, -8, -10, -20, -6, 14, 10
17,-5:-4, -4, -8, -10, -20, 2, -10, -2
17,-5:-4, -4, -8, -10, -20, 2, -10, 0
17,-5:-4, -4, -8, -10, -20, 2, -10, 2
17,-5:-4, -4, -8, -10, 2, -10, -2, -10
2,2:-4, -4, -8, 8, 6, 0, -20, -10
2,2:-4, -4, -8, 8, 6, 0, -20, -8
2,2:-4, -4, -8, 8, 6, 0, -20, -6
5,15:-4, -4, -6, -16, -8, -6, -6, -10
5,15:-4, -4, -6, -16, -8, -6, -6, -8
19,-12:-4, -4, -6, -2, -8, -28, -18, -12
19,-12:-4, -4, -6, -2, -8, -28, -10, -8
19,-12:-4, -4, -6, -2, -8, -28, -10, -6
19,-12:-4, -4, -6, -2, -8, -28, -6, -12
19,-12:-4, -4, -6, -2, -8, -28, -6, -10
19,-12:-4, -4, -6, -2, -8, -28, -2, -10
19,-12:-4, -4, -6, -2, -8, -28, -2, -6
19,-12:-4, -4, -6, -2, -8, -28, -2, 0
19,-12:-4, -4, -6, -2, -8, -28, 0, -10
19,-12:-4, -4, -6, -2, -8, -28, 0, 0
19,-12:-4, -4, -6, -2, -8, -18, -12, -28
19,-12:-4, -4, -6, 2, -8, -28, -20, 6
19,-12:-4, -4, -6, 2, -8, -28, 6, -20
19,-12:-4, -4, -6, 2, -8, -28, 6, -16
5,14:-4, -4, -4, 10, -2, 2, -4, 2
11,2:-4, -4, -2, 10, 8, 0, -6, 2
11,2:-4, -4, -2, 10, 8, 0, -6, 4
11,2:-4, -4, -2, 10, 8, 0, -6, 6
11,2:-4, -4, -2, 10, 8, 0, 2, -6
7,12:-4, -4, 2, 8, 12, 2, -4, -4
7,12:-4, -4, 2, 8, 12, 2, -4, -2
2,13:-4, -4, 8, 6, 10, -4, 14, -4
2,13:-4, -4, 8, 6, 10, -4, 14, -2
2,13:-4, -4, 8, 6, 10, 0, 14, -14
2,13:-4, -4, 8, 6, 10, 0, 14, -4
19,8:-4, -4, 8, 10, 0, -4, -12, -8
-2,7:-4, 0, -12, -12, -4, 6, 8, 12
3,6:-4, 0, -12, -12, 0, 6, 10, 0
-2,7:-4, 0, -12, -12, 6, 8, 12, -4
-2,7:-4, 0, -12, -12, 6, 8, 12, -2
2,1:-4, 0, -12, -10, -4, 6, 2, 2
3,6:-4, 0, -12, -10, 0, 6, 10, 0
1,-4:-4, 0, -12, -10, 0, 10, 12, -2
0,11:-4, 0, -12, -10, 8, 10, -12, -8
14,-1:-4, 0, -12, -6, -6, -14, -12, -6
2,1:-4, 0, -12, -4, 6, 2, 2, -10
-2,7:-4, 0, -12, -4, 6, 8, 12, -12
-2,7:-4, 0, -12, -4, 6, 8, 12, -4
-7,6:-4, 0, -12, -4, 8, -4, 10, 16
-7,6:-4, 0, -12, -4, 8, -4, 16, 10
-7,6:-4, 0, -12, -4, 8, -4, 16, 12
11,-2:-4, 0, -12, -4, 10, 10, -8, -10
23,-13:-4, 0, -12, 0, -6, -18, -14, -38
-2,7:-4, 0, -12, 0, 6, 8, 12, -12
3,6:-4, 0, -12, 0, 6, 10, 0, -10
3,6:-4, 0, -12, 0, 6, 10, 0, -6
10,4:-4, 0, -12, 0, 8, 12, -14, -10
0,15:-4, 0, -12, 0, 10, -2, 14, 18
0,15:-4, 0, -12, 0, 10, 14, 18, -2
0,15:-4, 0, -12, 0, 10, 14, 18, 8
-2,7:-4, 0, -12, 6, 4, 8, 12, -10
-2,7:-4, 0, -12, 6, 4, 8, 12, -6
-8,10:-4, 0, -12, 8, 8, -8, 14, 16
-10,4:-4, 0, -12, 8, 8, -6, -14, -10
-10,4:-4, 0, -12, 8, 8, -6, -14, -8
-10,4:-4, 0, -12, 8, 8, -6, -14, -6
-9,7:-4, 0, -12, 8, 8, -6, 14, -16
-9,7:-4, 0, -12, 8, 8, -6, 14, -12
-10,4:-4, 0, -12, 8, 8, -4, -6, -2
-10,4:-4, 0, -12, 8, 8, -4, -6, 0
-10,4:-4, 0, -12, 8, 8, -4, -6, 2
-10,4:-4, 0, -12, 8, 8, -4, -2, -2
-9,7:-4, 0, -12, 8, 8, -4, 14, -8
-9,7:-4, 0, -12, 8, 8, -4, 14, -4
-10,4:-4, 0, -12, 8, 8, 2, 0, -2
-10,4:-4, 0, -12, 8, 8, 2, 0, 0
-9,7:-4, 0, -12, 8, 8, 2, 14, -8
-9,7:-4, 0, -12, 8, 8, 2, 14, -2
-9,7:-4, 0, -12, 8, 8, 2, 14, 2
-8,10:-4, 0, -12, 8, 8, 14, 16, -8
-8,10:-4, 0, -12, 8, 8, 14, 16, 0
0,11:-4, 0, -12, 8, 10, -12, -8, -10
0,11:-4, 0, -12, 8, 10, -12, -8, -6
3,-2:-4, 0, -12, 10, 6, -16, -2, -26
5,2:-4, 0, -8, -10, -4, -2, 10, 4
6,3:-4, 0, -8, -10, -4, 10, 0, 4
2,7:-4, 0, -8, -10, 0, 14, 4, 8
-2,7:-4, 0, -8, -10, 6, 8, 12, -8
-2,7:-4, 0, -8, -10, 6, 8, 12, 2
6,3:-4, 0, -8, -4, -10, -16, -8, -8
-2,7:-4, 0, -8, -4, -2, 8, 12, -12
6,3:-4, 0, -8, -4, 10, 0, 4, -10
24,-14:-4, 0, -8, -4, 10, 2, -8, -22
24,-14:-4, 0, -8, -4, 10, 2, -8, -12
-2,5:-4, 0, -8, -2, -8, -10, 4, 10
-2,5:-4, 0, -8, -2, -8, -10, 10, 4
-2,5:-4, 0, -8, -2, -8, 4, 10, -10
13,-2:-4, 0, -8, -2, -4, 4, -6, 10
7,7:-4, 0, -8, 8, 6, -8, -8, -6
14,4:-4, 0, -4, -6, -6, 10, -2, 20
14,4:-4, 0, -4, -6, -6, 10, 20, -2
3,3:-4, 0, -4, 8, 0, -4, 0, 0
-2,-1:-4, 0, -2, 4, 2, -4, -10, 4
-2,-1:-4, 0, -2, 4, 2, -4, 4, -10
-2,-1:-4, 0, -2, 4, 2, -4, 4, -6
13,7:-4, 0, 0, 8, 2, -10, 0, -8
0,15:-4, 0, 0, 10, -2, 14, 18, -12
0,15:-4, 0, 0, 10, -2, 14, 18, -10
0,15:-4, 0, 0, 10, -2, 14, 18, -8
13,20:-4, 0, 2, -6, -14, -10, 6, 10
2,14:-4, 0, 4, -4, 4, -2, -4, -6
4,-6:-4, 0, 4, 4, 6, 10, 8, 10
-2,7:-4, 0, 6, -6, -18, 8, 12, -4
-2,7:-4, 0, 6, -6, -4, 8, 12, -18
11,8:-4, 0, 6, 2, 8, 0, -12, 10
11,8:-4, 0, 6, 2, 8, 0, -12, 12
11,8:-4, 0, 6, 2, 8, 0, 10, -12
14,3:-4, 0, 6, 4, 8, -4, 6, -6
9,8:-4, 0, 6, 10, 6, 4, 10, 2
14,1:-4, 0, 8, -6, 12, 12, 12, 16
-10,4:-4, 0, 8, 8, -4, -2, -8, -12
-10,4:-4, 0, 8, 8, -4, -2, -8, -10
-10,4:-4, 0, 8, 8, -4, -2, 6, 8
-10,4:-4, 0, 8, 8, -4, -2, 6, 10
-10,4:-4, 0, 8, 8, -4, -2, 6, 12
-10,4:-4, 0, 8, 8, -4, 2, -4, 0
-10,4:-4, 0, 8, 8, -4, 2, 0, -4
-9,7:-4, 0, 8, 8, -4, 2, 14, -2
-8,10:-4, 0, 8, 8, 0, 14, 16, -12
-8,10:-4, 0, 8, 8, 0, 14, 16, -10
-8,10:-4, 0, 8, 8, 0, 14, 16, -8
9,-24:-4, 2, 0, -8, 4, -28, -26, -20
13,19:-4, 2, 2, -14, -10, 4, -2, -2
13,19:-4, 2, 2, -14, -10, 4, -2, 0
9,-1:-4, 2, 2, -14, 6, -12, -18, -18
9,-1:-4, 2, 2, -14, 6, -12, -18, -16
14,-5:-4, 2, 2, -8, -10, -8, -16, -4
14,-5:-4, 2, 2, -8, -10, -8, -16, 0
14,-5:-4, 2, 2, -8, -10, -8, -4, -16
4,3:-4, 2, 2, -8, -4, -6, -2, 2
-1,3:-4, 2, 6, -8, 10, -6, 10, 0
-1,3:-4, 2, 6, -8, 10, -4, 10, -6
-1,3:-4, 2, 6, -8, 10, -2, 10, -2
-1,3:-4, 2, 6, -8, 10, -2, 10, 0
-1,3:-4, 2, 6, -8, 10, -2, 10, 2
-1,3:-4, 2, 6, -8, 10, -2, 16, 8
0,6:-4, 2, 6, -8, 10, 0, 10, 4
-1,3:-4, 2, 6, -8, 10, 0, 16, 10
-1,3:-4, 2, 6, -8, 10, 0, 16, 12
-1,3:-4, 2, 6, -8, 10, 0, 16, 14
-1,3:-4, 2, 6, -8, 10, 4, 10, 0
-1,3:-4, 2, 6, -8, 10, 4, 10, 2
12,-5:-4, 2, 6, 0, -4, -14, 4, -16
12,-5:-4, 2, 6, 0, -4, -12, 4, -12
12,-5:-4, 2, 6, 0, -4, -12, 4, -6
12,-5:-4, 2, 6, 0, -4, -10, 12, 6
12,-5:-4, 2, 6, 0, -4, -10, 12, 8
12,-5:-4, 2, 6, 0, -4, -10, 12, 10
8,-13:-4, 2, 6, 0, 14, -14, -30, -18
8,-13:-4, 2, 6, 0, 14, -14, -18, -30
8,-13:-4, 2, 6, 0, 14, -14, -18, -28
8,-13:-4, 2, 6, 0, 14, -14, -18, -26
1,-4:-4, 2, 6, 2, -2, -6, -2, 10
-1,8:-4, 2, 6, 2, 0, -4, -2, 12
8,2:-4, 2, 6, 6, 12, -14, -20, 16
8,2:-4, 2, 6, 6, 12, -14, -20, 20
8,2:-4, 2, 6, 6, 12, -14, 16, -20
8,2:-4, 2, 6, 6, 12, -14, 16, -16
-5,-6:-4, 4, -10, -12, 6, 10, -10, 6
8,3:-4, 4, -10, -6, -2, 0, -6, -2
14,4:-4, 4, -10, -6, 2, 8, 4, 2
-2,17:-4, 4, -10, -6, 6, 12, 16, 22
6,3:-4, 4, -10, 0, -6, -14, 0, -10
6,3:-4, 4, -10, 0, -6, -8, 0, -12
6,3:-4, 4, -10, 0, -6, -8, 0, -10
12,6:-4, 4, -10, 6, 0, 14, -8, 8
11,3:-4, 4, -10, 6, 0, 14, 4, 10
11,3:-4, 4, -10, 6, 0, 14, 6, 2
11,3:-4, 4, -10, 6, 0, 14, 6, 4
12,6:-4, 4, -10, 6, 0, 14, 8, -8
1,-8:-4, 4, -8, -16, -10, -18, -14, -6
1,-8:-4, 4, -8, -16, -10, -14, -6, -18
1,-8:-4, 4, -8, -16, -10, -14, -6, -16
8,-3:-4, 4, -8, -16, -6, -8, 0, 2
8,-3:-4, 4, -8, -16, -6, -8, 0, 6
8,-3:-4, 4, -8, -16, -6, -8, 0, 12
8,-3:-4, 4, -8, -16, -6, -8, 6, 8
8,-3:-4, 4, -8, -16, -6, -8, 12, 0
8,-3:-4, 4, -8, -16, -6, -8, 12, 2
8,-3:-4, 4, -8, -16, -6, 0, 2, -8
-4,5:-4, 4, -8, 6, -4, -4, 12, -10
15,-16:-4, 4, -4, -26, -20, -8, 0, -2
9,-13:-4, 4, -4, -26, -10, -26, -26, -24
-2,-17:-4, 4, -4, -22, -22, -10, -20, 0
7,-19:-4, 4, -4, -20, -16, -10, -26, -14
7,-19:-4, 4, -4, -20, -16, -10, -26, -12
8,-16:-4, 4, -4, -20, -10, -26, -26, -18
7,-19:-4, 4, -4, -20, -10, -26, -14, -20
7,-19:-4, 4, -4, -18, -18, -10, -26, -24
7,-19:-4, 4, -4, -18, -18, -10, -26, -20
7,-16:-4, 4, -4, -16, -34, -20, -26, -20
5,-10:-4, 4, -4, -14, -20, -14, -26, -30
5,-10:-4, 4, -4, -14, -20, -14, -26, -28
5,-10:-4, 4, -4, -14, -20, -14, -20, -26
5,-10:-4, 4, -4, -14, -20, -14, -20, -24
5,-10:-4, 4, -4, -14, -20, -14, -20, -22
9,-2:-4, 4, -4, -12, -6, -6, -14, -20
8,-1:-4, 4, -2, -14, -4, 0, -6, 0
8,-1:-4, 4, -2, -14, -4, 0, -6, 2
8,-1:-4, 4, -2, -14, -4, 0, -2, -6
-2,1:-4, 4, -2, 2, 4, 6, -16, 6
9,5:-4, 4, -2, 2, 4, 12, -2, 10
-1,12:-4, 4, -2, 2, 12, 6, 16, -16
1,6:6, -4, -4, -6, -6, -4, -8, 8
1,6:6, -4, -4, -6, -6, -4, 8, -8
5,-10:6, -4, -4, -4, 2, 12, 14, -8
-7,7:6, -4, -4, 0, -12, 8, 8, -8
-7,7:6, -4, -4, 0, -12, 8, 8, 0
14,4:6, -4, -4, 0, 0, 8, 2, 0
-7,7:6, -4, -4, 0, 8, 8, 0, -12
-7,7:6, -4, -4, 0, 8, 8, 0, -10
-7,7:6, -4, -4, 0, 8, 8, 0, -8
10,-16:6, -4, -4, 4, -4, -26, -10, -26
9,2:6, -4, 6, 6, 2, 4, -4, 8
9,2:6, -4, 6, 6, 2, 4, -4, 12
9,2:6, -4, 6, 6, 2, 4, 8, -4
-1,10:6, -4, 6, 6, 8, 6, 10, 14
-5,-4:6, 6, -4, -4, -8, -16, 0, 4
-5,-4:6, 6, -4, -4, -8, 0, 4, -16
-5,-4:6, 6, -4, -4, -8, 0, 4, -12
-5,4:6, 6, -4, -4, -4, 10, 4, 12
-5,4:6, 6, -4, -4, -4, 10, 4, 14
-5,4:6, 6, -4, -4, -4, 10, 4, 16
4,-5:6, 6, -4, -4, 0, 4, -6, 2
4,-5:6, 6, -4, -4, 0, 4, 2, -6
15,14:6, 6, -4, -4, 10, 0, 12, -8
-16,15:6, 6, -4, 2, 10, -2, 14, 22
-16,15:6, 6, -4, 2, 10, -2, 14, 24
-5,4:6, 6, -4, 2, 10, 4, -4, 10
-5,6:6, 6, -2, -4, 0, -14, -2, 10
-5,6:6, 6, -2, -4, 0, -14, -2, 12
-5,6:6, 6, -2, -4, 0, -14, 2, 4
-5,6:6, 6, -2, -4, 0, -14, 2, 10
-5,6:6, 6, -2, -4, 0, -14, 10, -2
-5,6:6, 6, -2, -4, 0, -14, 10, 0
-5,6:6, 6, -2, -4, 0, -14, 10, 2
-5,6:6, 6, -2, -4, 0, -2, 10, -14
-5,6:6, 6, -2, -4, 0, -2, 10, -12
-5,6:6, 6, -2, -4, 0, -2, 10, -10
7,10:6, 6, -2, 6, 28, 22, 10, 26
7,10:6, 6, -2, 6, 28, 22, 10, 28
-2,15:6, 6, -2, 10, 2, 16, 20, 6
-2,15:6, 6, -2, 10, 6, 16, 20, 4
-2,15:6, 6, -2, 10, 6, 16, 20, 6
-1,-6:6, 6, -2, 10, 16, 14, 12, 6
-1,-6:6, 6, -2, 10, 16, 14, 12, 8
-1,-6:6, 6, -2, 10, 16, 14, 12, 10
8,9:6, 6, -2, 12, 2, 16, 4, 22
8,9:6, 6, -2, 12, 2, 16, 22, 4
-1,4:6, 6, 2, -4, -2, 8, 10, -4
-1,4:6, 6, 2, -4, -2, 8, 10, -2
-1,4:6, 6, 2, -4, -2, 8, 10, 0
2,21:6, 6, 2, -4, 8, -2, 6, 22
10,15:6, 6, 2, -4, 8, -2, 8, 20
10,15:6, 6, 2, -4, 8, -2, 20, 8
2,21:6, 6, 2, -4, 8, -2, 22, 6
2,21:6, 6, 2, -4, 8, 6, 22, -2
2,21:6, 6, 2, -4, 8, 6, 22, 0
7,3:6, 6, 2, -4, 8, 8, 8, 12
7,3:6, 6, 2, -4, 8, 8, 8, 14
10,15:6, 6, 2, -4, 8, 8, 20, -2
3,9:6, 6, 2, -2, 6, 0, -2, -2
3,9:6, 6, 2, -2, 6, 0, -2, 0
11,5:6, 6, 2, 2, -8, -14, -6, 10
11,5:6, 6, 2, 2, -8, -14, -6, 12
11,5:6, 6, 2, 2, -8, -14, -6, 14
11,5:6, 6, 2, 2, -8, -14, 10, -6
3,8:6, 6, 2, 2, -8, -6, 18, -4
7,16:6, 6, 2, 2, 8, -8, -2, -8
6,-1:6, 6, 2, 4, -4, 6, 6, 8
6,-1:6, 6, 2, 4, -4, 6, 6, 10
6,-1:6, 6, 2, 4, -4, 6, 6, 12
3,6:6, 6, 2, 12, 8, 14, -2, -12
1,16:6, 6, 6, -6, 0, 14, 6, 18
1,16:6, 6, 6, -6, 0, 14, 18, 6
-4,7:6, 6, 6, -4, 6, 10, 14, -8
-4,7:6, 6, 6, -4, 6, 10, 14, 2
-4,7:6, 6, 6, -2, 6, 10, 14, -4
-4,7:6, 6, 6, -2, 6, 10, 14, -2
-4,7:6, 6, 6, -2, 6, 10, 14, 0
7,2:6, 6, 6, 10, 14, 18, -2, 6
7,2:6, 6, 6, 10, 14, 18, -2, 12
7,2:6, 6, 6, 10, 14, 18, 6, -2
-13,11:6, 6, 8, -4, -4, 10, 14, 6
1,3:6, 6, 8, 8, 2, 4, 8, 8
-5,14:6, 6, 8, 8, 14, 4, -6, 22
-5,14:6, 6, 8, 8, 14, 4, 22, -6
13,-2:6, 6, 14, 6, -4, -6, 0, 10
13,-2:6, 6, 14, 6, -4, -6, 10, 0
13,-2:6, 6, 14, 6, -4, 0, 0, 2
13,-2:6, 6, 14, 6, -4, 0, 0, 6
13,-2:6, 6, 14, 6, -4, 0, 10, -6
13,-2:6, 6, 14, 6, -4, 0, 10, -2
13,-2:6, 6, 14, 6, -4, 0, 14, 2
13,-2:6, 6, 14, 6, -4, 14, 16, 2
11,-6:6, 6, 14, 8, 16, -6, -6, -6
10,1:6, 6, 14, 8, 16, -6, -6, 0
10,1:6, 6, 14, 8, 16, -6, -2, -6
-14,3:6, 6, 14, 10, -4, 2, 30, 20
-9,6:6, 6, 14, 10, 4, 16, 10, 18
-9,6:6, 6, 14, 10, 4, 16, 10, 20
4,17:6, 6, 14, 10, 4, 16, 10, 22
