4,-6:-4, 0, -2, 8
4,-6:-4, 0, 2, -8
4,-6:-4, 0, 4, 10
4,-11:-4, -6, -8, -2, -20
4,-6:-4, 0, -16, 4, 2
4,-6:-4, 0, -12, -4, -2
4,-6:-4, 0, -12, 2, 0
4,-6:-4, 0, -12, 2, 2
4,-6:-4, 0, -12, 2, 4
4,-6:-4, 0, -12, 4, -2
4,-6:-4, 0, -12, 4, 8
4,-6:-4, 0, -12, 6, 6
4,-6:-4, 0, -8, 8, 4
4,-6:-4, 0, -4, -2, -12
4,-6:-4, 0, -4, -2, -10
4,-6:-4, 0, -4, -2, -8
4,-6:-4, 0, -2, 4, 10
4,-6:-4, 0, -2, 6, 2
4,-6:-4, 0, -2, 6, 4
4,-6:-4, 0, 2, -4, -6
4,-6:-4, 0, 2, -2, -12
4,-6:-4, 0, 6, 4, -8
4,-6:-4, 0, 8, 4, -8
-5,6:6, 6, 2, -2, -8
-5,6:6, 6, 2, 0, 10
-5,6:6, 6, 2, 4, -6
-2,-1:-4, -12, -8, -18, -20, 2
-2,-1:-4, -12, -8, -18, -20, 4
-2,-1:-4, -12, -8, -18, -20, 6
-2,-1:-4, -12, -8, -18, 2, -20
-2,-1:-4, -12, -8, -18, 2, -10
3,4:-4, -6, -14, 6, 12, 20
3,4:-4, -6, -14, 6, 12, 22
3,4:-4, -6, -14, 6, 12, 24
11,5:-4, -4, -8, -12, -8, -16
4,-6:-4, 0, -16, -6, 2, -2
4,-6:-4, 0, -16, -4, -2, -14
4,-6:-4, 0, -16, -4, -2, -12
4,-6:-4, 0, -16, -4, -2, -10
4,-6:-4, 0, -16, 2, -4, -2
6,5:-4, 0, -12, -12, -6, -4
-1,4:-4, 0, -12, -12, -2, -4
-1,4:-4, 0, -12, -12, -2, 0
4,-6:-4, 0, -12, -4, 6, 6
4,-6:-4, 0, -12, 0, 6, 6
4,-6:-4, 0, -12, 2, -4, -2
4,-6:-4, 0, -12, 2, -4, 0
4,-6:-4, 0, -12, 2, -4, 2
4,-6:-4, 0, -12, 6, 10, -2
4,-6:-4, 0, -12, 8, 4, 0
4,-6:-4, 0, -12, 8, 4, 2
4,-6:-4, 0, -12, 8, 4, 4
4,-6:-4, 0, -8, -4, -4, -8
4,-6:-4, 0, -8, -4, -4, -6
4,-6:-4, 0, -8, -4, -4, -4
4,-6:-4, 0, -8, 2, -4, 2
4,-6:-4, 0, -8, 2, -4, 4
4,-6:-4, 0, -8, 2, -4, 6
4,-6:-4, 0, -8, 4, 0, 14
4,-6:-4, 0, -8, 4, 14, 0
4,-6:-4, 0, -8, 4, 14, 2
4,-6:-4, 0, -8, 6, -8, 2
4,-6:-4, 0, -8, 6, -8, 4
4,-6:-4, 0, -8, 6, 0, -2
4,-6:-4, 0, -8, 6, 0, 0
4,-6:-4, 0, -8, 6, 0, 2
4,-6:-4, 0, -8, 8, 8, -6
4,-6:-4, 0, -8, 8, 8, 4
4,-6:-4, 0, -4, 8, 6, -4
4,-6:-4, 0, -2, 4, 2, -2
4,-6:-4, 0, -2, 4, 2, 0
4,-6:-4, 0, -2, 6, 8, 8
4,-6:-4, 0, -2, 6, 8, 12
4,-6:-4, 0, -2, 6, 10, 8
4,-6:-4, 0, -2, 6, 14, 10
4,-6:-4, 0, -2, 6, 14, 12
4,-6:-4, 0, -2, 6, 14, 14
4,-6:-4, 0, 2, -6, -14, 0
4,-6:-4, 0, 2, -6, -14, 2
4,-6:-4, 0, 2, -6, 0, -14
4,-6:-4, 0, 2, -6, 0, -4
4,-6:-4, 0, 2, -4, -8, 0
4,-6:-4, 0, 2, -2, -14, 0
4,-6:-4, 0, 2, -2, -14, 2
4,-6:-4, 0, 2, -2, -14, 4
4,-6:-4, 0, 2, -2, -10, -16
4,-6:-4, 0, 2, -2, -10, -12
4,-6:-4, 0, 2, -2, -6, -12
4,-6:-4, 0, 2, -2, -6, -10
4,-6:-4, 0, 2, -2, -6, -8
4,-6:-4, 0, 2, -2, -4, -16
4,-6:-4, 0, 2, -2, -4, -6
4,-6:-4, 0, 4, -6, -8, -2
4,-6:-4, 0, 4, -6, -8, 0
4,-6:-4, 0, 4, -6, -8, 2
4,-6:-4, 0, 4, -6, -4, -10
4,-6:-4, 0, 4, -6, -4, -6
4,-6:-4, 0, 4, -6, 4, -12
4,-6:-4, 0, 4, -6, 4, -10
4,-6:-4, 0, 6, 4, 10, -8
4,-6:-4, 0, 8, 4, -4, -2
4,-6:-4, 0, 8, 4, -4, 0
4,-6:-4, 0, 8, 4, -4, 2
7,-3:6, -4, -4, 0, -2, 8
7,-3:6, -4, -4, 0, 2, -8
7,-3:6, -4, -4, 0, 4, 10
-5,6:6, 6, 2, -6, -2, 10
-5,6:6, 6, 2, -6, 10, -2
-5,6:6, 6, 2, -4, -4, 10
-5,6:6, 6, 2, -4, -4, 12
-5,6:6, 6, 2, -4, -4, 14
-5,6:6, 6, 2, -4, -2, 10
-5,6:6, 6, 2, -4, 12, -4
-5,6:6, 6, 2, -2, 10, -6
-5,6:6, 6, 2, -2, 10, 4
-5,6:6, 6, 2, -2, 18, 0
-5,6:6, 6, 2, 0, 4, 14
-5,6:6, 6, 2, 0, 6, 8
-5,6:6, 6, 2, 0, 12, -2
-5,6:6, 6, 2, 0, 12, 0
-5,6:6, 6, 2, 0, 12, 2
-5,6:6, 6, 2, 4, -4, -2
-5,6:6, 6, 2, 4, -4, 0
-5,6:6, 6, 2, 4, -2, -8
-5,6:6, 6, 2, 6, 10, 4
-10,6:6, 6, 8, 10, 4, 22
-14,11:-4, -14, -8, 20, 16, 12, 6
-14,11:-4, -14, -8, 20, 16, 14, 24
-14,11:-4, -14, -8, 20, 16, 18, 8
6,9:-4, -14, 14, -2, -6, -10, -16
6,9:-4, -14, 14, -2, -6, -8, 2
6,9:-4, -14, 14, -2, -6, -4, -14
-2,-1:-4, -12, -8, -18, -20, -2, 0
-2,-1:-4, -12, -8, -18, -20, -2, 2
-2,-1:-4, -12, -8, -18, -20, -2, 4
5,1:-4, -12, -4, 6, 2, 2, 10
5,1:-4, -12, -4, 6, 2, 2, 12
5,1:-4, -12, -4, 6, 2, 10, 2
3,4:-4, -6, -14, 6, 12, 28, 22
3,4:-4, -6, -14, 6, 12, 28, 24
3,4:-4, -6, -14, 6, 12, 28, 26
-12,0:-4, -6, -6, 0, -2, -4, 6
9,-2:-4, -6, -6, 4, -6, 0, 8
9,-2:-4, -6, -6, 4, -6, 0, 10
9,-2:-4, -6, -6, 4, -6, 0, 12
6,-10:-4, -6, 0, -8, -6, -8, 2
6,-10:-4, -6, 0, -8, -6, -4, -14
6,-10:-4, -6, 0, -8, -6, -2, 4
-1,0:-4, -6, 6, 10, -6, -10, 6
-1,0:-4, -6, 6, 10, -6, -10, 8
-1,0:-4, -6, 6, 10, -6, -10, 10
-1,0:-4, -6, 6, 10, -6, 6, -10
-1,0:-4, -6, 6, 10, -6, 6, -6
9,5:-4, -4, -14, 2, 10, 4, 8
10,6:-4, -4, -8, -4, -12, -4, 4
4,-11:-4, -4, -8, 6, -2, -20, 0
4,-11:-4, -4, -8, 6, -2, -20, 10
9,5:-4, -4, 2, 10, 4, 8, -14
4,-6:-4, 0, -16, -6, -4, -2, -12
4,-6:-4, 0, -16, -6, -4, -2, -10
4,-6:-4, 0, -16, -6, -4, -2, -8
4,-6:-4, 0, -16, -6, 2, -4, -8
4,-6:-4, 0, -16, -6, 2, -4, -2
4,-6:-4, 0, -16, -6, 8, 4, -2
4,-6:-4, 0, -16, 2, -4, -16, -26
4,-6:-4, 0, -16, 2, -4, -4, -6
4,-6:-4, 0, -16, 2, -4, -4, 4
4,-6:-4, 0, -16, 8, 4, -4, -2
0,3:-4, 0, -12, -12, -6, 4, 6
-1,4:-4, 0, -12, -12, -2, -2, 2
-1,4:-4, 0, -12, -12, -2, -2, 4
-1,4:-4, 0, -12, -12, -2, -2, 6
-1,4:-4, 0, -12, -12, -2, 2, 2
3,12:-4, 0, -12, -12, 8, 12, -6
4,-6:-4, 0, -12, -6, -6, 0, 0
4,-6:-4, 0, -12, -6, -6, 0, 4
4,-6:-4, 0, -12, -6, 6, 6, -4
4,-6:-4, 0, -12, -6, 6, 6, -2
4,-6:-4, 0, -12, -4, 6, 2, 0
4,-6:-4, 0, -12, -4, 6, 8, -2
4,-6:-4, 0, -12, -4, 8, 0, 2
4,-6:-4, 0, -12, -4, 8, 0, 4
4,-6:-4, 0, -12, -4, 8, 0, 6
4,-6:-4, 0, -12, -4, 8, 10, 4
4,-6:-4, 0, -12, -4, 8, 12, 14
4,-6:-4, 0, -12, 0, 6, 4, -2
4,-6:-4, 0, -12, 0, 6, 4, 8
4,-6:-4, 0, -12, 0, 8, 12, 6
-1,2:-4, 0, -12, 2, -4, -8, -10
-1,2:-4, 0, -12, 2, -4, -8, -8
4,-6:-4, 0, -12, 2, -4, 6, 0
4,-6:-4, 0, -12, 2, -4, 6, 2
4,-6:-4, 0, -12, 2, -4, 6, 4
4,-6:-4, 0, -12, 2, 6, 8, 0
4,-6:-4, 0, -12, 4, 4, 0, 8
4,-6:-4, 0, -12, 6, 2, 6, -2
4,-6:-4, 0, -12, 6, 4, 8, 10
4,-6:-4, 0, -8, -4, -4, -12, -10
4,-6:-4, 0, -8, -4, -4, -12, -8
4,-6:-4, 0, -8, -4, -4, -12, -6
4,-6:-4, 0, -8, -4, -2, 2, -2
4,-6:-4, 0, -8, -4, -2, 2, 0
4,-6:-4, 0, -8, -4, -2, 6, 2
4,-6:-4, 0, -8, -4, -2, 10, 2
4,-6:-4, 0, -8, -4, 2, 2, 2
4,-6:-4, 0, -8, -4, 2, 10, 2
4,-6:-4, 0, -8, -4, 10, -2, 4
4,-6:-4, 0, -8, -4, 10, -2, 6
4,-6:-4, 0, -8, -4, 10, 4, -2
4,-6:-4, 0, -8, -2, -4, 4, -4
4,-6:-4, 0, -8, -2, -4, 8, 12
4,-6:-4, 0, -8, -2, -4, 10, 10
4,-6:-4, 0, -8, -2, 0, 4, -6
4,-6:-4, 0, -8, -2, 0, 4, -4
4,-6:-4, 0, -8, -2, 4, 4, -4
4,-6:-4, 0, -8, -2, 8, -4, 2
4,-6:-4, 0, -8, -2, 8, -4, 4
4,-6:-4, 0, -8, -2, 8, -4, 6
4,-6:-4, 0, -8, 2, -4, 10, 4
4,-6:-4, 0, -8, 2, -4, 10, 6
4,-6:-4, 0, -8, 2, -4, 10, 8
4,-6:-4, 0, -8, 4, 0, 10, 8
4,-6:-4, 0, -8, 4, 0, 12, 12
4,-6:-4, 0, -8, 4, 0, 12, 18
4,-6:-4, 0, -8, 6, -8, 0, 2
4,-6:-4, 0, -8, 6, -8, 0, 4
4,-6:-4, 0, -8, 6, -8, 0, 10
4,-6:-4, 0, -8, 6, -8, 6, 2
4,-6:-4, 0, -8, 6, -8, 6, 4
4,-6:-4, 0, -8, 6, -8, 6, 6
4,-6:-4, 0, -8, 6, -8, 10, 4
4,-6:-4, 0, -8, 6, -4, 4, -2
4,-6:-4, 0, -8, 6, -4, 4, 0
4,-6:-4, 0, -8, 6, -4, 6, -2
4,-6:-4, 0, -8, 6, -2, 6, -6
4,-6:-4, 0, -8, 6, -2, 6, -2
4,-6:-4, 0, -8, 6, 8, 4, -14
4,-6:-4, 0, -8, 6, 8, 10, -8
4,-6:-4, 0, -8, 6, 8, 10, 2
4,-6:-4, 0, -8, 8, -8, 10, 12
4,-6:-4, 0, -8, 8, -8, 10, 16
4,-6:-4, 0, -8, 8, -8, 10, 22
4,-6:-4, 0, -8, 8, -8, 12, 10
4,-6:-4, 0, -8, 8, -4, -6, 0
4,-6:-4, 0, -8, 8, -4, -6, 4
4,-6:-4, 0, -8, 8, -4, 0, -6
4,-6:-4, 0, -8, 8, -4, 0, -4
4,-6:-4, 0, -8, 8, -4, 0, -2
4,-6:-4, 0, -8, 8, -4, 2, -2
4,-6:-4, 0, -8, 8, 10, 0, 8
4,-6:-4, 0, -8, 8, 10, 0, 10
4,-6:-4, 0, -8, 8, 10, 2, 4
4,-6:-4, 0, -8, 8, 10, 8, 0
4,-6:-4, 0, -8, 8, 10, 8, 4
4,-6:-4, 0, -4, -2, -6, -4, -12
4,-4:-4, 0, -2, 4, 2, 4, -6
4,-6:-4, 0, -2, 4, 2, 4, -2
4,-6:-4, 0, -2, 4, 2, 4, 0
4,-6:-4, 0, -2, 4, 2, 4, 2
4,-6:-4, 0, -2, 4, 6, 2, 10
4,-6:-4, 0, -2, 4, 6, 2, 12
4,-6:-4, 0, -2, 4, 6, 6, 4
4,-6:-4, 0, -2, 4, 6, 8, 6
4,-6:-4, 0, -2, 4, 8, -2, 10
4,-6:-4, 0, -2, 4, 8, 8, 6
4,-6:-4, 0, -2, 4, 8, 14, 4
4,-6:-4, 0, -2, 6, 6, 0, 8
4,-6:-4, 0, -2, 6, 8, 6, 6
4,-6:-4, 0, -2, 6, 8, 10, 2
4,-6:-4, 0, -2, 6, 8, 10, 4
4,-6:-4, 0, -2, 6, 8, 10, 6
4,-6:-4, 0, -2, 6, 10, 10, 4
4,-6:-4, 0, -2, 6, 10, 10, 10
4,-6:-4, 0, -2, 6, 10, 12, 14
4,-6:-4, 0, -2, 6, 14, 18, 12
4,-6:-4, 0, -2, 6, 14, 18, 14
4,-6:-4, 0, -2, 6, 14, 18, 16
4,-6:-4, 0, 0, -6, 6, 6, -14
4,-6:-4, 0, 0, -6, 6, 6, -12
4,-6:-4, 0, 0, 6, 4, -8, -2
4,-6:-4, 0, 0, 6, 4, -8, 8
4,-6:-4, 0, 0, 6, 4, 2, 10
4,-6:-4, 0, 2, -6, -14, -2, 0
4,-6:-4, 0, 2, -6, -14, -2, 2
4,-6:-4, 0, 2, -6, -14, -2, 8
4,-6:-4, 0, 2, -6, -14, 4, 0
4,-6:-4, 0, 2, -6, -14, 4, 2
4,-6:-4, 0, 2, -6, -14, 4, 4
4,-6:-4, 0, 2, -6, 4, -8, -14
4,-6:-4, 0, 2, -6, 4, -8, -4
4,-6:-4, 0, 2, -4, -8, -10, -14
4,-6:-4, 0, 2, -4, -8, -10, -12
4,-6:-4, 0, 2, -4, -8, -10, -10
4,-6:-4, 0, 2, -4, -8, -6, -4
4,-6:-4, 0, 2, -4, -8, -4, -8
4,-6:-4, 0, 2, -4, -8, -4, -6
4,-6:-4, 0, 2, -4, -4, -12, 4
4,-6:-4, 0, 2, -4, -4, -8, -6
4,-6:-4, 0, 2, -4, -4, -6, 2
4,-6:-4, 0, 2, -4, -4, -6, 6
4,-6:-4, 0, 2, -4, -4, 2, -10
4,-6:-4, 0, 2, -4, 6, -8, -8
4,-6:-4, 0, 2, -4, 6, -8, -4
4,-6:-4, 0, 2, -4, 6, -6, -16
4,-6:-4, 0, 2, -4, 6, -6, -6
4,-6:-4, 0, 2, -2, -14, 8, 2
4,-6:-4, 0, 2, -2, -14, 8, 4
4,-6:-4, 0, 2, -2, -14, 8, 6
4,-6:-4, 0, 2, -2, -10, -14, -10
4,-6:-4, 0, 2, -2, -10, -14, -8
4,-6:-4, 0, 2, -2, -10, -14, -6
4,-6:-4, 0, 2, -2, -10, -10, -10
4,-6:-4, 0, 2, -2, -8, -10, -2
4,-6:-4, 0, 2, -2, -6, -4, -10
4,-6:-4, 0, 2, -2, -6, -4, -8
4,-6:-4, 0, 2, -2, -6, -4, -6
4,-6:-4, 0, 2, 6, -8, 4, 6
4,-6:-4, 0, 2, 6, -8, 4, 16
4,-6:-4, 0, 2, 6, -4, -8, 16
4,-6:-4, 0, 2, 6, 14, 16, -8
4,-6:-4, 0, 4, -6, -16, -10, -8
4,-6:-4, 0, 4, -6, -16, -10, 2
4,-6:-4, 0, 4, -6, -16, 0, -6
4,-6:-4, 0, 4, -6, -8, -6, -4
4,-6:-4, 0, 4, -6, -8, -6, -2
4,-6:-4, 0, 4, -6, -8, -6, 0
4,-6:-4, 0, 4, -6, -4, -12, -12
4,-6:-4, 0, 4, -6, -4, -8, -16
4,-6:-4, 0, 4, -6, -4, -8, -14
4,-6:-4, 0, 4, -6, -4, -8, -12
4,-6:-4, 0, 4, -6, 0, -10, -4
4,-6:-4, 0, 4, -6, 0, -10, 0
4,-6:-4, 0, 4, -6, 4, -18, -12
4,-6:-4, 0, 4, -6, 4, -16, -18
4,-6:-4, 0, 4, -6, 4, -8, -18
4,-6:-4, 0, 4, -6, 4, -8, -12
4,-6:-4, 0, 4, -6, 4, -8, -10
4,-6:-4, 0, 4, 4, 6, 4, 14
4,-6:-4, 0, 6, 2, -2, -4, 2
4,-6:-4, 0, 6, 2, -2, -2, 6
4,-6:-4, 0, 6, 2, -2, -2, 14
4,-6:-4, 0, 6, 2, -2, 6, -2
4,-6:-4, 0, 6, 2, 6, 4, -4
4,-6:-4, 0, 6, 4, -6, -4, -4
4,-6:-4, 0, 6, 4, -6, -4, -2
4,-6:-4, 0, 6, 4, -6, -2, -2
4,-6:-4, 0, 6, 4, -6, -2, 0
4,-6:-4, 0, 6, 4, -6, -2, 2
4,-6:-4, 0, 6, 4, -6, 0, 0
4,-6:-4, 0, 6, 4, -6, 0, 6
4,-6:-4, 0, 6, 4, -6, 6, -4
4,-6:-4, 0, 6, 4, -6, 6, -2
4,-6:-4, 0, 6, 4, -6, 6, 0
4,-6:-4, 0, 6, 4, -6, 8, 6
4,-6:-4, 0, 6, 4, 0, 10, -4
4,-6:-4, 0, 6, 8, 4, 8, -4
4,-6:-4, 0, 6, 8, 10, 2, -4
4,-6:-4, 0, 6, 10, 10, -2, -4
4,-6:-4, 0, 6, 10, 10, -2, 4
4,-6:-4, 0, 8, 4, -4, 6, 0
4,-6:-4, 0, 8, 4, -4, 6, 2
4,-6:-4, 0, 8, 4, -4, 6, 4
4,-6:-4, 0, 8, 10, -6, -8, 2
3,2:-4, 2, 2, -8, -10, -14, -20
3,2:-4, 2, 2, -8, -10, -12, -2
3,2:-4, 2, 2, -8, -10, -8, -18
7,-8:6, -4, -4, -6, -8, -2, -20
7,-3:6, -4, -4, 0, -16, 4, 2
7,-3:6, -4, -4, 0, -12, -4, -2
7,-3:6, -4, -4, 0, -12, 2, 0
7,-3:6, -4, -4, 0, -12, 2, 2
7,-3:6, -4, -4, 0, -12, 2, 4
7,-3:6, -4, -4, 0, -12, 4, -2
7,-3:6, -4, -4, 0, -12, 4, 8
7,-3:6, -4, -4, 0, -12, 6, 6
7,-3:6, -4, -4, 0, -8, 8, 4
7,-3:6, -4, -4, 0, -4, -2, -12
7,-3:6, -4, -4, 0, -4, -2, -10
7,-3:6, -4, -4, 0, -4, -2, -8
7,-3:6, -4, -4, 0, -2, 4, 10
7,-3:6, -4, -4, 0, -2, 6, 2
7,-3:6, -4, -4, 0, -2, 6, 4
7,-3:6, -4, -4, 0, 2, -4, -6
7,-3:6, -4, -4, 0, 2, -2, -12
7,-3:6, -4, -4, 0, 6, 4, -8
7,-3:6, -4, -4, 0, 8, 4, -8
-2,9:6, -4, 6, 6, 2, -2, -8
-2,9:6, -4, 6, 6, 2, 0, 10
-2,9:6, -4, 6, 6, 2, 4, -6
5,5:6, 6, -2, -4, 16, -10, -22
5,5:6, 6, -2, -4, 16, -10, -20
5,5:6, 6, -2, -4, 16, -10, -18
-5,6:6, 6, 2, -6, -4, 6, 6
-5,6:6, 6, 2, -6, -2, 6, 0
-5,6:6, 6, 2, -6, -2, 6, 2
-5,6:6, 6, 2, -6, -2, 6, 4
-5,6:6, 6, 2, -6, -2, 12, -2
-5,6:6, 6, 2, -6, -2, 12, 0
-5,6:6, 6, 2, -6, -2, 12, 2
-5,6:6, 6, 2, -6, 10, -6, -2
-5,6:6, 6, 2, -6, 10, -6, 8
-5,6:6, 6, 2, -4, -8, 12, 4
-5,6:6, 6, 2, -4, -4, 18, 12
-5,6:6, 6, 2, -4, -4, 18, 14
-5,6:6, 6, 2, -4, -4, 18, 16
-5,6:6, 6, 2, -4, -2, -8, 10
-5,6:6, 6, 2, -4, 0, 2, -4
-5,6:6, 6, 2, -4, 0, 6, -2
-5,6:6, 6, 2, -4, 0, 6, 0
-5,6:6, 6, 2, -4, 2, 12, -4
-5,6:6, 6, 2, -4, 10, 2, 0
-5,6:6, 6, 2, -4, 10, 2, 2
-5,6:6, 6, 2, -4, 10, 2, 4
-5,6:6, 6, 2, -2, 8, -2, 12
-5,6:6, 6, 2, -2, 8, -2, 14
-5,6:6, 6, 2, -2, 8, 6, 8
-5,6:6, 6, 2, -2, 8, 6, 12
-5,6:6, 6, 2, -2, 8, 10, 0
-5,6:6, 6, 2, -2, 8, 10, 2
-5,6:6, 6, 2, -2, 8, 10, 4
-5,6:6, 6, 2, 0, 4, 6, 8
-5,6:6, 6, 2, 0, 4, 6, 18
-5,6:6, 6, 2, 0, 4, 8, 10
-5,6:6, 6, 2, 0, 4, 8, 12
-5,6:6, 6, 2, 0, 4, 8, 14
-5,6:6, 6, 2, 0, 4, 12, 14
-5,6:6, 6, 2, 0, 4, 12, 18
-5,6:6, 6, 2, 0, 4, 16, -2
-5,6:6, 6, 2, 0, 4, 16, 0
-5,6:6, 6, 2, 0, 4, 16, 2
-5,6:6, 6, 2, 0, 6, 10, 2
-5,6:6, 6, 2, 0, 6, 12, 0
-5,6:6, 6, 2, 0, 6, 12, 2
-5,6:6, 6, 2, 0, 6, 12, 4
-5,6:6, 6, 2, 0, 6, 18, 4
-5,6:6, 6, 2, 0, 8, 0, 6
-5,6:6, 6, 2, 0, 8, 0, 16
-5,6:6, 6, 2, 0, 8, 6, 0
-5,6:6, 6, 2, 0, 8, 6, 2
-5,6:6, 6, 2, 0, 18, 8, 4
-5,6:6, 6, 2, 4, -4, -12, -12
-5,6:6, 6, 2, 4, -4, -12, -10
-5,6:6, 6, 2, 4, -4, -12, -8
-5,6:6, 6, 2, 4, -4, -8, -6
-5,6:6, 6, 2, 4, -4, -6, -10
-5,6:6, 6, 2, 4, -4, -6, -6
-5,6:6, 6, 2, 4, -2, 0, 2
-5,6:6, 6, 2, 4, -2, 0, 4
-5,6:6, 6, 2, 10, -2, -12, 0
-5,6:6, 6, 2, 10, -2, -12, 2
-5,6:6, 6, 2, 10, -2, 0, -12
-5,6:6, 6, 2, 10, 0, -4, -4
-5,6:6, 6, 2, 10, 0, -4, -2
-5,6:6, 6, 2, 10, 0, -4, 0
-5,6:6, 6, 2, 10, 6, 6, 6
-5,6:6, 6, 2, 10, 6, 6, 8
-5,6:6, 6, 2, 10, 6, 6, 10
6,8:6, 6, 2, 12, 8, 14, 6
5,1:6, 6, 2, 12, 14, 4, 2
5,1:6, 6, 2, 12, 14, 4, 6
6,13:6, 6, 6, 10, 14, 10, 18
0,0:6, 6, 14, 10, -4, 10, 12
0,0:6, 6, 14, 10, -4, 10, 22
0,0:6, 6, 14, 10, 10, 12, -4
0,0:6, 6, 14, 10, 10, 12, -2
0,0:6, 6, 14, 10, 10, 12, 0
18,0:-4, -14, -12, 14, -12, -8, -10, 0
18,0:-4, -14, -12, 14, -12, -8, -6, -16
18,0:-4, -14, -12, 14, -12, -8, -4, 2
-2,2:-4, -14, -8, 10, 10, 14, 12, 22
-2,2:-4, -14, -8, 10, 10, 14, 16, 6
-2,2:-4, -14, -8, 10, 10, 14, 18, 24
-14,11:-4, -14, -8, 20, 16, 8, 12, 24
-14,11:-4, -14, -8, 20, 16, 8, 24, 12
-14,11:-4, -14, -8, 20, 16, 10, 10, 24
-14,11:-4, -14, -8, 20, 16, 10, 10, 26
-14,11:-4, -14, -8, 20, 16, 10, 10, 28
-14,11:-4, -14, -8, 20, 16, 10, 12, 24
-14,11:-4, -14, -8, 20, 16, 10, 26, 10
-14,11:-4, -14, -8, 20, 16, 12, 24, 8
-14,11:-4, -14, -8, 20, 16, 12, 24, 18
-14,11:-4, -14, -8, 20, 16, 12, 32, 14
-14,11:-4, -14, -8, 20, 16, 14, 18, 28
-14,11:-4, -14, -8, 20, 16, 14, 20, 22
-14,11:-4, -14, -8, 20, 16, 14, 26, 12
-14,11:-4, -14, -8, 20, 16, 14, 26, 14
-14,11:-4, -14, -8, 20, 16, 14, 26, 16
-14,11:-4, -14, -8, 20, 16, 18, 10, 12
-14,11:-4, -14, -8, 20, 16, 18, 10, 14
-14,11:-4, -14, -8, 20, 16, 18, 12, 6
-14,11:-4, -14, -8, 20, 16, 20, 24, 18
-19,11:-4, -14, -8, 20, 22, 24, 18, 36
-2,2:-4, -14, 10, 10, 14, -4, 10, 12
-2,2:-4, -14, 10, 10, 14, -4, 16, 14
-2,2:-4, -14, 10, 10, 14, -4, 16, 16
-2,2:-4, -14, 10, 10, 14, -4, 16, 18
-2,2:-4, -14, 10, 10, 14, -4, 18, 12
-2,2:-4, -14, 10, 10, 14, -4, 18, 22
-2,2:-4, -14, 10, 10, 14, -4, 20, 20
-2,2:-4, -14, 10, 10, 14, 10, 12, -4
-2,2:-4, -14, 10, 10, 14, 12, 22, -8
-2,2:-4, -14, 10, 10, 14, 12, 22, -6
-2,2:-4, -14, 10, 10, 14, 12, 22, -4
6,9:-4, -14, 14, -2, -6, -14, -10, 2
6,9:-4, -14, 14, -2, -6, -14, 2, -10
6,9:-4, -14, 14, -2, -6, -12, -12, 2
6,9:-4, -14, 14, -2, -6, -12, -12, 4
6,9:-4, -14, 14, -2, -6, -12, -12, 6
6,9:-4, -14, 14, -2, -6, -12, -10, 2
6,9:-4, -14, 14, -2, -6, -12, 4, -12
6,9:-4, -14, 14, -2, -6, -10, 2, -14
6,9:-4, -14, 14, -2, -6, -10, 2, -4
6,9:-4, -14, 14, -2, -6, -10, 10, -8
6,9:-4, -14, 14, -2, -6, -8, -4, 6
6,9:-4, -14, 14, -2, -6, -8, -2, 0
6,9:-4, -14, 14, -2, -6, -8, 4, -10
6,9:-4, -14, 14, -2, -6, -8, 4, -8
6,9:-4, -14, 14, -2, -6, -8, 4, -6
6,9:-4, -14, 14, -2, -6, -4, -12, -10
6,9:-4, -14, 14, -2, -6, -4, -12, -8
6,9:-4, -14, 14, -2, -6, -4, -10, -16
6,9:-4, -14, 14, -2, -6, -2, 2, -4
1,9:-4, -14, 14, -2, 0, 2, -4, 14
7,0:-4, -12, -14, 0, -8, -2, 0, -16
-2,-1:-4, -12, -8, -18, -20, -2, 8, 2
-2,-1:-4, -12, -8, -18, -20, -2, 8, 4
-2,-1:-4, -12, -8, -18, -20, -2, 8, 6
-2,-1:-4, -12, -8, -18, -20, 8, 10, 2
-2,-1:-4, -12, -8, -18, -14, -18, 2, -10
-2,-1:-4, -12, -8, -14, -22, -16, -20, 0
5,-10:-4, -12, -8, -14, -14, -8, -2, -2
5,-10:-4, -12, -8, -14, -14, -2, -2, -8
-2,-1:-4, -12, -8, -14, -10, -12, 2, -12
-2,-1:-4, -12, -8, -14, -8, -14, -14, -20
-2,-1:-4, -12, -8, -14, -8, -14, -14, -18
-2,-1:-4, -12, -8, -14, -8, -6, 4, -6
-2,-1:-4, -12, -8, -14, 0, -20, -14, -24
-2,-1:-4, -12, -8, -14, 2, -2, -34, -30
-3,-5:-4, -12, -6, -2, -4, 8, -8, -8
-3,-5:-4, -12, -6, -2, -4, 8, -8, -6
-1,-2:-4, -12, -4, -8, -6, -10, -14, -20
-1,-2:-4, -12, -4, -8, -6, -10, -12, -2
-1,-2:-4, -12, -4, -8, -6, -10, -8, -18
4,-6:-4, -12, -4, -4, -10, -18, -2, -4
4,-6:-4, -12, -4, -4, -10, -2, -4, -18
4,-6:-4, -12, -4, -4, -10, -2, -4, -14
5,1:-4, -12, -4, 6, 2, 2, 16, 16
5,1:-4, -12, -4, 6, 2, 2, 16, 20
5,1:-4, -12, -4, 6, 2, 2, 18, 16
5,1:-4, -12, -4, 6, 2, 2, 22, 18
5,1:-4, -12, -4, 6, 2, 2, 22, 20
5,1:-4, -12, -4, 6, 2, 2, 22, 22
5,1:-4, -12, -4, 6, 16, 2, 2, 20
5,1:-4, -12, -4, 6, 16, 2, 2, 22
2,-4:-4, -12, 0, -10, -2, 6, -4, 0
2,-4:-4, -12, 0, -10, -2, 6, -4, 2
2,-4:-4, -12, 0, -10, -2, 6, -4, 4
9,-3:-4, -12, 4, -6, -2, -4, 6, 2
4,5:-4, -12, 4, 4, -8, -10, -20, -20
4,5:-4, -12, 4, 4, -8, -10, -20, -10
4,5:-4, -12, 4, 4, -8, -10, -10, -20
4,5:-4, -12, 4, 4, -8, -10, -10, -16
16,-4:-4, -12, 4, 4, -8, -10, -10, -2
16,-4:-4, -12, 4, 4, -8, -10, -10, 2
16,-4:-4, -12, 4, 4, -8, -10, -2, -10
-8,5:-4, -6, -14, -2, 8, 4, 0, -6
-8,5:-4, -6, -14, -2, 8, 4, 2, 12
-8,5:-4, -6, -14, -2, 8, 4, 6, -4
3,4:-4, -6, -14, 6, 12, 28, 18, 20
3,4:-4, -6, -14, 6, 12, 28, 18, 22
3,4:-4, -6, -14, 6, 12, 28, 18, 24
12,-12:-4, -6, -8, -20, -20, -14, -16, -6
12,-12:-4, -6, -8, -20, -20, -14, -12, -22
12,-12:-4, -6, -8, -20, -20, -14, -10, -4
11,5:-4, -6, -8, -18, -20, -10, -16, -28
11,5:-4, -6, -8, -18, -20, -10, -16, -26
11,5:-4, -6, -8, -18, -20, -10, -16, -24
0,-13:-4, -6, -8, -16, -22, -26, -32, -6
0,-13:-4, -6, -8, -16, -22, -26, -32, 4
0,-13:-4, -6, -8, -16, -22, -26, 4, -32
0,-13:-4, -6, -8, -16, -22, -24, -20, 6
0,-13:-4, -6, -8, -16, -22, -24, 4, -14
0,-13:-4, -6, -8, -16, -22, -20, -6, -30
21,-14:-4, -6, -8, -10, -20, -12, -22, -12
-12,4:-4, -6, -6, -14, 6, 0, 2, 10
-12,4:-4, -6, -6, -14, 6, 0, 2, 12
-12,4:-4, -6, -6, -14, 6, 0, 10, 2
-12,4:-4, -6, -6, -14, 6, 10, 6, 4
-12,4:-4, -6, -6, -14, 6, 10, 6, 6
-12,4:-4, -6, -6, -14, 6, 10, 8, 2
-12,4:-4, -6, -6, -14, 6, 10, 10, 10
5,9:-4, -6, -6, -4, 2, 2, -2, -6
-10,0:-4, -6, -6, -4, 10, 12, -10, -4
-10,0:-4, -6, -6, -4, 10, 12, -10, -2
-10,0:-4, -6, -6, -4, 10, 12, -10, 0
-1,-6:-4, -6, -6, 0, -4, -14, 0, 0
-3,1:-4, -6, -6, 2, 4, -6, -14, -4
-2,-2:-4, -6, -6, 2, 6, -2, -8, -8
-2,-2:-4, -6, -6, 2, 6, -2, -8, -6
9,-2:-4, -6, -6, 4, -6, 0, 16, 10
9,-2:-4, -6, -6, 4, -6, 0, 16, 12
9,-2:-4, -6, -6, 4, -6, 0, 16, 14
5,-9:-4, -6, -4, -6, -8, -4, -6, 4
5,-9:-4, -6, -4, -6, -8, -4, -2, -12
5,-9:-4, -6, -4, -6, -8, -4, 0, 6
6,-15:-4, -6, 0, -8, -12, -14, -8, -26
6,-10:-4, -6, 0, -8, -6, -22, -2, -4
6,-10:-4, -6, 0, -8, -6, -18, -10, -8
6,-10:-4, -6, 0, -8, -6, -18, -4, -6
6,-10:-4, -6, 0, -8, -6, -18, -4, -4
6,-10:-4, -6, 0, -8, -6, -18, -4, -2
6,-10:-4, -6, 0, -8, -6, -18, -2, -8
6,-10:-4, -6, 0, -8, -6, -18, -2, 2
6,-10:-4, -6, 0, -8, -6, -18, 0, 0
6,-10:-4, -6, 0, -8, -6, -14, 2, -2
6,-10:-4, -6, 0, -8, -6, -10, -8, -18
6,-10:-4, -6, 0, -8, -6, -10, -8, -16
6,-10:-4, -6, 0, -8, -6, -10, -8, -14
6,-10:-4, -6, 0, -8, -6, -8, -2, 4
6,-10:-4, -6, 0, -8, -6, -8, 0, -4
6,-10:-4, -6, 0, -8, -6, -8, 0, -2
6,-10:-4, -6, 0, -8, -6, -4, -10, -12
6,-10:-4, -6, 0, -8, -6, -4, -8, -18
6,-10:-4, -6, 0, -8, -6, 0, -2, -14
6,-10:-4, -6, 0, -8, -6, 2, -2, -14
6,-10:-4, -6, 6, 0, -8, -6, -8, 6
6,-10:-4, -6, 6, 0, -8, -6, -8, 14
-5,6:-4, -6, 6, 0, 8, 4, 0, 4
-7,10:-4, -6, 6, 10, -10, 12, 8, 10
-1,0:-4, -6, 6, 10, -6, -12, 6, -12
-1,0:-4, -6, 6, 10, -6, -8, 6, -16
-1,0:-4, -6, 6, 10, -6, -8, 6, -14
-1,0:-4, -6, 6, 10, -6, -8, 6, -12
-1,0:-4, -6, 6, 10, 2, -6, -10, 4
-1,0:-4, -6, 6, 10, 2, -6, -10, 6
-1,0:-4, -6, 6, 10, 2, -6, -10, 8
-1,7:-4, -6, 6, 10, 12, 14, 4, 16
11,-1:-4, -4, -8, -12, -10, -16, 0, 6
11,-1:-4, -4, -8, -12, -10, -16, 0, 8
11,-1:-4, -4, -8, -12, -10, -16, 0, 10
11,-1:-4, -4, -8, -12, -10, -16, 6, 0
11,-1:-4, -4, -8, -12, -10, -10, 6, -16
10,6:-4, -4, -8, -4, -12, -4, -10, 12
15,-7:-4, -4, -8, -4, -12, 8, 4, 6
15,-7:-4, -4, -8, -4, -12, 8, 4, 8
8,-8:-4, -4, -8, 8, -6, -16, -2, 4
8,-8:-4, -4, -8, 8, -6, -16, -2, 6
8,-8:-4, -4, -8, 8, -6, -16, -2, 8
8,-8:-4, -4, -8, 8, -6, -16, 4, -2
4,-6:-4, 0, -16, -6, -16, -4, -2, -14
4,-6:-4, 0, -16, -6, -16, -4, -2, -12
4,-6:-4, 0, -16, -6, -16, -4, -2, -10
4,-6:-4, 0, -16, -6, -16, 2, -4, -2
4,-6:-4, 0, -16, -6, 0, 8, 12, 6
4,-6:-4, 0, -16, -6, 2, -6, -14, -10
4,-6:-4, 0, -16, -6, 2, -6, -14, -6
4,-6:-4, 0, -16, -6, 2, -6, -6, -12
4,-6:-4, 0, -16, -6, 2, -6, -6, -10
4,-6:-4, 0, -16, -6, 2, -6, -6, -8
4,-6:-4, 0, -16, -6, 2, -4, 6, -8
4,-6:-4, 0, -16, -6, 8, 4, -4, -2
4,-6:-4, 0, -16, -4, -2, -16, -18, -10
4,-6:-4, 0, -16, 2, -16, -12, -14, -22
4,-6:-4, 0, -16, 2, -16, -12, -14, -18
18,-4:-4, 0, -16, 2, -16, -12, -14, -10
18,-4:-4, 0, -16, 2, -16, -12, -14, -6
4,-6:-4, 0, -16, 2, -4, -16, 6, -22
4,-6:-4, 0, -16, 2, -4, -16, 6, -4
4,-6:-4, 0, -16, 4, 4, 8, 8, -6
4,-6:-4, 0, -16, 6, 4, -2, 0, 2
4,-6:-4, 0, -16, 6, 4, -2, 0, 12
4,-6:-4, 0, -16, 6, 4, -2, 12, 0
4,-6:-4, 0, -16, 6, 4, 10, 6, -8
4,-6:-4, 0, -16, 6, 10, 4, 6, 12
4,-6:-4, 0, -16, 6, 10, 4, 6, 14
4,-6:-4, 0, -16, 6, 10, 4, 6, 16
4,-6:-4, 0, -16, 6, 10, 4, 12, 6
4,-6:-4, 0, -16, 6, 10, 4, 12, 8
4,-6:-4, 0, -16, 6, 10, 4, 12, 10
4,-6:-4, 0, -16, 6, 10, 10, 12, 18
4,-6:-4, 0, -16, 8, 4, -16, -18, -4
4,-6:-4, 0, -16, 8, 4, 6, 12, 0
4,-6:-4, 0, -16, 8, 4, 6, 12, 4
-1,4:-4, 0, -12, -12, -2, -2, -2, 0
-1,4:-4, 0, -12, -12, -2, -2, -2, 2
-1,4:-4, 0, -12, -12, -2, -2, -2, 4
-1,4:-4, 0, -12, -12, -2, 2, 10, 12
-1,4:-4, 0, -12, -12, -2, 2, 10, 14
-1,4:-4, 0, -12, -12, -2, 2, 10, 16
-1,4:-4, 0, -12, -12, -2, 6, 0, 2
-1,4:-4, 0, -12, -12, -2, 6, 0, 12
-1,4:-4, 0, -12, -12, -2, 6, 4, 2
-1,4:-4, 0, -12, -12, -2, 6, 4, 4
-1,4:-4, 0, -12, -12, -2, 6, 4, 6
-1,4:-4, 0, -12, -12, -2, 6, 6, -2
4,-6:-4, 0, -12, -6, -6, 0, -2, -2
4,-6:-4, 0, -12, -6, -6, 0, 2, -6
4,-6:-4, 0, -12, -6, -6, 0, 2, -4
4,-6:-4, 0, -12, -6, -6, 0, 2, -2
4,-6:-4, 0, -12, -6, 2, 0, -6, 2
4,-6:-4, 0, -12, -6, 6, 6, -6, -4
4,-6:-4, 0, -12, -6, 6, 6, -6, -2
4,-6:-4, 0, -12, -6, 6, 6, -6, 0
4,-6:-4, 0, -12, -6, 6, 8, 10, 4
1,11:-4, 0, -12, -6, 8, -4, -2, 8
4,-6:-4, 0, -12, -6, 10, -2, 4, 2
4,-6:-4, 0, -12, -6, 10, -2, 4, 4
4,-6:-4, 0, -12, -6, 10, -2, 8, 6
4,-6:-4, 0, -12, -4, 6, 2, 2, 4
4,-6:-4, 0, -12, -4, 6, 2, 2, 6
4,-6:-4, 0, -12, -4, 6, 8, 12, -2
4,-6:-4, 0, -12, -4, 8, 0, -2, 0
4,-6:-4, 0, -12, -4, 8, 0, -2, 2
4,-6:-4, 0, -12, -4, 8, 0, -2, 4
4,-6:-4, 0, -12, -4, 8, 10, -2, -2
4,-6:-4, 0, -12, -4, 8, 10, 0, 6
4,-6:-4, 0, -12, -4, 8, 10, 0, 8
4,-6:-4, 0, -12, -4, 8, 10, 0, 10
4,-6:-4, 0, -12, -4, 8, 10, 2, 4
4,-6:-4, 0, -12, -4, 8, 12, 6, 0
4,-6:-4, 0, -12, -4, 8, 12, 6, 2
4,-6:-4, 0, -12, -4, 8, 12, 6, 4
4,-6:-4, 0, -12, 0, -8, -8, -12, 8
4,-6:-4, 0, -12, 0, -8, 0, 6, 10
4,-6:-4, 0, -12, 0, -8, 0, 6, 12
4,-6:-4, 0, -12, 0, -8, 0, 6, 14
4,-6:-4, 0, -12, 0, -8, 6, 6, -6
4,-6:-4, 0, -12, 0, -8, 6, 6, -4
4,-6:-4, 0, -12, 0, -8, 6, 6, -2
4,-6:-4, 0, -12, 0, 6, 8, 4, 6
4,-6:-4, 0, -12, 0, 6, 8, 4, 10
4,-6:-4, 0, -12, 0, 6, 8, 10, 0
4,-6:-4, 0, -12, 0, 6, 8, 10, 4
4,-6:-4, 0, -12, 0, 6, 8, 12, 0
4,-6:-4, 0, -12, 0, 6, 10, 0, 8
4,-6:-4, 0, -12, 0, 6, 10, 0, 10
4,-6:-4, 0, -12, 0, 8, 12, 12, 0
-1,2:-4, 0, -12, 2, -4, -8, -12, -10
-1,2:-4, 0, -12, 2, -4, -8, -12, -8
-1,2:-4, 0, -12, 2, -4, -8, -12, -2
-1,2:-4, 0, -12, 2, -4, -8, -6, -10
-1,2:-4, 0, -12, 2, -4, -8, -6, -8
-1,2:-4, 0, -12, 2, -4, -8, -6, -6
-1,2:-4, 0, -12, 2, -4, -8, -4, -2
4,-6:-4, 0, -12, 2, -4, -4, -6, 2
4,-6:-4, 0, -12, 2, -4, 6, -4, -2
4,-6:-4, 0, -12, 2, -4, 6, -4, 0
4,-6:-4, 0, -12, 2, -4, 6, -4, 2
15,4:-4, 0, -12, 2, -2, -20, -18, -4
15,4:-4, 0, -12, 2, -2, -20, -18, -2
15,4:-4, 0, -12, 2, -2, -20, -4, -18
4,-6:-4, 0, -12, 2, 6, -4, 0, 4
4,-6:-4, 0, -12, 2, 6, -4, 0, 14
4,-6:-4, 0, -12, 2, 6, -2, 16, 2
4,-6:-4, 0, -12, 2, 6, -2, 16, 6
4,-6:-4, 0, -12, 2, 6, 8, 6, 4
4,-6:-4, 0, -12, 2, 6, 8, 6, 6
4,-6:-4, 0, -12, 4, 4, -8, -2, 20
4,-6:-4, 0, -12, 4, 4, -8, -2, 22
4,-6:-4, 0, -12, 4, 4, -8, -2, 24
4,-6:-4, 0, -12, 4, 4, -8, 20, -2
4,-6:-4, 0, -12, 4, 4, -8, 20, 0
4,-6:-4, 0, -12, 4, 4, -8, 20, 2
4,-6:-4, 0, -12, 4, 4, 0, 2, 2
4,-6:-4, 0, -12, 4, 4, 0, 2, 4
4,-6:-4, 0, -12, 4, 4, 0, 6, 2
4,-6:-4, 0, -12, 4, 4, 10, -8, 2
4,-6:-4, 0, -12, 4, 4, 10, -8, 6
5,11:-4, 0, -12, 4, 6, 2, -4, -16
5,11:-4, 0, -12, 4, 6, 2, -4, -14
5,11:-4, 0, -12, 4, 6, 2, -4, -12
4,-6:-4, 0, -12, 6, -2, -4, 14, 0
4,-6:-4, 0, -12, 6, -2, -4, 14, 4
4,-6:-4, 0, -12, 6, -2, 6, 0, 4
4,-6:-4, 0, -12, 6, -2, 6, 0, 14
4,-6:-4, 0, -12, 6, -2, 6, 4, 2
4,-6:-4, 0, -12, 6, -2, 6, 4, 4
4,-6:-4, 0, -12, 6, 2, 8, 4, 2
4,-6:-4, 0, -12, 6, 4, -2, 12, 2
4,-6:-4, 0, -12, 6, 4, -2, 12, 4
4,-6:-4, 0, -12, 6, 4, -2, 12, 6
4,-6:-4, 0, -12, 6, 4, 0, 4, -4
4,-6:-4, 0, -12, 6, 4, 0, 4, 6
4,-6:-4, 0, -12, 6, 4, 0, 8, -8
4,-6:-4, 0, -12, 6, 4, 6, -4, 2
4,-6:-4, 0, -12, 6, 4, 6, -4, 6
4,-6:-4, 0, -12, 6, 4, 6, 2, -4
4,-6:-4, 0, -12, 6, 4, 6, 2, -2
4,-6:-4, 0, -12, 6, 4, 8, 12, 14
4,-6:-4, 0, -12, 6, 4, 8, 12, 16
4,-6:-4, 0, -12, 6, 4, 8, 14, 8
4,-6:-4, 0, -12, 6, 4, 10, 6, 0
4,-6:-4, 0, -12, 6, 8, -2, 10, 2
4,-6:-4, 0, -12, 6, 8, 10, 2, -4
4,-6:-4, 0, -12, 6, 10, 10, -2, 4
4,-6:-4, 0, -12, 8, 4, 6, 8, 0
4,-6:-4, 0, -12, 8, 10, -12, -8, 16
4,-6:-4, 0, -12, 8, 10, -12, -8, 18
4,-6:-4, 0, -12, 8, 10, -12, 16, -8
4,-6:-4, 0, -12, 8, 10, 2, 4, -4
4,-6:-4, 0, -12, 8, 10, 2, 4, -2
4,-6:-4, 0, -12, 8, 10, 2, 4, 0
4,-6:-4, 0, -12, 8, 10, 6, -2, 6
-4,11:-4, 0, -12, 8, 12, 20, 26, 34
-4,11:-4, 0, -12, 8, 12, 20, 26, 36
-4,11:-4, 0, -12, 8, 12, 20, 26, 38
4,-6:-4, 0, -8, -4, -4, -12, -2, -8
4,-6:-4, 0, -8, -4, -4, -12, -2, -6
4,-6:-4, 0, -8, -4, -4, -12, -2, -4
4,-6:-4, 0, -8, -4, -4, -2, 0, -8
4,-6:-4, 0, -8, -4, -2, -4, 2, -4
4,-6:-4, 0, -8, -4, -2, -4, 2, 0
4,-6:-4, 0, -8, -4, -2, 2, -4, 0
4,-6:-4, 0, -8, -4, -2, 2, 4, 6
4,-6:-4, 0, -8, -4, -2, 2, 6, 0
4,-6:-4, 0, -8, -4, -2, 6, 4, -8
4,-6:-4, 0, -8, -4, -2, 8, 6, 2
4,-6:-4, 0, -8, -4, -2, 8, 6, 4
4,-6:-4, 0, -8, -4, -2, 8, 14, 2
4,-6:-4, 0, -8, -4, 2, -2, 2, -6
4,-6:-4, 0, -8, -4, 2, -2, 2, -4
4,-6:-4, 0, -8, -4, 2, 6, 6, 4
4,-6:-4, 0, -8, -4, 10, -2, 2, 4
4,-6:-4, 0, -8, -4, 10, -2, 2, 6
4,-6:-4, 0, -8, -4, 10, -2, 2, 12
4,-6:-4, 0, -8, -4, 10, -2, 8, 4
4,-6:-4, 0, -8, -4, 10, -2, 8, 6
4,-6:-4, 0, -8, -4, 10, -2, 8, 8
4,-6:-4, 0, -8, -4, 10, -2, 10, 12
4,-6:-4, 0, -8, -4, 10, -2, 12, 6
4,-6:-4, 0, -8, -4, 10, 0, -2, 2
4,-6:-4, 0, -8, -4, 10, 0, 4, 2
4,-6:-4, 0, -8, -4, 10, 0, 4, 4
4,-6:-4, 0, -8, -4, 10, 0, 6, 0
4,-6:-4, 0, -8, -4, 10, 0, 12, 2
4,-6:-4, 0, -8, -4, 10, 2, -4, 0
4,-6:-4, 0, -8, -4, 10, 2, 4, 0
4,-6:-4, 0, -8, -4, 10, 2, 4, 2
4,-6:-4, 0, -8, -4, 10, 2, 4, 4
4,-6:-4, 0, -8, -4, 10, 4, 2, -4
4,-6:-4, 0, -8, -4, 10, 8, -4, -4
4,-6:-4, 0, -8, -4, 10, 8, 10, 16
4,-6:-4, 0, -8, -4, 10, 12, -4, -2
4,-6:-4, 0, -8, -2, -4, 4, 0, -4
4,-6:-4, 0, -8, -2, -4, 10, 2, -2
4,-6:-4, 0, -8, -2, -4, 10, 2, 0
4,-6:-4, 0, -8, -2, 0, -8, 4, -6
4,-6:-4, 0, -8, -2, 0, -8, 4, -4
4,-6:-4, 0, -8, -2, 0, -8, 4, 2
2,-4:-4, 0, -8, -2, 0, 2, 2, -8
4,-6:-4, 0, -8, -2, 0, 4, 0, 2
4,-6:-4, 0, -8, -2, 0, 4, 2, -4
4,-6:-4, 0, -8, -2, 4, -2, -2, 0
4,-6:-4, 0, -8, -2, 4, -2, -2, 10
4,-6:-4, 0, -8, -2, 8, -4, 10, 4
4,-6:-4, 0, -8, -2, 8, -4, 10, 6
4,-6:-4, 0, -8, -2, 8, -4, 10, 8
4,-6:-4, 0, -8, 2, -4, 0, -2, 6
4,-6:-4, 0, -8, 2, -4, 10, 0, 2
4,-6:-4, 0, -8, 2, -4, 10, 0, 4
4,-6:-4, 0, -8, 2, -4, 10, 0, 6
4,-6:-4, 0, -8, 4, 0, 10, 0, -6
4,-6:-4, 0, -8, 4, 0, 10, 0, -4
4,-6:-4, 0, -8, 4, 0, 10, 0, -2
4,-6:-4, 0, -8, 4, 10, -4, 0, -2
4,-6:-4, 0, -8, 6, -8, 10, 0, 2
4,-6:-4, 0, -8, 6, -8, 10, 6, 0
4,-6:-4, 0, -8, 6, -8, 10, 6, 6
4,-6:-4, 0, -8, 6, -8, 10, 6, 8
4,-6:-4, 0, -8, 6, -4, -6, 2, -8
4,-6:-4, 0, -8, 6, -4, -4, 10, 4
4,-6:-4, 0, -8, 6, -4, 2, -4, -4
4,-6:-4, 0, -8, 6, -4, 2, -4, 0
4,-6:-4, 0, -8, 6, -4, 2, 8, -8
4,-6:-4, 0, -8, 6, -4, 4, -4, -4
4,-6:-4, 0, -8, 6, -4, 4, -4, -2
4,-6:-4, 0, -8, 6, -4, 4, -4, 0
4,-6:-4, 0, -8, 6, -4, 4, 2, -8
4,-6:-4, 0, -8, 6, -4, 4, 2, -2
4,-6:-4, 0, -8, 6, -4, 4, 2, 0
4,-6:-4, 0, -8, 6, -4, 6, 6, 2
4,-6:-4, 0, -8, 6, -2, 6, 0, 0
4,-6:-4, 0, -8, 6, 0, -4, -6, 2
4,-6:-4, 0, -8, 6, 8, 4, -18, -12
4,-6:-4, 0, -8, 6, 8, 4, -16, -20
4,-6:-4, 0, -8, 6, 8, 4, -16, -18
4,-6:-4, 0, -8, 6, 10, 6, 10, -8
4,-6:-4, 0, -8, 6, 10, 6, 10, 2
4,-6:-4, 0, -8, 8, -8, 4, 12, 4
4,-6:-4, 0, -8, 8, -8, 4, 12, 6
4,-6:-4, 0, -8, 8, -8, 4, 12, 8
4,-6:-4, 0, -8, 8, -8, 8, 12, 6
4,-6:-4, 0, -8, 8, -8, 8, 12, 8
4,-6:-4, 0, -8, 8, -8, 8, 12, 14
4,-6:-4, 0, -8, 8, -8, 10, 14, 14
4,-6:-4, 0, -8, 8, -8, 10, 14, 16
4,-6:-4, 0, -8, 8, -8, 12, 14, 12
4,-6:-4, 0, -8, 8, -8, 12, 14, 20
4,-6:-4, 0, -8, 8, -4, -10, -2, 0
4,-6:-4, 0, -8, 8, -4, -10, -2, 4
4,-6:-4, 0, -8, 8, -4, -10, -2, 10
4,-6:-4, 0, -8, 8, -4, -10, 4, -8
4,-6:-4, 0, -8, 8, -4, -10, 4, -6
4,-6:-4, 0, -8, 8, -4, -10, 4, -4
4,-6:-4, 0, -8, 8, -4, -6, 2, 6
4,-6:-4, 0, -8, 8, -4, -6, 2, 8
4,-6:-4, 0, -8, 8, -4, -6, 2, 10
4,-6:-4, 0, -8, 8, -4, 2, 2, 0
4,-6:-4, 0, -8, 8, -4, 2, 4, -6
4,-6:-4, 0, -8, 8, 8, -2, 2, -6
4,-6:-4, 0, -8, 8, 10, 0, 2, 8
4,-6:-4, 0, -8, 8, 10, 0, 4, 2
4,-6:-4, 0, -8, 8, 10, 0, 6, 6
4,-6:-4, 0, -8, 8, 10, 0, 6, 8
4,-6:-4, 0, -8, 8, 10, 0, 6, 10
4,-6:-4, 0, -8, 8, 10, 0, 12, 2
4,-6:-4, 0, -8, 8, 10, 0, 12, 8
4,-6:-4, 0, -8, 8, 10, 0, 12, 10
4,-6:-4, 0, -8, 8, 10, 2, -2, 2
4,-6:-4, 0, -8, 8, 10, 2, -2, 4
4,-6:-4, 0, -8, 8, 10, 2, -2, 6
4,-6:-4, 0, -8, 8, 10, 2, 6, 4
2,3:-4, 0, -8, 8, 10, 2, 8, -8
4,-6:-4, 0, -8, 8, 10, 2, 8, -4
4,-6:-4, 0, -8, 8, 10, 2, 8, 0
4,-6:-4, 0, -8, 8, 10, 4, 0, -4
4,-6:-4, 0, -4, -6, -16, -10, 4, 12
17,4:-4, 0, -4, -6, 8, -24, -8, -4
17,4:-4, 0, -4, -6, 8, -8, -4, -24
4,-6:-4, 0, -4, -2, -6, -4, -10, -6
4,-6:-4, 0, -4, -2, -6, -4, -10, 4
4,-6:-4, 0, -4, -2, -6, -4, -6, -8
4,-6:-4, 0, -4, -2, -6, -4, -6, -6
4,-6:-4, 0, -4, -2, -6, 4, -28, -6
4,-6:-4, 0, -4, -2, -6, 4, -28, -4
4,-6:-4, 0, -4, -2, -6, 4, -28, -2
4,-6:-4, 0, -4, -2, -6, 4, -6, -28
4,-6:-4, 0, -4, -2, -6, 4, -6, -26
4,-6:-4, 0, -4, -2, -6, 4, -6, -24
4,-6:-4, 0, -4, 6, -6, -10, -20, -2
4,-6:-4, 0, -4, 6, -6, -10, -20, 0
4,-6:-4, 0, -4, 6, -6, -10, -20, 2
4,-6:-4, 0, -4, 6, -6, -10, 0, -20
4,-6:-4, 0, -4, 6, 8, 2, 0, 2
4,-6:-4, 0, -4, 8, -6, -4, -2, -2
-1,4:-4, 0, -4, 8, -6, -4, 6, -8
4,-6:-4, 0, -4, 8, 6, 4, 2, -4
4,-6:-4, 0, -4, 8, 10, 2, 2, -2
4,-6:-4, 0, -4, 8, 10, 2, 2, 8
4,-6:-4, 0, -4, 8, 12, 6, 8, 0
4,-6:-4, 0, -4, 10, -6, -14, 6, -4
4,-6:-4, 0, -2, 4, -2, -2, 6, 14
4,-6:-4, 0, -2, 4, -2, 2, 4, 2
4,-6:-4, 0, -2, 4, -2, 2, 4, 4
4,-6:-4, 0, -2, 4, -2, 2, 4, 6
4,-6:-4, 0, -2, 4, -2, 2, 8, 4
4,-6:-4, 0, -2, 4, 0, -4, 6, 4
4,-6:-4, 0, -2, 4, 0, 6, 4, -2
4,-6:-4, 0, -2, 4, 0, 8, 10, 0
4,-6:-4, 0, -2, 4, 0, 8, 10, 2
4,-6:-4, 0, -2, 4, 0, 8, 12, 6
4,-6:-4, 0, -2, 4, 6, -2, 4, 2
4,-6:-4, 0, -2, 4, 6, -2, 4, 4
4,-6:-4, 0, -2, 4, 6, -2, 8, 8
4,-6:-4, 0, -2, 4, 6, 2, 6, 4
4,-6:-4, 0, -2, 4, 6, 2, 8, 8
4,-6:-4, 0, -2, 4, 6, 2, 8, 10
4,-6:-4, 0, -2, 4, 6, 2, 8, 12
4,-6:-4, 0, -2, 4, 6, 2, 14, 4
4,-6:-4, 0, -2, 4, 6, 2, 14, 10
4,-6:-4, 0, -2, 4, 6, 2, 14, 12
4,-6:-4, 0, -2, 4, 6, 4, 2, 2
4,-6:-4, 0, -2, 4, 6, 6, 14, 4
4,-6:-4, 0, -2, 4, 6, 6, 14, 14
4,-6:-4, 0, -2, 4, 6, 8, 4, 4
4,-6:-4, 0, -2, 4, 6, 8, 4, 6
4,-6:-4, 0, -2, 4, 6, 8, 12, 2
4,-6:-4, 0, -2, 4, 8, -2, 4, 0
4,-6:-4, 0, -2, 4, 8, -2, 8, 4
4,-6:-4, 0, -2, 4, 8, -2, 8, 8
4,-6:-4, 0, -2, 4, 8, 2, 14, 12
4,-6:-4, 0, -2, 4, 8, 10, 2, 2
4,-6:-4, 0, -2, 4, 8, 10, 4, 0
4,-6:-4, 0, -2, 4, 8, 10, 4, 10
4,-6:-4, 0, -2, 4, 8, 10, 6, 4
4,-6:-4, 0, -2, 4, 8, 10, 6, 6
4,-6:-4, 0, -2, 4, 8, 10, 6, 8
4,-6:-4, 0, -2, 4, 8, 10, 12, 10
4,-6:-4, 0, -2, 4, 8, 12, 2, -2
4,-6:-4, 0, -2, 4, 8, 12, 2, 2
4,-6:-4, 0, -2, 4, 8, 12, 4, 6
4,-6:-4, 0, -2, 4, 8, 12, 8, -2
4,-6:-4, 0, -2, 4, 8, 14, 14, 2
4,-6:-4, 0, -2, 4, 8, 14, 14, 4
4,-6:-4, 0, -2, 4, 8, 14, 14, 6
4,-6:-4, 0, -2, 6, 6, 0, 2, 2
4,-6:-4, 0, -2, 6, 6, 0, 2, 4
4,-6:-4, 0, -2, 6, 6, 0, 6, 2
4,-6:-4, 0, -2, 6, 6, 8, 8, -6
4,-6:-4, 0, -2, 6, 6, 8, 8, 4
4,-6:-4, 0, -2, 6, 8, 2, 2, 10
4,-6:-4, 0, -2, 6, 8, 2, 4, 2
4,-6:-4, 0, -2, 6, 8, 2, 4, 4
4,-6:-4, 0, -2, 6, 8, 2, 4, 6
4,-6:-4, 0, -2, 6, 8, 2, 8, -4
4,-6:-4, 0, -2, 6, 8, 2, 8, 6
4,-6:-4, 0, -2, 6, 8, 6, -2, -8
4,-6:-4, 0, -2, 6, 8, 6, -2, -6
4,-6:-4, 0, -2, 6, 8, 6, -2, -4
4,-6:-4, 0, -2, 6, 10, 6, 2, 2
4,-6:-4, 0, -2, 6, 10, 6, 2, 6
4,-6:-4, 0, -2, 6, 10, 10, 8, 8
4,-6:-4, 0, -2, 6, 10, 10, 8, 10
4,-6:-4, 0, -2, 6, 10, 10, 8, 12
4,-6:-4, 0, -2, 6, 10, 12, 22, 24
4,-6:-4, 0, -2, 6, 10, 12, 22, 26
4,-6:-4, 0, -2, 6, 10, 12, 22, 28
4,-6:-4, 0, -2, 6, 10, 16, 14, 22
4,-6:-4, 0, -2, 6, 14, 8, 6, 14
4,-6:-4, 0, -2, 6, 14, 18, 8, 10
4,-6:-4, 0, -2, 6, 14, 18, 8, 12
4,-6:-4, 0, -2, 6, 14, 18, 8, 14
4,-6:-4, 0, 0, -6, -8, 6, 6, -8
4,-6:-4, 0, 0, -6, -8, 6, 6, -4
4,-6:-4, 0, 0, -6, -6, 6, 6, -8
4,-6:-4, 0, 0, 6, -8, -16, 4, -4
4,-6:-4, 0, 0, 6, -8, -16, 4, 0
4,-6:-4, 0, 0, 6, -8, -16, 4, 6
4,-6:-4, 0, 0, 6, -8, -6, -4, 4
4,-6:-4, 0, 0, 6, -8, -6, 0, 10
4,-6:-4, 0, 0, 6, -8, -6, 6, 2
4,-6:-4, 0, 0, 6, -8, 4, -4, -16
4,-6:-4, 0, 0, 6, -8, 4, -4, -14
4,-6:-4, 0, 0, 6, 10, 0, -2, -4
4,-6:-4, 0, 0, 8, 12, -2, -4, 12
4,-6:-4, 0, 0, 8, 12, -2, 10, 6
4,-6:-4, 0, 0, 8, 12, -2, 12, -4
4,-6:-4, 0, 0, 8, 12, -2, 12, 0
4,-6:-4, 0, 0, 8, 12, 14, -2, 0
4,-6:-4, 0, 0, 8, 12, 14, -2, 2
4,-6:-4, 0, 0, 8, 12, 14, -2, 4
4,-6:-4, 0, 0, 8, 12, 14, 0, -6
4,-6:-4, 0, 0, 8, 12, 14, 0, 2
4,-6:-4, 0, 0, 8, 12, 14, 0, 4
4,-6:-4, 0, 2, -6, -14, 4, -4, -2
4,-6:-4, 0, 2, -6, -14, 4, -4, 0
4,-6:-4, 0, 2, -6, -14, 4, -4, 2
4,-6:-4, 0, 2, -6, -10, -6, 0, -14
4,-6:-4, 0, 2, -6, -10, -2, 0, -12
4,-6:-4, 0, 2, -6, 4, -16, -14, -14
4,-6:-4, 0, 2, -6, 4, -16, -14, -6
4,-6:-4, 0, 2, -6, 4, -16, -14, 2
4,-6:-4, 0, 2, -6, 4, -16, -12, -4
4,-6:-4, 0, 2, -6, 4, -16, -12, -2
4,-6:-4, 0, 2, -6, 4, -16, -10, -6
4,-6:-4, 0, 2, -6, 4, -16, -10, -2
4,-6:-4, 0, 2, -6, 4, -16, -8, -4
4,-6:-4, 0, 2, -6, 4, -16, -8, 6
4,-6:-4, 0, 2, -6, 4, -16, -2, 0
4,-6:-4, 0, 2, -6, 4, -16, -2, 4
4,-6:-4, 0, 2, -6, 4, -16, 0, -2
4,-6:-4, 0, 2, -6, 4, -16, 2, -14
4,-6:-4, 0, 2, -6, 4, -16, 2, -4
4,-6:-4, 0, 2, -6, 4, -16, 4, -8
4,-6:-4, 0, 2, -6, 4, -6, -10, 2
4,-6:-4, 0, 2, -6, 4, -6, -10, 12
4,-6:-4, 0, 2, -6, 4, -6, -2, -6
4,-6:-4, 0, 2, -6, 4, -6, 2, -10
4,-6:-4, 0, 2, -6, 4, -6, 2, -6
4,-6:-4, 0, 2, -4, -8, -10, -6, -12
4,-6:-4, 0, 2, -4, -8, -10, -6, -10
4,-6:-4, 0, 2, -4, -8, -10, -6, -8
4,-6:-4, 0, 2, -4, -8, -6, -2, 0
4,-6:-4, 0, 2, -4, -8, -6, -2, 2
4,-6:-4, 0, 2, -4, -8, -6, 0, -6
4,-6:-4, 0, 2, -4, -8, -4, -10, -8
4,-6:-4, 0, 2, -4, -8, -4, -10, -6
4,-6:-4, 0, 2, -4, -8, -4, -10, 0
4,-6:-4, 0, 2, -4, -8, -4, -4, -8
4,-6:-4, 0, 2, -4, -8, -4, -4, -6
4,-6:-4, 0, 2, -4, -8, -4, -4, -4
4,-6:-4, 0, 2, -4, -8, -4, -2, 0
4,-6:-4, 0, 2, -4, -8, -4, 0, -6
16,12:-4, 0, 2, -4, -4, -12, -2, 4
16,12:-4, 0, 2, -4, -4, -12, -2, 6
4,-6:-4, 0, 2, -4, -4, -10, -4, 2
4,-6:-4, 0, 2, -4, -4, -10, 2, -10
4,-6:-4, 0, 2, -4, -4, -10, 2, -6
4,-6:-4, 0, 2, -4, -4, -10, 4, -4
4,-6:-4, 0, 2, -4, -4, -6, 0, 0
4,-6:-4, 0, 2, -4, -4, -6, 4, -4
4,-6:-4, 0, 2, -4, -4, -6, 4, -2
4,-6:-4, 0, 2, -4, -4, -6, 4, 0
4,-6:-4, 0, 2, -4, -4, -2, -12, 4
4,-6:-4, 0, 2, -4, -4, -2, 4, -12
4,-6:-4, 0, 2, -4, -4, 2, 2, -12
4,-6:-4, 0, 2, -4, -4, 2, 2, -2
4,-6:-4, 0, 2, -4, 6, -8, -10, -6
4,-6:-4, 0, 2, -4, 6, -8, -10, -4
4,-6:-4, 0, 2, -4, 6, -8, -10, -2
4,-6:-4, 0, 2, -2, -14, -2, -4, 4
4,-6:-4, 0, 2, -2, -14, 8, -2, 0
4,-6:-4, 0, 2, -2, -14, 8, -2, 2
4,-6:-4, 0, 2, -2, -14, 8, -2, 4
4,-6:-4, 0, 2, -2, -10, -14, -14, -12
4,-6:-4, 0, 2, -2, -10, -14, -14, -10
4,-6:-4, 0, 2, -2, -10, -14, -14, -8
4,-6:-4, 0, 2, -2, -10, -10, -2, 0
4,-6:-4, 0, 2, -2, -10, -10, -2, 2
4,-6:-4, 0, 2, -2, -10, -10, -2, 4
4,-6:-4, 0, 2, -2, -10, -6, -12, -10
4,-6:-4, 0, 2, -2, -10, -6, -12, 0
4,-6:-4, 0, 2, -2, -10, -6, -8, -10
4,-6:-4, 0, 2, -2, -10, -6, -8, -8
4,-6:-4, 0, 2, -2, -10, -6, -8, -6
4,-6:-4, 0, 2, -2, -10, -6, -6, -14
4,-6:-4, 0, 2, -2, -8, -18, -12, 10
4,-6:-4, 0, 2, -2, -8, -18, -12, 12
4,-6:-4, 0, 2, -2, -8, -18, -12, 14
4,-6:-4, 0, 2, -2, -8, -18, 10, -12
4,-6:-4, 0, 2, -2, -8, -18, 10, -10
4,-6:-4, 0, 2, -2, -8, -18, 10, -8
4,-6:-4, 0, 2, -2, -8, -10, -18, -8
4,-6:-4, 0, 2, -2, -8, -10, -18, -4
4,-6:-4, 0, 2, -2, -8, -10, -8, -8
4,-6:-4, 0, 2, -2, -8, -10, -8, -6
4,-6:-4, 0, 2, -2, -8, -10, -4, -18
4,-6:-4, 0, 2, -2, -8, -10, -4, -8
4,-6:-4, 0, 2, -2, -8, -2, -2, -16
4,-6:-4, 0, 2, -2, -8, -2, -2, -6
4,-6:-4, 0, 2, -2, -6, -14, -16, -8
4,-6:-4, 0, 2, -2, -6, -4, -14, -12
4,-6:-4, 0, 2, -2, -6, -4, -14, -10
4,-6:-4, 0, 2, -2, -6, -4, -14, -8
4,-6:-4, 0, 2, -2, -4, -10, -14, -6
4,-6:-4, 0, 2, 6, -2, -8, 8, 14
4,-6:-4, 0, 2, 6, -2, -8, 16, 0
4,-6:-4, 0, 2, 6, -2, -8, 16, 2
4,-6:-4, 0, 2, 6, -2, -8, 16, 4
4,-6:-4, 0, 2, 6, -2, -4, 10, -8
4,-6:-4, 0, 2, 6, 8, -8, 6, 10
4,-6:-4, 0, 2, 6, 8, -8, 6, 12
4,-6:-4, 0, 2, 6, 8, -8, 6, 14
4,-6:-4, 0, 2, 6, 8, -8, 8, 6
4,-6:-4, 0, 2, 6, 8, -8, 8, 8
4,-6:-4, 0, 2, 6, 8, -8, 8, 10
4,-6:-4, 0, 2, 6, 8, -4, -8, 16
4,-6:-4, 0, 2, 6, 8, 8, -4, 8
4,-6:-4, 0, 2, 6, 14, -6, 18, 4
4,-6:-4, 0, 2, 6, 14, 16, -6, 2
4,-6:-4, 0, 2, 6, 14, 16, -6, 6
4,-6:-4, 0, 2, 6, 14, 16, -6, 12
4,-6:-4, 0, 4, -6, -16, 0, -10, -16
4,-6:-4, 0, 4, -6, -16, 0, -10, -8
4,-6:-4, 0, 4, -6, -16, 0, -4, -4
4,-6:-4, 0, 4, -6, -16, 0, -4, -2
4,-6:-4, 0, 4, -6, -16, 0, 0, -4
4,-6:-4, 0, 4, -6, -16, 0, 0, -2
4,-6:-4, 0, 4, -6, -16, 0, 0, 0
4,-6:-4, 0, 4, -6, -14, -8, -6, -10
4,-6:-4, 0, 4, -6, -14, -2, -10, -2
4,-6:-4, 0, 4, -6, -14, -2, -10, 0
4,-6:-4, 0, 4, -6, -14, 0, 0, -12
4,-6:-4, 0, 4, -6, -10, -18, -2, -14
4,-6:-4, 0, 4, -6, -10, -18, 0, -20
4,-6:-4, 0, 4, -6, -10, -16, -2, -10
4,-6:-4, 0, 4, -6, -10, -12, -2, -4
4,-6:-4, 0, 4, -6, -10, -12, -2, -2
4,-6:-4, 0, 4, -6, -10, -12, -2, 0
4,-6:-4, 0, 4, -6, -10, -6, -2, -8
4,-6:-4, 0, 4, -6, -10, -2, -6, -14
4,-6:-4, 0, 4, -6, -10, -2, -6, -12
4,-6:-4, 0, 4, -6, -8, -6, 4, -2
4,-6:-4, 0, 4, -6, -8, -6, 4, 0
4,-6:-4, 0, 4, -6, -8, -6, 4, 2
4,-6:-4, 0, 4, -6, -8, 4, 6, -2
4,-6:-4, 0, 4, -6, -6, -16, -6, -20
4,-6:-4, 0, 4, -6, -6, -16, -6, -10
4,-6:-4, 0, 4, -6, -6, -14, -6, -16
4,-6:-4, 0, 4, -6, -6, -14, -6, -14
4,-6:-4, 0, 4, -6, -6, -14, -6, -12
4,-6:-4, 0, 4, -6, -4, -16, -16, -8
4,-6:-4, 0, 4, -6, -4, -16, -14, -16
4,-6:-4, 0, 4, -6, -4, -16, -14, -14
4,-6:-4, 0, 4, -6, -4, -16, -14, -12
4,-6:-4, 0, 4, -6, -4, -16, -10, -22
4,-6:-4, 0, 4, -6, -4, -16, -10, -12
4,-6:-4, 0, 4, -6, -4, -12, -20, -26
4,-6:-4, 0, 4, -6, -4, -12, -20, -24
4,-6:-4, 0, 4, -6, -4, -12, -20, -22
4,-6:-4, 0, 4, -6, -4, -8, -8, -14
4,-6:-4, 0, 4, -6, -4, -8, -8, -12
4,-6:-4, 0, 4, -6, -4, -8, -8, -10
4,-6:-4, 0, 4, -6, -2, -10, -8, 0
4,-6:-4, 0, 4, -6, -2, -10, -8, 2
4,-6:-4, 0, 4, -6, -2, -10, -8, 4
4,-6:-4, 0, 4, -6, -2, -10, 0, -8
4,-6:-4, 0, 4, -6, -2, -10, 0, 2
4,-6:-4, 0, 4, -6, -2, 0, 0, -6
4,-6:-4, 0, 4, -6, -2, 0, 0, 4
4,-6:-4, 0, 4, -6, 4, -18, -18, -18
4,-6:-4, 0, 4, -6, 4, -18, -18, -16
4,-6:-4, 0, 4, -6, 4, -18, -18, -14
4,-6:-4, 0, 4, -6, 4, -18, -14, -16
4,-6:-4, 0, 4, -6, 4, -18, -14, -14
4,-6:-4, 0, 4, -6, 4, -18, -14, -8
4,-6:-4, 0, 4, -6, 4, -18, -8, -10
4,-6:-4, 0, 4, -6, 4, -18, -8, -2
4,-6:-4, 0, 4, -6, 4, -16, -20, -24
4,-6:-4, 0, 4, -6, 4, -16, -20, -22
4,-6:-4, 0, 4, -6, 4, -8, -8, -14
4,-6:-4, 0, 4, -6, 4, -8, -8, -12
4,-6:-4, 0, 4, -6, 4, -8, -8, -10
4,-6:-4, 0, 4, 4, -8, -2, 2, 6
4,-6:-4, 0, 4, 4, -8, -2, 2, 8
4,-6:-4, 0, 4, 4, -8, -2, 2, 10
4,-6:-4, 0, 4, 4, -6, 4, 4, 14
4,-6:-4, 0, 4, 4, 6, -2, -4, 18
4,-6:-4, 0, 4, 4, 6, -2, 18, -4
4,-6:-4, 0, 4, 4, 6, -2, 18, 2
4,-6:-4, 0, 4, 4, 6, 4, 10, 16
4,-6:-4, 0, 4, 4, 6, 4, 12, 8
4,-6:-4, 0, 4, 4, 6, 4, 12, 10
4,-6:-4, 0, 4, 4, 6, 8, 0, -4
4,-6:-4, 0, 4, 4, 6, 8, 0, 0
4,-6:-4, 0, 4, 4, 8, 8, -8, -8
4,-6:-4, 0, 4, 4, 10, -2, 6, -4
4,-6:-4, 0, 4, 4, 10, -2, 8, -10
4,-6:-4, 0, 4, 4, 10, -2, 8, -4
4,-6:-4, 0, 4, 4, 10, 4, -6, -6
4,-6:-4, 0, 4, 4, 10, 4, -6, 2
4,-6:-4, 0, 6, -2, -8, 6, 4, -4
4,-6:-4, 0, 6, -2, -8, 6, 4, -2
4,-6:-4, 0, 6, -2, -8, 6, 4, 0
-5,4:-4, 0, 6, -2, 0, -2, -10, 8
-5,4:-4, 0, 6, -2, 0, -2, 8, -10
-5,4:-4, 0, 6, -2, 0, -2, 8, -6
4,-6:-4, 0, 6, -2, 0, -2, 8, 6
4,-6:-4, 0, 6, -2, 0, -2, 8, 10
-5,4:-4, 0, 6, -2, 0, 0, -8, 2
13,3:-4, 0, 6, -2, 12, 0, -6, -22
4,-6:-4, 0, 6, 2, -2, -6, -4, 2
4,-6:-4, 0, 6, 2, -2, -6, -4, 8
4,-6:-4, 0, 6, 2, -2, -4, 8, 6
4,-6:-4, 0, 6, 2, -2, -4, 8, 8
4,-6:-4, 0, 6, 2, -2, -2, 4, 4
4,-6:-4, 0, 6, 2, -2, -2, 4, 8
4,-6:-4, 0, 6, 2, -2, -2, 4, 14
4,-6:-4, 0, 6, 2, -2, -2, 10, 10
4,-6:-4, 0, 6, 2, -2, -2, 10, 14
4,-6:-4, 0, 6, 2, -2, 6, 4, 2
4,-6:-4, 0, 6, 2, -2, 6, 4, 4
4,-6:-4, 0, 6, 2, -2, 6, 4, 6
4,-6:-4, 0, 6, 2, -2, 8, 4, 0
4,-6:-4, 0, 6, 2, -2, 8, 4, 4
4,-6:-4, 0, 6, 2, 6, 4, 10, -4
4,-6:-4, 0, 6, 2, 6, 6, -4, -4
4,-6:-4, 0, 6, 2, 6, 6, -4, 0
4,-6:-4, 0, 6, 2, 6, 10, -6, 4
4,-6:-4, 0, 6, 2, 6, 10, -6, 10
4,-6:-4, 0, 6, 2, 6, 10, 4, -6
4,-6:-4, 0, 6, 2, 10, -2, 8, 12
4,-6:-4, 0, 6, 4, -6, 8, 0, 2
4,-6:-4, 0, 6, 4, -6, 8, 0, 12
4,-6:-4, 0, 6, 4, -6, 8, 10, -6
4,-6:-4, 0, 6, 4, -6, 8, 10, 4
4,-6:-4, 0, 6, 4, -6, 10, -2, 12
4,-6:-4, 0, 6, 4, -6, 10, -2, 14
4,-6:-4, 0, 6, 4, -6, 10, -2, 16
4,-6:-4, 0, 6, 4, -6, 10, 2, -2
4,-6:-4, 0, 6, 4, -6, 10, 2, 8
4,-6:-4, 0, 6, 4, -6, 10, 4, -2
4,-6:-4, 0, 6, 4, 0, -8, 2, 6
4,-6:-4, 0, 6, 4, 0, -8, 2, 8
4,-6:-4, 0, 6, 4, 0, -8, 2, 10
4,-6:-4, 0, 6, 4, 0, 8, -4, -6
4,-6:-4, 0, 6, 4, 4, 4, 2, -8
4,-6:-4, 0, 6, 4, 10, -2, -6, -6
4,-6:-4, 0, 6, 4, 10, 6, -6, -8
4,-6:-4, 0, 6, 4, 10, 6, -4, -6
4,-6:-4, 0, 6, 8, -2, -8, -12, -8
4,-6:-4, 0, 6, 8, -2, -8, -12, -6
4,-6:-4, 0, 6, 8, -2, -8, -12, -4
4,-6:-4, 0, 6, 8, -2, -8, -4, -12
4,-6:-4, 0, 6, 8, -2, 0, 8, 0
4,-6:-4, 0, 6, 8, -2, 0, 8, 2
4,-6:-4, 0, 6, 8, -2, 8, 6, 12
4,-6:-4, 0, 6, 8, 2, -2, 2, -4
4,-6:-4, 0, 6, 8, 10, -2, 8, 0
4,-6:-4, 0, 6, 10, 10, 4, -6, 0
4,-6:-4, 0, 6, 10, 10, 4, -6, 2
4,-6:-4, 0, 8, 4, -4, -4, -6, 2
4,-6:-4, 0, 8, 4, -4, 6, -4, -2
4,-6:-4, 0, 8, 4, -4, 6, -4, 0
4,-6:-4, 0, 8, 4, -4, 6, -4, 2
4,-6:-4, 0, 8, 4, 6, -8, -10, -4
4,-6:-4, 0, 8, 4, 6, -8, 6, 10
4,-6:-4, 0, 8, 4, 6, -8, 6, 12
4,-6:-4, 0, 8, 4, 6, -2, -8, 26
4,-6:-4, 0, 8, 4, 6, -2, -8, 28
4,-6:-4, 0, 8, 4, 6, -2, 16, -8
4,-6:-4, 0, 8, 4, 6, 8, -8, 6
4,-6:-4, 0, 8, 4, 6, 8, -8, 16
4,-6:-4, 0, 8, 4, 6, 8, -2, 6
4,-6:-4, 0, 8, 10, -10, -16, 4, -2
4,-6:-4, 0, 8, 10, -10, -16, 4, 0
4,-6:-4, 0, 8, 10, -10, 4, -2, -16
4,-6:-4, 0, 8, 10, -10, 4, -2, -14
4,-6:-4, 0, 8, 10, -10, 4, -2, -12
10,12:-4, 0, 8, 10, -8, -4, -8, 0
4,-6:-4, 0, 8, 10, -8, -4, -4, 8
4,-6:-4, 0, 8, 10, -8, -4, -4, 12
4,-6:-4, 0, 8, 10, -8, -4, -4, 14
10,12:-4, 0, 8, 10, -8, -4, 0, -8
4,-6:-4, 0, 8, 10, -6, -8, -4, 6
4,-6:-4, 0, 8, 10, -6, -8, -4, 8
4,-6:-4, 0, 8, 10, -6, -8, -4, 10
4,-6:-4, 0, 8, 10, -6, -8, 0, 8
3,2:-4, 2, 2, -8, -10, -18, -14, -2
3,2:-4, 2, 2, -8, -10, -18, -2, -14
3,2:-4, 2, 2, -8, -10, -16, -16, -2
3,2:-4, 2, 2, -8, -10, -16, -16, 0
3,2:-4, 2, 2, -8, -10, -16, -16, 2
3,2:-4, 2, 2, -8, -10, -16, -14, -2
3,2:-4, 2, 2, -8, -10, -16, 0, -16
3,2:-4, 2, 2, -8, -10, -14, -2, -18
3,2:-4, 2, 2, -8, -10, -14, -2, -8
3,2:-4, 2, 2, -8, -10, -14, 6, -12
3,2:-4, 2, 2, -8, -10, -12, -8, 2
3,2:-4, 2, 2, -8, -10, -12, -6, -4
3,2:-4, 2, 2, -8, -10, -12, 0, -14
3,2:-4, 2, 2, -8, -10, -12, 0, -12
3,2:-4, 2, 2, -8, -10, -12, 0, -10
3,2:-4, 2, 2, -8, -10, -8, -16, -14
3,2:-4, 2, 2, -8, -10, -8, -16, -12
3,2:-4, 2, 2, -8, -10, -8, -14, -20
3,2:-4, 2, 2, -8, -10, -6, -2, -8
-2,2:-4, 2, 2, -8, -4, -2, -8, 10
3,-1:-4, 2, 6, -8, -2, -18, -20, 0
3,-1:-4, 2, 6, -8, -2, -18, -20, 2
3,-1:-4, 2, 6, -8, -2, -18, -20, 4
3,-1:-4, 2, 6, -8, -2, -18, 0, -20
3,-1:-4, 2, 6, -8, -2, -8, 0, -8
6,25:-4, 2, 6, 0, 4, 6, 14, 10
-5,6:-4, 2, 6, 0, 8, 4, -10, 4
-1,11:-4, 2, 6, 10, 6, 8, 2, -10
-1,11:-4, 2, 6, 10, 6, 8, 2, -8
-1,11:-4, 2, 6, 10, 6, 8, 2, -6
33,4:-4, 4, -10, 0, -14, -24, 2, -14
6,3:-4, 4, -10, 0, -8, -12, -16, -22
6,3:-4, 4, -10, 0, -8, -12, -14, -4
6,3:-4, 4, -10, 0, -8, -12, -10, -20
6,-10:-4, 4, -4, -22, -20, -30, -22, -26
-18,-1:-4, 4, -2, -14, 2, 4, 10, 2
11,3:-4, 4, -2, -8, 2, -2, 8, 10
11,3:-4, 4, -2, -8, 2, 6, -2, 0
15,-1:-4, 4, -2, 6, 6, 12, -16, 16
15,-1:-4, 4, -2, 6, 6, 12, -16, 20
15,-1:-4, 4, -2, 6, 6, 12, 16, -16
10,-15:-4, 4, 4, 6, -14, -12, -18, -10
10,-15:-4, 4, 4, 6, -14, -12, -18, -8
10,-15:-4, 4, 4, 6, -14, -12, -18, -6
10,-15:-4, 4, 4, 6, -14, -12, -14, -10
10,-15:-4, 4, 4, 6, -14, -12, -14, -6
10,-15:-4, 4, 4, 6, -14, -12, -10, -18
10,-15:-4, 4, 4, 6, -14, -12, -10, -16
10,-15:-4, 4, 4, 6, -14, -12, -10, -14
1,2:6, -4, -4, -12, -8, -18, -20, 2
1,2:6, -4, -4, -12, -8, -18, -20, 4
1,2:6, -4, -4, -12, -8, -18, -20, 6
1,2:6, -4, -4, -12, -8, -18, 2, -20
1,2:6, -4, -4, -12, -8, -18, 2, -10
6,7:6, -4, -4, -6, -14, 6, 12, 20
6,7:6, -4, -4, -6, -14, 6, 12, 22
6,7:6, -4, -4, -6, -14, 6, 12, 24
14,8:6, -4, -4, -4, -8, -12, -8, -16
7,-3:6, -4, -4, 0, -16, -6, 2, -2
7,-3:6, -4, -4, 0, -16, -4, -2, -14
7,-3:6, -4, -4, 0, -16, -4, -2, -12
7,-3:6, -4, -4, 0, -16, -4, -2, -10
7,-3:6, -4, -4, 0, -16, 2, -4, -2
9,8:6, -4, -4, 0, -12, -12, -6, -4
2,7:6, -4, -4, 0, -12, -12, -2, -4
2,7:6, -4, -4, 0, -12, -12, -2, 0
7,-3:6, -4, -4, 0, -12, -4, 6, 6
7,-3:6, -4, -4, 0, -12, 0, 6, 6
7,-3:6, -4, -4, 0, -12, 2, -4, -2
7,-3:6, -4, -4, 0, -12, 2, -4, 0
7,-3:6, -4, -4, 0, -12, 2, -4, 2
7,-3:6, -4, -4, 0, -12, 6, 10, -2
7,-3:6, -4, -4, 0, -12, 8, 4, 0
7,-3:6, -4, -4, 0, -12, 8, 4, 2
7,-3:6, -4, -4, 0, -12, 8, 4, 4
7,-3:6, -4, -4, 0, -8, -4, -4, -8
7,-3:6, -4, -4, 0, -8, -4, -4, -6
7,-3:6, -4, -4, 0, -8, -4, -4, -4
7,-3:6, -4, -4, 0, -8, 2, -4, 2
7,-3:6, -4, -4, 0, -8, 2, -4, 4
7,-3:6, -4, -4, 0, -8, 2, -4, 6
7,-3:6, -4, -4, 0, -8, 4, 0, 14
7,-3:6, -4, -4, 0, -8, 4, 14, 0
7,-3:6, -4, -4, 0, -8, 4, 14, 2
7,-3:6, -4, -4, 0, -8, 6, -8, 2
7,-3:6, -4, -4, 0, -8, 6, -8, 4
7,-3:6, -4, -4, 0, -8, 6, 0, -2
7,-3:6, -4, -4, 0, -8, 6, 0, 0
7,-3:6, -4, -4, 0, -8, 6, 0, 2
7,-3:6, -4, -4, 0, -8, 8, 8, -6
7,-3:6, -4, -4, 0, -8, 8, 8, 4
7,-3:6, -4, -4, 0, -4, 8, 6, -4
7,-3:6, -4, -4, 0, -2, 4, 2, -2
7,-3:6, -4, -4, 0, -2, 4, 2, 0
7,-3:6, -4, -4, 0, -2, 6, 8, 8
7,-3:6, -4, -4, 0, -2, 6, 8, 12
7,-3:6, -4, -4, 0, -2, 6, 10, 8
7,-3:6, -4, -4, 0, -2, 6, 14, 10
7,-3:6, -4, -4, 0, -2, 6, 14, 12
7,-3:6, -4, -4, 0, -2, 6, 14, 14
7,-3:6, -4, -4, 0, 2, -6, -14, 0
7,-3:6, -4, -4, 0, 2, -6, -14, 2
7,-3:6, -4, -4, 0, 2, -6, 0, -14
7,-3:6, -4, -4, 0, 2, -6, 0, -4
7,-3:6, -4, -4, 0, 2, -4, -8, 0
7,-3:6, -4, -4, 0, 2, -2, -14, 0
7,-3:6, -4, -4, 0, 2, -2, -14, 2
7,-3:6, -4, -4, 0, 2, -2, -14, 4
7,-3:6, -4, -4, 0, 2, -2, -10, -16
7,-3:6, -4, -4, 0, 2, -2, -10, -12
7,-3:6, -4, -4, 0, 2, -2, -6, -12
7,-3:6, -4, -4, 0, 2, -2, -6, -10
7,-3:6, -4, -4, 0, 2, -2, -6, -8
7,-3:6, -4, -4, 0, 2, -2, -4, -16
7,-3:6, -4, -4, 0, 2, -2, -4, -6
7,-3:6, -4, -4, 0, 4, -6, -8, -2
7,-3:6, -4, -4, 0, 4, -6, -8, 0
7,-3:6, -4, -4, 0, 4, -6, -8, 2
7,-3:6, -4, -4, 0, 4, -6, -4, -10
7,-3:6, -4, -4, 0, 4, -6, -4, -6
7,-3:6, -4, -4, 0, 4, -6, 4, -12
7,-3:6, -4, -4, 0, 4, -6, 4, -10
7,-3:6, -4, -4, 0, 6, 4, 10, -8
7,-3:6, -4, -4, 0, 8, 4, -4, -2
7,-3:6, -4, -4, 0, 8, 4, -4, 0
7,-3:6, -4, -4, 0, 8, 4, -4, 2
10,0:6, -4, 6, -4, -4, 0, -2, 8
10,0:6, -4, 6, -4, -4, 0, 2, -8
10,0:6, -4, 6, -4, -4, 0, 4, 10
-2,9:6, -4, 6, 6, 2, -6, -2, 10
-2,9:6, -4, 6, 6, 2, -6, 10, -2
-2,9:6, -4, 6, 6, 2, -4, -4, 10
-2,9:6, -4, 6, 6, 2, -4, -4, 12
-2,9:6, -4, 6, 6, 2, -4, -4, 14
-2,9:6, -4, 6, 6, 2, -4, -2, 10
-2,9:6, -4, 6, 6, 2, -4, 12, -4
-2,9:6, -4, 6, 6, 2, -2, 10, -6
-2,9:6, -4, 6, 6, 2, -2, 10, 4
-2,9:6, -4, 6, 6, 2, -2, 18, 0
-2,9:6, -4, 6, 6, 2, 0, 4, 14
-2,9:6, -4, 6, 6, 2, 0, 6, 8
-2,9:6, -4, 6, 6, 2, 0, 12, -2
-2,9:6, -4, 6, 6, 2, 0, 12, 0
-2,9:6, -4, 6, 6, 2, 0, 12, 2
-2,9:6, -4, 6, 6, 2, 4, -4, -2
-2,9:6, -4, 6, 6, 2, 4, -4, 0
-2,9:6, -4, 6, 6, 2, 4, -2, -8
-2,9:6, -4, 6, 6, 2, 6, 10, 4
-7,9:6, -4, 6, 6, 8, 10, 4, 22
3,5:6, 6, -4, 0, 10, 12, 10, 20
3,5:6, 6, -4, 0, 10, 12, 14, 4
3,5:6, 6, -4, 0, 10, 12, 16, 22
5,5:6, 6, -2, -4, 16, -10, -26, -24
5,5:6, 6, -2, -4, 16, -10, -26, -22
5,5:6, 6, -2, -4, 16, -10, -26, -20
-5,6:6, 6, 2, -6, -8, 8, -4, 0
-5,6:6, 6, 2, -6, -2, 6, -4, -2
-5,6:6, 6, 2, -6, -2, 6, -4, 0
-5,6:6, 6, 2, -6, -2, 6, -4, 2
-5,6:6, 6, 2, -6, -2, 18, 6, 4
-5,6:6, 6, 2, -6, -2, 18, 8, 4
-5,6:6, 6, 2, -6, 2, -10, 12, -4
-5,6:6, 6, 2, -6, 6, -10, 10, -12
-5,6:6, 6, 2, -6, 6, -8, 10, -2
-5,6:6, 6, 2, -6, 6, 2, 10, -4
-5,6:6, 6, 2, -6, 6, 2, 10, -2
-5,6:6, 6, 2, -6, 6, 2, 10, 0
-5,6:6, 6, 2, -6, 10, -8, -8, -2
-5,6:6, 6, 2, -6, 10, -8, -8, 2
-5,6:6, 6, 2, -6, 10, -8, 0, -2
-5,6:6, 6, 2, -6, 10, -8, 2, -8
-5,6:6, 6, 2, -6, 10, -8, 2, -6
-5,6:6, 6, 2, -6, 10, 4, 6, -4
-5,6:6, 6, 2, -6, 10, 4, 6, -2
-5,6:6, 6, 2, -6, 10, 4, 6, 0
-5,6:6, 6, 2, -6, 10, 6, -2, 4
-5,6:6, 6, 2, -6, 10, 6, -2, 6
-5,6:6, 6, 2, -6, 10, 6, -2, 8
-5,6:6, 6, 2, -6, 10, 6, 0, 4
-5,6:6, 6, 2, -6, 10, 6, 6, -2
-5,6:6, 6, 2, -6, 10, 6, 6, 2
-5,6:6, 6, 2, -6, 10, 10, -20, -8
-5,6:6, 6, 2, -6, 10, 10, -8, -20
-5,6:6, 6, 2, -6, 10, 10, -8, -14
-5,6:6, 6, 2, -6, 10, 10, -8, -10
13,5:6, 6, 2, -6, 12, 14, -10, 8
-5,6:6, 6, 2, -4, -8, -8, 4, -2
-5,6:6, 6, 2, -4, -8, -8, 4, 6
-5,6:6, 6, 2, -4, -8, 0, 6, -2
-5,6:6, 6, 2, -4, -6, -8, 0, 6
-5,6:6, 6, 2, -4, -6, -8, 10, 0
-5,6:6, 6, 2, -4, -6, -8, 10, 10
-5,6:6, 6, 2, -4, -6, -2, -6, 6
-5,6:6, 6, 2, -4, -6, -2, 8, -4
-5,6:6, 6, 2, -4, -6, 0, 2, 4
-5,6:6, 6, 2, -4, -6, 0, 6, -8
-5,6:6, 6, 2, -4, -6, 10, -2, 16
-5,6:6, 6, 2, -4, -4, 8, 6, 14
-5,6:6, 6, 2, -4, -4, 18, 8, 10
-5,6:6, 6, 2, -4, -4, 18, 8, 12
-5,6:6, 6, 2, -4, -4, 18, 8, 14
-5,6:6, 6, 2, -4, -2, -8, 2, 6
-5,6:6, 6, 2, -4, -2, 8, -4, 2
-5,6:6, 6, 2, -4, -2, 8, -4, 4
-5,6:6, 6, 2, -4, -2, 8, -4, 6
-5,6:6, 6, 2, -4, -2, 8, 2, -4
-5,6:6, 6, 2, -4, -2, 8, 2, 2
-5,6:6, 6, 2, -4, -2, 8, 4, 0
-5,6:6, 6, 2, -4, -2, 8, 4, 2
-5,6:6, 6, 2, -4, -2, 8, 4, 4
-5,6:6, 6, 2, -4, -2, 8, 6, 4
-5,6:6, 6, 2, -4, -2, 8, 6, 6
-5,6:6, 6, 2, -4, 0, -4, -2, 6
-5,6:6, 6, 2, -4, 0, -4, 10, 4
-5,6:6, 6, 2, -4, 0, 2, 0, 2
-5,6:6, 6, 2, -4, 0, 4, -12, 4
-5,6:6, 6, 2, -4, 0, 4, 4, -12
-5,6:6, 6, 2, -4, 0, 4, 4, -4
-5,6:6, 6, 2, -4, 0, 4, 6, 0
-5,6:6, 6, 2, -4, 0, 6, -4, -4
-5,6:6, 6, 2, -4, 0, 6, -4, -2
-5,6:6, 6, 2, -4, 0, 6, -4, 0
-5,6:6, 6, 2, -4, 0, 6, 2, -8
-5,6:6, 6, 2, -4, 0, 6, 2, -2
-5,6:6, 6, 2, -4, 0, 6, 2, 0
-5,6:6, 6, 2, -4, 2, -2, 0, -8
-5,6:6, 6, 2, -4, 2, -2, 10, -6
-5,6:6, 6, 2, -4, 2, -2, 10, 4
-5,6:6, 6, 2, -4, 2, -2, 12, -6
-5,6:6, 6, 2, -4, 2, -2, 12, 4
-5,6:6, 6, 2, -4, 10, 4, -4, 4
-5,6:6, 6, 2, -4, 10, 4, -4, 8
-5,6:6, 6, 2, -4, 10, 6, -4, 4
-5,6:6, 6, 2, -4, 10, 6, -2, 2
-5,6:6, 6, 2, -4, 10, 6, -2, 4
-5,6:6, 6, 2, -4, 12, 8, -4, 4
-5,6:6, 6, 2, -4, 12, 8, -4, 6
-5,6:6, 6, 2, -2, -2, -4, -2, -12
-5,6:6, 6, 2, -2, -2, 2, 10, -6
-5,6:6, 6, 2, -2, 8, -2, 10, 12
-5,6:6, 6, 2, -2, 8, -2, 10, 14
-5,6:6, 6, 2, -2, 8, -2, 10, 20
-5,6:6, 6, 2, -2, 8, -2, 16, 12
-5,6:6, 6, 2, -2, 8, -2, 16, 14
-5,6:6, 6, 2, -2, 8, -2, 16, 16
-5,6:6, 6, 2, -2, 8, -2, 18, 20
-5,6:6, 6, 2, -2, 8, -2, 20, 14
-5,6:6, 6, 2, -2, 8, 2, 8, 2
-5,6:6, 6, 2, -2, 8, 2, 8, 6
-5,6:6, 6, 2, -2, 8, 6, 10, 14
-5,6:6, 6, 2, -2, 8, 6, 10, 16
-5,6:6, 6, 2, -2, 8, 6, 10, 18
-5,6:6, 6, 2, -2, 8, 6, 14, 14
-5,6:6, 6, 2, -2, 8, 10, 8, 2
-5,6:6, 6, 2, -2, 8, 10, 8, 4
-5,6:6, 6, 2, -2, 8, 10, 8, 6
-5,6:6, 6, 2, -2, 8, 14, 2, 8
-5,6:6, 6, 2, -2, 8, 14, 12, 0
-5,6:6, 6, 2, -2, 8, 14, 12, 10
-5,6:6, 6, 2, 0, -4, -12, -14, 10
-5,6:6, 6, 2, 0, -4, -12, 10, -14
-5,6:6, 6, 2, 0, -4, -12, 10, -4
-5,6:6, 6, 2, 0, -4, -6, 12, 2
-5,6:6, 6, 2, 0, -4, 2, 10, -14
-5,6:6, 6, 2, 0, 4, 8, 6, 8
-5,6:6, 6, 2, 0, 4, 8, 6, 10
-5,6:6, 6, 2, 0, 4, 8, 6, 12
-5,6:6, 6, 2, 0, 4, 10, 12, 4
-5,6:6, 6, 2, 0, 4, 12, 12, 12
-5,6:6, 6, 2, 0, 4, 12, 16, 8
-5,6:6, 6, 2, 0, 4, 12, 16, 10
-5,6:6, 6, 2, 0, 4, 12, 16, 12
-5,6:6, 6, 2, 0, 4, 16, -6, -4
-5,6:6, 6, 2, 0, 4, 16, -6, -2
-5,6:6, 6, 2, 0, 4, 16, -6, 0
-5,6:6, 6, 2, 0, 6, -4, 8, 8
-5,6:6, 6, 2, 0, 6, -4, 8, 18
-5,6:6, 6, 2, 0, 6, -4, 10, 6
-5,6:6, 6, 2, 0, 6, -4, 10, 10
-5,6:6, 6, 2, 0, 6, -4, 12, -2
-5,6:6, 6, 2, 0, 6, -4, 12, 0
-5,6:6, 6, 2, 0, 6, -4, 12, 2
-5,6:6, 6, 2, 0, 6, 6, -4, 12
-5,6:6, 6, 2, 0, 6, 6, 8, -4
-5,6:6, 6, 2, 0, 6, 6, 8, 0
-5,6:6, 6, 2, 0, 6, 6, 10, 8
-5,6:6, 6, 2, 0, 6, 6, 14, -2
-5,6:6, 6, 2, 0, 6, 10, 6, 8
-5,6:6, 6, 2, 0, 6, 10, 6, 10
-5,6:6, 6, 2, 0, 6, 10, 8, 6
3,1:6, 6, 2, 0, 6, 12, 10, 10
3,1:6, 6, 2, 0, 6, 12, 10, 12
-5,6:6, 6, 2, 0, 6, 18, 6, -2
-5,6:6, 6, 2, 0, 6, 18, 6, 8
-5,6:6, 6, 2, 0, 6, 18, 18, 28
-5,6:6, 6, 2, 0, 8, -2, 10, 6
-5,6:6, 6, 2, 0, 8, -2, 10, 16
-5,6:6, 6, 2, 0, 8, -2, 16, -2
-5,6:6, 6, 2, 0, 8, -2, 16, 0
-5,6:6, 6, 2, 0, 8, -2, 16, 2
-5,6:6, 6, 2, 0, 8, 4, 16, -6
-5,6:6, 6, 2, 0, 8, 4, 16, 0
-5,6:6, 6, 2, 0, 8, 4, 16, 2
-5,6:6, 6, 2, 0, 18, 8, 6, 4
-5,6:6, 6, 2, 0, 18, 8, 6, 10
-5,6:6, 6, 2, 2, 8, -8, -4, 14
-5,6:6, 6, 2, 2, 8, -8, -4, 16
-5,6:6, 6, 2, 4, -4, -12, -16, -14
-5,6:6, 6, 2, 4, -4, -12, -16, -12
-5,6:6, 6, 2, 4, -4, -12, -16, -10
-5,6:6, 6, 2, 4, -4, -8, -10, -12
-5,6:6, 6, 2, 4, -4, -8, -8, -8
-5,6:6, 6, 2, 4, -4, -8, -8, -2
-5,6:6, 6, 2, 4, -4, -6, -8, -4
-5,6:6, 6, 2, 4, -4, -6, -8, -2
-5,6:6, 6, 2, 4, -4, -6, -8, 0
-5,6:6, 6, 2, 4, -4, -6, -4, -4
-5,6:6, 6, 2, 4, -4, -4, 2, -6
-5,6:6, 6, 2, 4, -2, -6, -12, -2
-5,6:6, 6, 2, 4, -2, -6, -6, -4
-5,6:6, 6, 2, 4, -2, -6, -4, -4
-5,6:6, 6, 2, 4, -2, -6, 4, -8
-5,6:6, 6, 2, 4, -2, -4, -4, -2
-5,6:6, 6, 2, 4, -2, -4, 0, -10
-5,6:6, 6, 2, 4, -2, -4, 0, -8
-5,6:6, 6, 2, 4, -2, 0, -2, 0
-5,6:6, 6, 2, 4, -2, 0, -2, 2
-5,6:6, 6, 2, 4, -2, 0, -2, 4
-3,6:6, 6, 2, 4, -2, 0, -2, 8
-5,6:6, 6, 2, 10, -2, -10, 0, -16
-5,6:6, 6, 2, 10, -2, -10, 0, -10
-5,6:6, 6, 2, 10, -2, 0, -8, -6
-5,6:6, 6, 2, 10, 0, -8, -4, -6
-5,6:6, 6, 2, 10, 0, -8, -4, -4
-5,6:6, 6, 2, 10, 0, -8, -4, -2
-5,6:6, 6, 2, 10, 4, -2, -2, 6
-5,6:6, 6, 2, 10, 4, 2, -2, 6
-5,6:6, 6, 2, 10, 4, 2, -2, 8
-5,6:6, 6, 2, 10, 4, 6, -8, -8
-5,6:6, 6, 2, 10, 4, 6, -6, -10
-5,6:6, 6, 2, 10, 4, 6, -2, 6
-5,6:6, 6, 2, 10, 6, -8, -4, 4
-5,6:6, 6, 2, 10, 6, -8, 4, -4
-5,6:6, 6, 2, 10, 6, -8, 4, -2
-5,6:6, 6, 2, 10, 6, -4, -8, 0
-5,6:6, 6, 2, 10, 6, -4, 0, 0
-5,6:6, 6, 2, 10, 6, 4, -8, 0
-5,6:6, 6, 2, 10, 6, 4, -4, 0
-5,6:6, 6, 2, 10, 6, 4, 0, 2
-5,6:6, 6, 2, 10, 6, 4, 0, 4
-5,6:6, 6, 2, 10, 6, 6, 14, 8
-5,6:6, 6, 2, 10, 6, 6, 14, 10
-5,6:6, 6, 2, 10, 6, 6, 14, 12
-5,6:6, 6, 2, 12, 8, 8, -2, -2
-5,6:6, 6, 2, 12, 8, 8, -2, 2
4,2:6, 6, 2, 12, 8, 14, -2, -4
5,1:6, 6, 2, 12, 14, 4, 0, 0
5,1:6, 6, 2, 12, 14, 4, 4, -4
5,1:6, 6, 2, 12, 14, 4, 4, -2
5,1:6, 6, 2, 12, 14, 4, 4, 0
6,11:6, 6, 6, -8, 0, -2, -6, 16
6,11:6, 6, 6, -8, 0, -2, 16, -6
-10,6:6, 6, 6, -4, 10, 4, 22, -8
-10,6:6, 6, 6, -4, 10, 4, 22, 2
7,12:6, 6, 6, 6, 10, 14, 6, -2
1,1:6, 6, 8, -4, -8, -8, 8, 8
1,1:6, 6, 8, -4, -8, -8, 8, 12
1,1:6, 6, 8, -4, -8, 8, 8, -8
1,1:6, 6, 8, -4, -8, 8, 8, -6
1,1:6, 6, 8, -4, -8, 8, 8, -4
-9,8:6, 6, 8, 2, 10, 8, 4, -2
-9,8:6, 6, 8, 2, 10, 8, 6, 16
-9,8:6, 6, 8, 2, 10, 8, 10, 0
1,-10:6, 6, 8, 8, 2, 4, 6, -4
2,7:6, 6, 14, 6, -4, 0, -10, 0
2,7:6, 6, 14, 6, -4, 0, 0, -10
2,7:6, 6, 14, 6, -4, 0, 0, -8
0,0:6, 6, 14, 10, 4, 10, 12, -2
0,0:6, 6, 14, 10, 4, 10, 12, 0
0,0:6, 6, 14, 10, 4, 10, 12, 2
10,8:6, 6, 16, -16, 4, 8, 6, 16
10,8:6, 6, 16, -16, 4, 8, 10, 0
10,8:6, 6, 16, -16, 4, 8, 12, 18
