6,-6:-4, -6, -4, -8, -12
-2,4:-4, 0, -2, -10, 6
-2,4:-4, 0, -2, 6, -10
-2,4:-4, 0, -2, 6, -6
-2,-2:-4, -12, -8, -14, -14, 2
2,-6:-4, -6, -6, 0, 2, -2
-2,4:-4, 0, -2, -4, 6, -12
-2,4:-4, 0, -2, -4, 6, -10
-2,4:-4, 0, -2, -4, 6, -8
9,-11:-4, 0, 4, 6, -16, -20
14,-4:-4, 4, -8, -14, -18, 2
-7,-3:-4, 4, -8, -14, -12, -6
-7,-3:-4, 4, -8, -14, -12, -4
-7,-3:-4, 4, -8, -14, -12, -2
14,-4:-4, 4, -8, -14, 2, -18
16,2:-4, -12, -8, -2, -14, -8, -20
5,-11:-4, -12, -8, -2, -14, -8, -18
5,-11:-4, -12, -8, -2, -14, -8, -16
2,-16:-4, -12, -8, 2, 0, -28, -18
0,8:-4, -12, -6, -14, 8, 2, 8
0,8:-4, -12, -6, -14, 8, 8, 2
-7,9:-4, -12, -6, -14, 8, 8, 8
-3,11:-4, -12, -4, 6, -12, -14, 0
-3,11:-4, -12, -4, 6, -8, 2, 4
-3,11:-4, -12, -4, 6, -8, 2, 8
-3,11:-4, -12, -4, 6, -8, 8, 2
-3,11:-4, -12, -4, 6, 2, -12, 0
-3,11:-4, -12, -4, 6, 2, 2, -4
-3,11:-4, -12, -4, 6, 2, 2, 0
-3,11:-4, -12, -4, 6, 2, 4, -8
13,-7:-4, -6, -6, -16, -2, -20, 8
13,-7:-4, -6, -6, -16, -2, 8, -20
2,-1:-4, -6, -6, 0, -2, -6, -6
10,-15:-4, -6, 6, -8, -12, 6, -4
1,5:-4, -4, -8, -12, -16, -10, 4
1,5:-4, -4, -8, -12, -16, 4, -10
1,5:-4, -4, -8, -12, -16, 4, -4
15,-1:-4, -4, 2, 8, -12, -16, -4
15,-1:-4, -4, 2, 8, -12, -4, -16
6,-6:-4, -4, 4, -4, -8, -12, 2
6,-6:-4, -4, 4, -4, -8, -12, 4
6,-6:-4, -4, 4, -4, -8, -12, 6
6,-6:-4, -4, 6, -4, -8, -12, 0
6,-6:-4, -4, 6, -4, -8, -12, 10
7,1:-4, 0, -16, 0, 10, 8, 6
5,1:-4, 0, -12, -12, -6, 4, 14
4,9:-4, 0, -12, 0, 10, 16, 8
-2,4:-4, 0, -2, -4, -4, 6, -10
-2,4:-4, 0, -2, -4, -4, 6, -8
-2,4:-4, 0, -2, -4, -4, 6, -6
15,5:-4, 0, 0, -6, 6, 4, 10
4,9:-4, 0, 0, 10, 16, 8, -12
4,9:-4, 0, 0, 10, 16, 8, -10
4,9:-4, 0, 0, 10, 16, 8, -8
8,1:-4, 0, 4, -4, 2, 4, 2
8,1:-4, 0, 4, -4, 2, 4, 4
20,0:-4, 0, 6, -6, -20, -4, 2
20,0:-4, 0, 6, -6, -20, -4, 4
20,0:-4, 0, 6, -6, -20, 4, -4
14,8:-4, 0, 6, -6, -18, -6, 4
14,8:-4, 0, 6, -6, -18, 4, -6
2,5:-4, 0, 6, -6, -6, -6, -12
2,5:-4, 0, 6, -6, -6, -6, -10
14,8:-4, 0, 6, -6, -6, 4, -18
20,0:-4, 0, 6, -6, -4, 2, -20
3,-3:-4, 0, 6, 4, -6, -8, 2
3,-3:-4, 0, 6, 4, -6, -8, 4
3,-3:-4, 0, 6, 4, -6, -8, 6
3,-7:-4, 2, 0, -8, -2, 6, -8
14,-18:-4, 2, 0, -8, 4, -22, -22
14,-18:-4, 2, 0, -8, 4, -22, -20
13,13:-4, 2, 6, -8, 2, -10, 10
3,-7:-4, 2, 6, -8, 6, -2, -14
3,-7:-4, 2, 6, -8, 6, -2, -12
3,-7:-4, 2, 6, -8, 6, -2, -10
-6,2:-4, 2, 6, 2, -2, 0, 8
-6,2:-4, 2, 6, 2, -2, 8, 0
-5,-7:-4, 2, 6, 10, 2, -2, 14
-5,-7:-4, 2, 6, 10, 2, -2, 18
-5,-7:-4, 2, 6, 10, 2, 14, -2
8,6:-4, 4, -10, 0, -14, -20, -2
8,6:-4, 4, -10, 0, -14, -2, -20
14,-4:-4, 4, -8, -14, -18, -4, -4
14,-4:-4, 4, -8, -14, -18, -4, -2
14,-4:-4, 4, -8, -14, -18, 0, -4
-7,-3:-4, 4, -8, -14, -12, -10, -8
-7,-3:-4, 4, -8, -14, -12, -10, -6
-7,-3:-4, 4, -8, -14, -12, -10, -4
9,5:-4, 4, -4, -26, -20, -8, -26
9,5:-4, 4, -4, -26, -20, -8, -24
5,-7:-4, 4, 6, 2, -10, 0, 12
5,-7:-4, 4, 6, 2, -10, 0, 14
5,-7:-4, 4, 6, 2, -10, 0, 16
5,-7:-4, 4, 6, 2, -10, 12, 0
5,-7:-4, 4, 6, 2, -10, 12, 2
5,-7:-4, 4, 6, 2, -10, 12, 4
5,-7:-4, 4, 6, 2, 0, 12, -8
5,-7:-4, 4, 6, 2, 0, 12, -2
5,-7:-4, 4, 6, 2, 2, 12, -10
5,-7:-4, 4, 6, 2, 2, 12, -8
9,-3:6, -4, -4, -6, -4, -8, -12
1,7:6, -4, -4, 0, -2, -10, 6
1,7:6, -4, -4, 0, -2, 6, -10
1,7:6, -4, -4, 0, -2, 6, -6
-17,8:6, 6, -2, 6, 12, 26, 28
6,-9:6, 6, 2, -6, -6, 2, 10
6,-9:6, 6, 2, -6, -6, 2, 12
6,-9:6, 6, 2, -6, -6, 2, 14
6,-9:6, 6, 2, -6, -6, 10, 2
6,-9:6, 6, 2, -6, -6, 10, 10
3,12:6, 6, 2, -6, 2, 0, 2
-11,3:6, 6, 6, 0, -10, -12, 10
5,-1:6, 6, 8, 8, 6, -6, 10
5,-1:6, 6, 8, 8, 6, 10, -6
-16,18:-4, -14, 10, 10, 2, 6, 2, 28
15,-5:-4, -12, -14, -4, -6, -20, -8, -2
15,-5:-4, -12, -14, -4, -6, -20, -8, 0
15,-5:-4, -12, -14, -4, -6, -20, -8, 2
15,-5:-4, -12, -14, -4, -6, -20, -2, -8
15,-5:-4, -12, -14, -4, -6, -20, -2, -6
15,-5:-4, -12, -14, -4, -6, -20, -2, -4
15,-5:-4, -12, -14, -4, -6, -8, -2, -20
-3,11:-4, -12, -14, -4, 6, -8, -4, 8
-3,11:-4, -12, -14, -4, 6, -8, 8, -4
-3,11:-4, -12, -14, -4, 6, -8, 8, 0
0,-2:-4, -12, -8, -14, -14, -20, -8, -2
0,-2:-4, -12, -8, -14, -14, -20, -2, -8
0,-2:-4, -12, -8, -14, -14, -8, -2, -20
0,-2:-4, -12, -8, -14, -14, -8, -2, -10
5,-11:-4, -12, -8, -14, -8, -14, -14, -2
5,-11:-4, -12, -8, -14, -8, -14, -14, 2
5,-11:-4, -12, -8, -14, -8, -14, -2, -14
5,-11:-4, -12, -8, -14, -8, -14, -2, -12
5,-11:-4, -12, -8, -2, -14, -8, -12, -12
5,-11:-4, -12, -8, -2, -14, -8, -12, -8
5,-11:-4, -12, -8, -2, -14, -8, -10, -12
5,-11:-4, -12, -8, -2, -14, -8, -6, -10
5,-11:-4, -12, -8, -2, -14, -8, -6, -8
5,-11:-4, -12, -8, -2, -14, -8, -6, -6
11,5:-4, -12, -6, -16, -2, -6, 8, 8
11,5:-4, -12, -6, -16, -2, 8, 8, -6
0,8:-4, -12, -6, -14, 8, -2, 8, 2
11,5:-4, -12, -6, -2, -6, 8, 8, -16
11,5:-4, -12, -6, -2, -6, 8, 8, -12
4,-7:-4, -12, -4, -4, -10, -18, -8, 6
-3,11:-4, -12, -4, 6, -12, -14, -8, -14
-3,11:-4, -12, -4, 6, -12, -14, -8, -12
-3,11:-4, -12, -4, 6, -12, -14, -8, -10
-3,11:-4, -12, -4, 6, -12, -8, 8, -12
-3,11:-4, -12, -4, 6, -10, -6, 8, 2
-3,11:-4, -12, -4, 6, -10, 2, -10, 0
-3,11:-4, -12, -4, 6, -10, 2, 4, -14
-3,11:-4, -12, -4, 6, -10, 2, 4, -12
10,0:-4, -12, -4, 6, -10, 2, 4, 10
10,0:-4, -12, -4, 6, -10, 2, 4, 12
10,0:-4, -12, -4, 6, -10, 2, 10, 4
10,0:-4, -12, -4, 6, -10, 2, 10, 8
10,0:-4, -12, -4, 6, -10, 8, 10, 2
10,0:-4, -12, -4, 6, -10, 16, 12, 10
10,0:-4, -12, -4, 6, -10, 16, 12, 12
10,0:-4, -12, -4, 6, -10, 18, 2, 16
-3,11:-4, -12, -4, 6, -8, -4, 8, -4
-3,11:-4, -12, -4, 6, -8, -4, 8, -2
-3,11:-4, -12, -4, 6, -8, 0, 8, -14
-3,11:-4, -12, -4, 6, -8, 0, 8, -4
-3,11:-4, -12, -4, 6, -8, 2, 2, 2
-3,11:-4, -12, -4, 6, -8, 2, 6, -2
-3,11:-4, -12, -4, 6, -8, 2, 6, 0
-3,11:-4, -12, -4, 6, -8, 2, 6, 2
-3,11:-4, -12, -4, 6, -4, -8, 6, -2
-3,11:-4, -12, -4, 6, -4, 6, 0, -4
-3,11:-4, -12, -4, 6, 2, -12, 4, -6
-3,11:-4, -12, -4, 6, 2, 0, -10, -4
-3,11:-4, -12, -4, 6, 2, 0, -8, -2
-3,11:-4, -12, -4, 6, 2, 0, 6, -2
-3,11:-4, -12, -4, 6, 2, 2, 2, -6
-3,11:-4, -12, -4, 6, 2, 2, 2, -4
-3,11:-4, -12, -4, 6, 2, 2, 2, -2
10,0:-4, -12, -4, 6, 2, 4, 10, -10
-3,11:-4, -12, -4, 6, 8, 6, 4, 2
17,3:-4, -12, 0, -10, -4, -6, -14, 2
17,3:-4, -12, 0, -10, -4, -6, 2, -14
11,1:-4, -12, 0, -4, -10, -2, 0, 2
11,3:-4, -12, 0, -4, -8, -4, -8, 2
11,3:-4, -12, 0, -4, -8, -4, 2, -8
11,1:-4, -12, 0, -4, -2, 2, 2, -10
-8,-3:-4, -12, 4, -6, -8, -6, -8, -2
3,-9:-4, -12, 4, 6, 10, 0, 6, -12
0,10:-4, -6, -14, 2, 4, 14, 8, 10
12,-6:-4, -6, -8, -6, -2, -10, -14, -18
5,-11:-4, -6, -8, -4, -14, -8, 0, -14
16,-22:-4, -6, -8, -4, -14, -2, -28, -28
16,-22:-4, -6, -8, -4, -14, -2, -28, -26
6,-4:-4, -6, -6, -16, -6, -10, 2, 0
6,-4:-4, -6, -6, -16, -6, 0, -2, -10
0,-6:-4, -6, -6, -16, 0, -6, 2, 4
0,-6:-4, -6, -6, -16, 0, -6, 2, 6
0,-4:-4, -6, -6, -16, 0, -4, 0, -4
0,-6:-4, -6, -6, -16, 0, 2, 6, -6
0,-2:-4, -6, -6, -16, 2, 2, 4, 2
7,-1:-4, -6, -6, -14, -14, -6, -8, 4
7,-1:-4, -6, -6, -14, -14, -6, -8, 6
7,-1:-4, -6, -6, -14, -14, -6, -8, 8
7,-1:-4, -6, -6, -14, -14, -6, 4, -8
7,5:-4, -6, -6, -4, 2, -8, 2, -2
-3,8:-4, -6, -6, -4, 10, -4, -8, 2
-3,8:-4, -6, -6, -4, 10, -4, 2, -8
-9,3:-4, -6, -6, 0, -8, -18, -4, -10
7,1:-4, -6, -6, 0, -8, -12, -6, 6
7,1:-4, -6, -6, 0, -8, -12, 6, -6
7,1:-4, -6, -6, 0, -8, -6, 6, -12
0,-4:-4, -6, -6, 0, -4, 0, -4, -16
0,-4:-4, -6, -6, 0, -4, 0, -4, -12
-1,-7:-4, -6, -6, 0, -4, 2, 0, -14
5,0:-4, -6, -6, 0, -2, -6, -6, 0
-2,-2:-4, -6, -6, 0, -2, -4, -6, 0
-8,5:-4, -6, -6, 2, 4, -4, 0, 8
19,-2:-4, -6, -6, 2, 4, 6, -2, -2
21,-11:-4, -6, -4, -8, -14, -14, -32, -4
21,-11:-4, -6, -4, -8, -14, -14, -4, -32
8,-10:-4, -6, 0, -8, -12, -10, -14, -18
0,0:-4, -6, 0, -8, -6, -8, -16, 0
0,0:-4, -6, 0, -8, -6, -8, 0, -16
0,0:-4, -6, 0, -8, -6, -8, 0, -12
4,-5:-4, -6, 0, -2, -30, -4, 2, 0
4,-5:-4, -6, 0, -2, -30, -4, 2, 2
24,-1:-4, -6, 0, -2, -14, -20, -14, -16
24,-1:-4, -6, 0, -2, -14, -20, -14, -14
8,-2:-4, -6, 6, -8, -20, -20, -10, 4
8,-2:-4, -6, 6, -8, -20, -20, 4, -10
8,-2:-4, -6, 6, -8, -20, -10, 4, -20
8,-2:-4, -6, 6, -8, -20, -10, 4, -18
8,-2:-4, -6, 6, -8, -20, -10, 4, -16
10,-15:-4, -6, 6, -8, -12, -4, -12, 2
10,-15:-4, -6, 6, -8, -12, -4, 2, -12
13,-14:-4, -6, 6, -8, -12, 6, -4, -22
-1,9:-4, -6, 6, 10, -14, -4, -2, -4
-1,9:-4, -6, 6, 10, -14, -4, -2, 0
17,9:-4, -4, -8, -12, -16, -14, -8, 6
1,5:-4, -4, -8, -12, -16, -14, 4, -6
17,9:-4, -4, -8, -12, -16, -14, 6, -8
17,9:-4, -4, -8, -12, -16, -8, 6, -14
10,10:-4, -4, -8, -12, -16, -8, 6, -8
1,5:-4, -4, -8, -12, -16, -6, 4, -14
1,5:-4, -4, -8, -12, -16, -6, 4, -12
1,5:-4, -4, -8, -12, -16, -6, 4, -10
15,3:-4, -4, -8, -12, -14, -8, -12, 6
15,3:-4, -4, -8, -12, -14, -8, -12, 8
15,3:-4, -4, -8, -12, -14, -8, -12, 10
15,3:-4, -4, -8, -12, -14, -8, 6, -12
15,0:-4, -4, -8, -12, -8, 4, 2, -16
12,0:-4, -4, -8, -12, -6, 0, 12, -16
12,0:-4, -4, -8, -12, 0, 0, -16, 6
12,0:-4, -4, -8, -12, 0, 0, -16, 8
12,0:-4, -4, -8, -12, 0, 0, -16, 10
3,10:-4, -4, -8, -10, -20, 10, -8, -12
1,13:-4, -4, -8, -10, -20, 10, 8, -8
-4,4:-4, -4, -8, -10, -16, -10, 8, 6
-4,4:-4, -4, -8, -10, -16, -10, 8, 8
-4,4:-4, -4, -8, -10, -16, -10, 8, 10
-4,4:-4, -4, -8, -10, -16, -10, 12, 12
-4,4:-4, -4, -8, -10, -16, 8, 6, -10
-4,4:-4, -4, -8, -10, -16, 8, 6, 0
8,7:-4, -4, -8, -2, -12, 12, 12, -8
5,-11:-4, -4, -8, -2, 4, -14, -8, -20
5,-11:-4, -4, -8, -2, 4, -14, -8, -18
5,-11:-4, -4, -8, -2, 4, -14, -8, -16
6,2:-4, -4, -8, 8, 12, -12, -14, 6
6,2:-4, -4, -8, 8, 12, -12, 6, -14
16,-6:-4, -4, -6, -2, 8, -6, -54, -42
16,-6:-4, -4, -6, -2, 8, -6, -42, -54
16,-6:-4, -4, -6, -2, 8, -6, -42, -52
16,-6:-4, -4, -6, -2, 8, -6, -42, -50
6,13:-4, -4, -4, 10, -2, 0, -8, 2
1,9:-4, -4, -2, 4, 0, -4, 2, 8
1,9:-4, -4, -2, 4, 0, -4, 8, 2
15,-1:-4, -4, 2, 8, -12, -16, -6, -6
15,-1:-4, -4, 2, 8, -12, -16, -6, 0
6,-6:-4, -4, 4, -4, -8, -12, -2, 0
6,-6:-4, -4, 4, -4, -8, -12, -2, 2
6,-6:-4, -4, 4, -4, -8, -12, -2, 4
5,15:-4, -4, 8, 4, 8, 8, 2, 2
6,-6:-4, -4, 10, 6, -4, -8, -12, 2
6,-6:-4, -4, 10, 6, -4, -8, -12, 4
6,-6:-4, -4, 10, 6, -4, -8, -12, 6
7,1:-4, 0, -16, 0, 10, 14, 6, 16
4,9:-4, 0, -16, 0, 10, 16, 8, -14
4,9:-4, 0, -16, 0, 10, 16, 8, -12
4,9:-4, 0, -16, 0, 10, 16, 8, -10
1,9:-4, 0, -12, -12, 6, 2, 6, 6
-3,5:-4, 0, -12, -12, 8, 4, 12, 8
21,-13:-4, 0, -12, -4, -14, -16, -34, -6
21,-13:-4, 0, -12, -4, -14, -16, -6, -34
3,-5:-4, 0, -12, -4, 6, -6, -22, -8
3,-5:-4, 0, -12, -4, 6, -6, -8, -22
3,-5:-4, 0, -12, -4, 6, -6, -8, -12
7,10:-4, 0, -12, 0, 10, 16, 8, 8
17,-2:-4, 0, -12, 2, -2, -20, -10, -6
17,-2:-4, 0, -12, 2, -2, -20, -10, -4
17,-2:-4, 0, -12, 2, -2, -20, -10, -2
17,-2:-4, 0, -12, 2, -2, -20, -4, -10
17,-2:-4, 0, -12, 2, -2, -10, -6, -20
1,9:-4, 0, -12, 6, 2, 6, 6, -12
1,9:-4, 0, -12, 6, 2, 6, 6, -4
9,-11:-4, 0, -12, 10, -2, -20, 12, -6
9,-11:-4, 0, -12, 10, -2, -20, 12, 0
9,-11:-4, 0, -12, 10, -2, -20, 12, 2
6,0:-4, 0, -8, -10, -4, -2, 6, 4
6,0:-4, 0, -8, -10, -4, -2, 8, 10
13,-3:-4, 0, -8, -10, 6, 8, 4, -16
7,-5:-4, 0, -8, -4, -10, -8, 2, 2
7,-5:-4, 0, -8, -4, -10, -8, 2, 4
7,-5:-4, 0, -8, -4, -10, 2, 2, -8
4,7:-4, 0, -8, -4, -8, -12, -14, 0
8,-12:-4, 0, -8, -2, -14, -4, -6, -20
5,7:-4, 0, -8, -2, 0, 0, 4, -8
-2,-22:-4, 0, -8, 6, -14, -20, -10, 2
-2,-22:-4, 0, -8, 6, -14, -20, -10, 4
-2,-22:-4, 0, -8, 6, -14, -20, -10, 6
-2,-22:-4, 0, -8, 6, -14, -20, 2, -10
-2,-22:-4, 0, -8, 6, -14, -20, 2, -8
-2,-22:-4, 0, -8, 6, -14, -10, 2, -20
13,-3:-4, 0, -8, 6, 8, 4, -16, -6
6,6:-4, 0, -8, 8, 10, -8, 4, 0
6,6:-4, 0, -8, 8, 10, 4, 0, -8
3,-13:-4, 0, -4, 6, -4, -12, -16, 6
3,-13:-4, 0, -4, 6, -4, -12, 6, -16
13,-1:-4, 0, -2, -10, 4, 4, -14, 14
13,-1:-4, 0, -2, -10, 4, 4, 14, -14
-2,4:-4, 0, -2, -8, -24, -10, 6, -8
-2,4:-4, 0, -2, -8, -10, -12, 6, -14
-2,4:-4, 0, -2, -8, -10, -12, 6, -4
-2,4:-4, 0, -2, -8, -10, -8, 6, -20
-2,4:-4, 0, -2, -8, -10, -8, 6, -10
-2,4:-4, 0, -2, -4, -14, -16, 6, -8
-2,4:-4, 0, -2, -4, -4, -14, 6, -12
-2,4:-4, 0, -2, -4, -4, -14, 6, -10
-2,4:-4, 0, -2, -4, -4, -14, 6, -8
-3,-1:-4, 0, -2, -4, 4, -2, -2, -6
0,2:-4, 0, -2, 4, 0, -8, 6, 2
3,1:-4, 0, -2, 4, 0, 10, -16, 4
3,1:-4, 0, -2, 4, 0, 10, -16, 8
3,1:-4, 0, -2, 4, 0, 10, 4, -16
-3,-5:-4, 0, 0, -6, -8, -6, -2, -2
15,5:-4, 0, 0, -6, 6, 10, 6, 2
-11,-7:-4, 0, 0, 8, 2, -6, -6, -6
-11,-7:-4, 0, 0, 8, 2, -6, -6, -4
-11,-7:-4, 0, 0, 8, 2, -6, -6, -2
7,10:-4, 0, 0, 10, 16, 8, 8, -12
7,10:-4, 0, 0, 10, 16, 8, 8, -10
7,10:-4, 0, 0, 10, 16, 8, 8, -8
25,5:-4, 0, 4, -6, 4, -16, -20, -10
25,5:-4, 0, 4, -6, 4, -16, -20, -6
25,5:-4, 0, 4, -6, 4, -16, -10, -20
11,2:-4, 0, 4, -4, 2, 4, 2, -4
8,1:-4, 0, 4, -4, 2, 4, 8, 2
8,1:-4, 0, 4, -4, 2, 4, 8, 4
8,1:-4, 0, 4, -4, 2, 4, 8, 6
3,-5:-4, 0, 4, 4, 0, 6, 4, -6
-2,10:-4, 0, 4, 4, 6, 4, -10, 12
-2,10:-4, 0, 4, 4, 6, 4, 12, -10
-2,10:-4, 0, 4, 4, 6, 4, 12, -6
20,0:-4, 0, 6, -6, -20, -8, 4, -2
14,8:-4, 0, 6, -6, -20, -6, 4, -24
14,8:-4, 0, 6, -6, -20, -6, 4, -22
20,0:-4, 0, 6, -6, -20, -6, 4, -10
20,0:-4, 0, 6, -6, -20, -6, 4, -8
20,0:-4, 0, 6, -6, -20, -4, 0, 2
20,0:-4, 0, 6, -6, -20, -4, 0, 4
20,0:-4, 0, 6, -6, -20, -4, 0, 10
20,0:-4, 0, 6, -6, -20, -4, 6, 2
20,0:-4, 0, 6, -6, -20, -4, 6, 4
20,0:-4, 0, 6, -6, -20, -4, 6, 6
20,0:-4, 0, 6, -6, -20, -4, 8, 10
20,0:-4, 0, 6, -6, -20, -4, 10, 4
14,8:-4, 0, 6, -6, -18, -6, 6, 4
14,8:-4, 0, 6, -6, -18, -6, 6, 6
14,8:-4, 0, 6, -6, -18, -6, 8, 10
14,8:-4, 0, 6, -6, -18, -6, 10, 4
2,5:-4, 0, 6, -6, -6, -6, -18, -12
2,5:-4, 0, 6, -6, -6, -6, -16, -18
2,5:-4, 0, 6, -6, -6, -6, -14, -14
2,5:-4, 0, 6, -6, -6, -6, -14, -12
2,5:-4, 0, 6, -6, -6, -6, -14, -10
5,6:-4, 0, 6, -6, -6, -6, -12, 6
2,5:-4, 0, 6, -6, -6, -6, -8, -18
2,5:-4, 0, 6, -6, -6, -6, -8, -12
2,5:-4, 0, 6, -6, -6, -6, -8, -10
5,6:-4, 0, 6, -6, -6, -6, 6, -12
5,6:-4, 0, 6, -6, -6, -6, 6, -10
14,8:-4, 0, 6, -6, -6, 4, -22, -16
1,-4:-4, 0, 6, -6, -6, 4, -2, -14
3,-3:-4, 0, 6, 4, -6, -8, -2, 0
3,-3:-4, 0, 6, 4, -6, -8, -2, 2
3,-3:-4, 0, 6, 4, -6, -8, -2, 4
8,-4:-4, 0, 6, 4, -6, 0, -8, -12
15,-1:-4, 0, 6, 4, 10, 10, 0, -14
6,-8:-4, 0, 6, 8, -2, -4, -14, 8
6,-8:-4, 0, 6, 8, -2, -4, 8, -14
14,3:-4, 0, 6, 8, -2, -2, -6, -2
20,0:-4, 0, 8, -6, -20, -4, 10, 6
20,0:-4, 0, 8, -6, -20, -4, 10, 8
20,0:-4, 0, 8, -6, -20, -4, 10, 10
20,0:-4, 0, 8, -6, -20, -4, 12, 14
14,8:-4, 0, 8, -6, -18, -6, 10, 6
14,8:-4, 0, 8, -6, -18, -6, 10, 8
14,8:-4, 0, 8, -6, -18, -6, 10, 10
14,8:-4, 0, 8, -6, -18, -6, 12, 14
13,-1:-4, 0, 8, -2, -24, -10, -14, 18
17,9:-4, 0, 8, -2, -12, -20, -8, 18
17,9:-4, 0, 8, -2, -12, -8, 18, -20
17,9:-4, 0, 8, -2, -12, -8, 18, -16
12,1:-4, 0, 8, 4, -4, -8, -2, 6
12,1:-4, 0, 8, 4, -4, -8, 0, -2
12,1:-4, 0, 8, 4, -4, -8, 0, 0
12,1:-4, 0, 8, 4, -4, -8, 4, 6
12,1:-4, 0, 8, 4, -4, -8, 4, 8
11,-1:-4, 0, 8, 6, 4, 6, -12, 2
11,-1:-4, 0, 8, 6, 4, 6, -12, 4
11,-1:-4, 0, 8, 6, 4, 6, -12, 6
11,-1:-4, 0, 8, 6, 4, 6, 2, -12
11,3:-4, 0, 8, 8, -4, -2, -8, 16
11,3:-4, 0, 8, 8, -4, -2, 16, -8
4,6:-4, 0, 8, 10, -10, -16, -10, 4
4,6:-4, 0, 8, 10, -10, -16, 4, -10
4,6:-4, 0, 8, 10, -10, -16, 4, -6
4,6:-4, 0, 8, 10, -10, 4, -6, -16
4,6:-4, 0, 8, 10, -10, 4, -6, -14
4,6:-4, 0, 8, 10, -10, 4, -6, -12
9,-11:-4, 0, 10, -2, -20, 12, 0, -12
9,-11:-4, 0, 10, -2, -20, 12, 0, -10
9,-11:-4, 0, 10, -2, -20, 12, 0, -8
12,4:-4, 2, 0, -8, -14, -16, -20, -8
3,-7:-4, 2, 0, -8, -2, -14, -6, -6
3,-7:-4, 2, 0, -8, -2, -14, -4, -8
3,-7:-4, 2, 0, -8, -2, -14, -4, 2
3,-7:-4, 2, 0, -8, -2, -14, -2, -4
3,-7:-4, 2, 0, -8, -2, -14, -2, -2
3,-7:-4, 2, 0, -8, -2, -14, -2, 0
3,-7:-4, 2, 0, -8, -2, -14, 4, 2
3,-7:-4, 2, 0, -8, -2, -6, 6, -4
3,-7:-4, 2, 0, -8, -2, -4, -8, -16
3,-7:-4, 2, 0, -8, -2, 2, -8, 2
3,-7:-4, 2, 0, -8, -2, 2, -4, 4
3,-7:-4, 2, 0, -8, -2, 2, 2, -8
3,-7:-4, 2, 0, -8, -2, 2, 2, 0
3,-7:-4, 2, 0, -8, -2, 2, 4, 2
3,-7:-4, 2, 0, -8, -2, 2, 4, 4
14,-18:-4, 2, 0, -8, 4, -22, -16, -22
14,-18:-4, 2, 0, -8, 4, -22, -16, -20
14,-18:-4, 2, 0, -8, 4, -22, -16, -18
14,-18:-4, 2, 0, -8, 4, -18, -12, -22
14,-18:-4, 2, 0, -8, 4, -18, -12, -20
7,19:-4, 2, 2, -14, -10, 16, 16, 12
3,-1:-4, 2, 2, -14, 0, 0, -4, 6
3,-1:-4, 2, 2, -14, 0, 0, -4, 14
3,-1:-4, 2, 2, -14, 0, 0, 6, -4
5,-5:-4, 2, 6, -8, -2, -18, -6, -16
3,-7:-4, 2, 6, -8, 6, -2, -6, -12
3,-7:-4, 2, 6, -8, 6, -2, -6, -10
3,-7:-4, 2, 6, -8, 6, -2, -6, -8
3,-7:-4, 2, 6, 0, -8, -2, -8, -8
3,-7:-4, 2, 6, 0, -8, -2, -8, -6
3,-7:-4, 2, 6, 0, -8, -2, 8, -4
3,-7:-4, 2, 6, 0, -8, -2, 10, -8
14,11:-4, 2, 6, 0, 4, 14, 10, 12
14,11:-4, 2, 6, 0, 4, 14, 10, 14
2,6:-4, 2, 6, 2, -6, -4, -8, 4
-6,2:-4, 2, 6, 2, -2, -10, 8, -14
-6,2:-4, 2, 6, 2, -2, -10, 8, -12
-6,2:-4, 2, 6, 2, -2, -10, 8, -10
-6,2:-4, 2, 6, 2, -2, -6, 8, -4
-6,2:-4, 2, 6, 2, -2, -4, 8, -8
-6,2:-4, 2, 6, 2, -2, -4, 8, -6
-5,-7:-4, 2, 6, 10, 2, -2, 12, 12
-5,-7:-4, 2, 6, 10, 2, -2, 16, 8
-5,-7:-4, 2, 6, 10, 2, -2, 16, 10
-5,-7:-4, 2, 6, 10, 2, -2, 16, 12
-3,1:-4, 4, -10, -12, 6, 10, -12, 4
-3,1:-4, 4, -10, -12, 6, 10, 4, -12
-3,1:-4, 4, -10, -12, 6, 10, 4, -2
6,-2:-4, 4, -10, -8, -6, -6, 6, -8
14,0:-4, 4, -10, -6, -4, -10, -14, -4
14,0:-4, 4, -10, -6, -4, -10, -14, 0
14,0:-4, 4, -10, -6, -4, -10, -4, -14
3,5:-4, 4, -10, -6, -4, 2, 2, 2
6,8:-4, 4, -10, -6, 0, -4, -4, -2
8,6:-4, 4, -10, 0, -14, -26, -2, -26
8,6:-4, 4, -10, 0, -14, -26, -2, -24
8,6:-4, 4, -10, 0, -14, -26, -2, -22
8,6:-4, 4, -10, 0, -14, -24, -2, -20
8,6:-4, 4, -10, 0, -14, -24, -2, -14
8,6:-4, 4, -10, 0, -14, -24, -2, -12
18,-6:-4, 4, -10, 0, -14, -22, -24, 0
8,6:-4, 4, -10, 0, -14, -22, -2, -22
18,-6:-4, 4, -10, 0, -14, -22, 0, -24
8,6:-4, 4, -10, 0, -14, -14, -2, -24
8,6:-4, 4, -10, 0, -14, -14, -2, -14
8,6:-4, 4, -10, 0, -14, -12, -2, -20
8,6:-4, 4, -10, 0, -14, -12, -2, -18
8,6:-4, 4, -10, 0, -14, -2, -8, -4
8,6:-4, 4, -10, 0, -14, -2, -8, 0
9,4:-4, 4, -10, 0, -6, -14, -6, -16
12,-2:-4, 4, -10, 0, -6, 0, -4, -14
3,1:-4, 4, -10, 2, -16, -10, -6, -10
2,8:-4, 4, -10, 6, 0, 14, -6, 6
2,8:-4, 4, -10, 6, 0, 14, 6, -6
-3,1:-4, 4, -10, 6, 10, -2, 4, -14
-3,1:-4, 4, -10, 6, 10, -2, 4, -12
-3,1:-4, 4, -10, 6, 10, -2, 4, -10
14,-4:-4, 4, -8, -14, -18, -4, -6, -6
14,-4:-4, 4, -8, -14, -18, -4, -6, -4
14,-4:-4, 4, -8, -14, -18, -4, -6, -2
14,-4:-4, 4, -8, -14, -18, -4, 0, -4
14,-4:-4, 4, -8, -14, -18, -4, 0, -2
14,-4:-4, 4, -8, -14, -18, 6, 6, -2
14,-4:-4, 4, -8, -14, -18, 6, 6, 10
-7,-3:-4, 4, -8, -14, -12, -10, 0, -6
-7,-3:-4, 4, -8, -14, -12, -10, 0, -4
-7,-3:-4, 4, -8, -14, -12, -10, 0, -2
-7,-3:-4, 4, -8, -14, -12, 0, 2, -6
16,-14:-4, 4, -4, -28, -18, -14, -18, -30
9,5:-4, 4, -4, -26, -20, -8, -30, -34
9,5:-4, 4, -4, -26, -20, -8, -30, -30
7,-10:-4, 4, -4, -26, -12, -16, -12, -12
1,-13:-4, 4, -4, -18, -20, -10, -4, -14
27,-11:-4, 4, -4, -16, -14, -34, -38, -26
27,-11:-4, 4, -4, -16, -14, -34, -38, -24
27,-11:-4, 4, -4, -16, -14, -34, -38, -22
27,-11:-4, 4, -4, -16, -14, -34, -26, -38
7,-10:-4, 4, -4, -12, -16, -12, -12, -26
7,-10:-4, 4, -4, -12, -16, -12, -12, -24
10,-9:-4, 4, -4, -12, -16, -12, -12, -14
30,-18:-4, 4, -4, -12, -10, -44, -48, -28
30,-18:-4, 4, -4, -12, -10, -44, -48, -26
30,-18:-4, 4, -4, -12, -10, -44, -48, -24
30,-18:-4, 4, -4, -12, -10, -44, -28, -48
-4,-16:-4, 4, -2, -12, -8, -22, -12, -8
-4,-16:-4, 4, -2, -12, -8, -22, -12, 2
-4,-16:-4, 4, -2, -12, -8, -22, -8, -12
7,2:-4, 4, -2, -8, 0, 6, -16, 2
6,-6:-4, 4, 4, -6, -4, -8, -12, 14
1,-5:-4, 4, 4, 4, 10, -10, -6, -6
8,8:-4, 4, 4, 6, -14, -10, 4, 0
8,8:-4, 4, 4, 6, -14, 4, 0, -10
8,8:-4, 4, 4, 6, -14, 4, 0, -8
8,8:-4, 4, 4, 6, -14, 4, 0, -6
5,-7:-4, 4, 6, 2, -12, 2, 12, -10
5,-7:-4, 4, 6, 2, -12, 2, 12, -8
5,-7:-4, 4, 6, 2, -12, 2, 12, -2
5,-7:-4, 4, 6, 2, -10, 0, 8, 10
5,-7:-4, 4, 6, 2, -10, 0, 8, 12
5,-7:-4, 4, 6, 2, -10, 0, 8, 14
5,-7:-4, 4, 6, 2, -10, 8, 10, 8
5,-7:-4, 4, 6, 2, -10, 8, 10, 10
5,-7:-4, 4, 6, 2, -10, 8, 10, 12
5,-7:-4, 4, 6, 2, -10, 8, 12, 2
5,-7:-4, 4, 6, 2, -10, 8, 12, 4
5,-7:-4, 4, 6, 2, -10, 8, 12, 6
5,-7:-4, 4, 6, 2, -6, 0, 12, -4
5,-7:-4, 4, 6, 2, -6, 0, 12, -2
5,-7:-4, 4, 6, 2, -6, 0, 12, 0
5,-7:-4, 4, 6, 2, -6, 2, 12, -10
5,-7:-4, 4, 6, 2, -6, 2, 12, -8
5,-7:-4, 4, 6, 2, -6, 2, 12, -6
5,-7:-4, 4, 6, 2, -6, 8, 12, 0
5,-7:-4, 4, 6, 2, -4, 4, 12, -2
5,-7:-4, 4, 6, 2, -4, 8, 12, 6
5,-7:-4, 4, 6, 2, -2, -6, -8, 10
5,-7:-4, 4, 6, 2, -2, -6, 12, -12
5,-7:-4, 4, 6, 2, -2, -4, 12, -8
5,-7:-4, 4, 6, 2, -2, -4, 12, -6
5,-7:-4, 4, 6, 2, -2, -4, 12, -4
5,-7:-4, 4, 6, 2, -2, 2, 12, -8
5,-7:-4, 4, 6, 2, 0, -12, 12, -6
5,-7:-4, 4, 6, 2, 0, 4, 12, 2
5,-7:-4, 4, 6, 2, 8, 0, 12, 2
1,1:6, -4, -4, -12, -8, -14, -14, 2
5,-3:6, -4, -4, -6, -6, 0, 2, -2
1,7:6, -4, -4, 0, -2, -4, 6, -12
1,7:6, -4, -4, 0, -2, -4, 6, -10
1,7:6, -4, -4, 0, -2, -4, 6, -8
12,-8:6, -4, -4, 0, 4, 6, -16, -20
17,-1:6, -4, -4, 4, -8, -14, -18, 2
-4,0:6, -4, -4, 4, -8, -14, -12, -6
-4,0:6, -4, -4, 4, -8, -14, -12, -4
-4,0:6, -4, -4, 4, -8, -14, -12, -2
17,-1:6, -4, -4, 4, -8, -14, 2, -18
-3,13:6, 6, -4, -4, 2, 6, -6, 12
-3,13:6, 6, -4, -4, 2, 6, 12, -6
-3,13:6, 6, -4, -4, 2, 6, 12, -4
-3,13:6, 6, -4, -4, 2, 6, 12, -2
5,0:6, 6, -4, -4, 10, -8, -10, 0
5,0:6, 6, -4, -4, 10, -8, -10, 2
5,0:6, 6, -4, -4, 10, -8, 0, -10
5,0:6, 6, -4, -4, 10, -8, 0, -8
1,-1:6, 6, -2, -4, -4, -10, -18, 16
1,-1:6, 6, -2, -4, -4, -10, 16, -18
1,-1:6, 6, -2, -4, -4, -10, 16, -14
-1,1:6, 6, -2, -4, 4, -2, 8, 14
5,12:6, 6, -2, -4, 12, 2, -12, -6
-6,8:6, 6, -2, -4, 16, 6, -8, 8
-6,8:6, 6, -2, -4, 16, 6, 8, -8
14,6:6, 6, -2, -2, -4, 14, 10, -8
-17,8:6, 6, -2, 6, 12, 22, 28, 20
-14,9:6, 6, -2, 6, 12, 26, 28, 28
-14,16:6, 6, -2, 6, 28, 22, 10, 8
-14,16:6, 6, -2, 6, 28, 22, 10, 10
5,7:6, 6, -2, 12, 2, 8, 2, 12
5,7:6, 6, -2, 12, 2, 8, 2, 14
5,7:6, 6, -2, 12, 2, 8, 14, 2
21,-3:6, 6, -2, 16, 0, -6, -24, 4
21,-3:6, 6, -2, 16, 0, -6, 4, -24
9,-8:6, 6, 2, -6, -6, -12, 2, 10
9,-8:6, 6, 2, -6, -6, -12, 2, 12
9,-8:6, 6, 2, -6, -6, -12, 2, 14
9,-8:6, 6, 2, -6, -6, -12, 10, 2
9,-8:6, 6, 2, -6, -6, -12, 10, 10
6,-9:6, 6, 2, -6, -6, 0, 10, 0
6,-9:6, 6, 2, -6, -6, 0, 10, 4
6,-9:6, 6, 2, -6, -6, 0, 10, 10
9,-8:6, 6, 2, -6, -6, 2, 10, -12
6,-9:6, 6, 2, -6, -6, 6, 0, 4
6,-9:6, 6, 2, -6, -6, 6, 10, 6
6,-9:6, 6, 2, -6, -6, 6, 10, 10
6,-9:6, 6, 2, -6, -6, 10, 8, 14
6,-9:6, 6, 2, -6, -6, 10, 8, 18
6,13:6, 6, 2, -6, 2, 0, 2, 12
6,13:6, 6, 2, -6, 2, 0, 12, 2
14,4:6, 6, 2, -6, 10, 12, 0, -10
-14,23:6, 6, 2, 2, 12, 8, 20, 16
15,3:6, 6, 6, -6, -4, -8, -12, 0
1,15:6, 6, 6, 10, 14, -8, 4, 14
1,15:6, 6, 6, 10, 14, -8, 14, 4
1,15:6, 6, 6, 10, 14, -8, 14, 6
1,15:6, 6, 6, 10, 14, 4, 14, -8
1,15:6, 6, 6, 10, 14, 4, 14, -6
1,15:6, 6, 6, 10, 14, 4, 14, -4
1,15:6, 6, 6, 10, 14, 8, 14, -4
1,-1:6, 6, 8, -4, -4, -10, -18, 6
1,-1:6, 6, 8, -4, -4, -10, -18, 16
2,12:6, 6, 8, 10, 4, 12, 10, 22
2,12:6, 6, 8, 10, 4, 12, 22, 10
4,13:6, 6, 14, 10, 16, 16, 2, 22
4,13:6, 6, 14, 10, 16, 16, 22, 2
