4,-4:-4, -6, -4, -8
-4,6:-4, 0, -2, -10
-4,6:-4, 0, -2, -6
-3,4:6, 6, 8, 6
-4,6:-4, 0, -2, -4, -12
-4,6:-4, 0, -2, -4, -10
-4,6:-4, 0, -2, -4, -8
7,-9:-4, 0, 4, 6, -16
12,-2:-4, 4, -8, -14, 2
12,-2:-4, 4, -8, 2, -14
-1,12:6, 6, -2, 10, 0
-8,7:6, 6, 2, -2, -4
-12,9:-4, -14, -8, 20, 22, 20
8,7:-4, -14, 14, -2, 0, -2
0,-14:-4, -12, -8, 2, 0, -28
-2,10:-4, -12, -6, -14, 8, 2
-2,10:-4, -12, -6, -14, 8, 4
0,3:-4, -6, -14, 2, 6, 10
11,-5:-4, -6, -6, -16, -2, 8
5,-14:-4, -6, 0, -2, -30, -16
5,-14:-4, -6, 0, -2, -16, -30
5,-14:-4, -6, 0, -2, -16, -22
25,-10:-4, -6, 0, -2, -14, -32
-1,7:-4, -4, -8, -12, -16, -10
-1,7:-4, -4, -8, -12, -16, -4
13,1:-4, -4, 2, 8, -12, -4
4,-4:-4, -4, 4, -4, -8, 2
4,-4:-4, -4, 4, -4, -8, 4
4,-4:-4, -4, 4, -4, -8, 6
4,-4:-4, -4, 6, -4, -8, 0
4,-4:-4, -4, 6, -4, -8, 10
20,5:-4, -4, 8, 10, 0, -4
-1,4:-4, 0, -12, -12, -4, 6
-1,4:-4, 0, -12, -12, 6, -4
-1,4:-4, 0, -12, -12, 6, -2
-1,4:-4, 0, -12, -4, 6, -12
-1,4:-4, 0, -12, 0, 6, -12
1,12:-4, 0, -12, 0, 10, -2
-1,4:-4, 0, -8, -10, 6, -8
-1,4:-4, 0, -8, -4, -2, -12
-1,4:-4, 0, -8, 6, -8, -10
-1,4:-4, 0, -8, 6, -8, -6
-4,6:-4, 0, -2, -4, -4, -10
-4,6:-4, 0, -2, -4, -4, -8
-4,6:-4, 0, -2, -4, -4, -6
1,12:-4, 0, 0, 10, -2, -12
1,12:-4, 0, 0, 10, -2, -10
1,12:-4, 0, 0, 10, -2, -8
14,17:-4, 0, 2, -6, -14, -10
14,17:-4, 0, 2, -6, -14, -6
-1,4:-4, 0, 6, -6, -18, -4
12,10:-4, 0, 6, -6, -18, 4
-1,4:-4, 0, 6, -6, -4, -18
18,2:-4, 0, 6, -6, -4, 2
18,2:-4, 0, 6, -6, -4, 4
12,10:-4, 0, 6, -6, 4, -18
18,2:-4, 0, 6, -6, 4, -4
-1,4:-4, 0, 8, -6, 6, -12
5,0:-4, 2, 2, -8, -4, -6
-8,4:-4, 2, 6, 2, -2, 0
-7,-5:-4, 2, 6, 10, 2, 14
-7,-5:-4, 2, 6, 10, 2, 18
-7,-5:-4, 2, 6, 10, 14, 2
9,0:-4, 4, -10, -6, -2, 0
6,8:-4, 4, -10, 0, -14, -20
9,0:-4, 4, -10, 0, -6, -2
12,-2:-4, 4, -8, -14, -4, -4
12,-2:-4, 4, -8, -14, -4, -2
12,-2:-4, 4, -8, -14, 0, -4
7,-1:6, -4, -4, -6, -4, -8
-1,9:6, -4, -4, 0, -2, -10
-1,9:6, -4, -4, 0, -2, -6
0,7:6, -4, 6, 6, 8, 6
-4,-7:6, 6, -4, -4, -8, -16
-4,-7:6, 6, -4, -4, -8, -12
-1,12:6, 6, -2, 10, 2, 6
-1,12:6, 6, -2, 10, 6, 4
-1,12:6, 6, -2, 10, 6, 6
-3,4:6, 6, -2, 10, 6, 10
-3,4:6, 6, -2, 10, 6, 12
-3,4:6, 6, 6, -4, 6, -8
-3,4:6, 6, 6, -4, 6, 2
-3,4:6, 6, 6, -2, 6, -4
-3,4:6, 6, 6, -2, 6, -2
-3,4:6, 6, 6, -2, 6, 0
3,1:6, 6, 8, 8, 6, 10
-10,17:-4, -14, -8, 20, 12, 24, 14
-17,12:-4, -14, -8, 20, 16, 12, 10
8,7:-4, -14, 10, -2, 0, -2, 12
8,7:-4, -14, 10, -2, 0, -2, 14
8,7:-4, -14, 10, -2, 0, -2, 16
10,15:-4, -14, 14, -2, -10, 2, -8
3,10:-4, -14, 14, -2, -6, -10, -12
13,-3:-4, -12, -14, -4, -6, -8, -2
13,-3:-4, -12, -14, -4, -6, -8, 0
13,-3:-4, -12, -14, -4, -6, -8, 2
13,-3:-4, -12, -14, -4, -6, -2, -8
13,-3:-4, -12, -14, -4, -6, -2, -6
13,-3:-4, -12, -14, -4, -6, -2, -4
-2,0:-4, -12, -8, -14, -14, -20, -8
-2,0:-4, -12, -8, -14, -14, -8, -20
-2,0:-4, -12, -8, -14, -14, -8, -10
9,7:-4, -12, -6, -16, -2, 8, 8
-2,10:-4, -12, -6, -14, 8, -2, 0
-2,10:-4, -12, -6, -14, 8, -2, 2
-2,10:-4, -12, -6, -14, 8, -2, 4
6,-3:-4, -12, -6, -2, -10, -8, 0
9,7:-4, -12, -6, -2, 8, 8, -16
9,7:-4, -12, -6, -2, 8, 8, -12
1,-4:-4, -12, -4, -8, -6, -4, -6
9,-4:-4, -12, -4, 2, 6, 4, 2
8,2:-4, -12, -4, 6, 2, 4, 10
8,2:-4, -12, -4, 6, 2, 4, 12
8,2:-4, -12, -4, 6, 2, 10, 4
8,2:-4, -12, -4, 6, 2, 10, 8
8,2:-4, -12, -4, 6, 8, 10, 2
8,2:-4, -12, -4, 6, 16, 12, 10
8,2:-4, -12, -4, 6, 16, 12, 12
8,2:-4, -12, -4, 6, 18, 2, 16
15,5:-4, -12, 0, -10, -4, -6, 2
7,18:-4, -12, 0, -4, -10, 2, -4
9,5:-4, -12, 0, -4, -8, -4, 2
9,3:-4, -12, 0, -4, -2, 2, 2
9,3:-4, -12, 0, -2, 2, 2, -4
6,17:-4, -12, 0, -2, 4, 2, 8
12,9:-4, -12, 4, 4, -8, -12, -12
1,-7:-4, -12, 4, 6, 10, 0, 6
-6,3:-4, -6, -14, -2, 8, 10, 8
0,3:-4, -6, -14, 2, 4, 6, 10
0,3:-4, -6, -14, 2, 4, 10, 10
0,3:-4, -6, -14, 2, 4, 10, 14
-1,12:-4, -6, -14, 2, 4, 12, 2
-2,12:-4, -6, -14, 2, 4, 14, 8
2,-15:-4, -6, -8, -16, -16, -18, -6
2,-15:-4, -6, -8, -16, -16, -18, 4
2,-15:-4, -6, -8, -16, -16, -6, -18
9,2:-4, -6, -8, -10, -12, -24, -28
10,-4:-4, -6, -8, -6, -2, -10, -14
4,-2:-4, -6, -6, -16, -6, 0, -2
-2,-2:-4, -6, -6, -16, 0, -4, 0
-2,-1:-4, -6, -6, -16, 0, 2, -2
-2,-4:-4, -6, -6, -16, 0, 2, 6
-2,-4:-4, -6, -6, -16, 2, -4, 6
-2,-4:-4, -6, -6, -16, 2, 6, 0
5,1:-4, -6, -6, -14, -14, -6, 4
5,1:-4, -6, -6, -14, -14, -6, 6
5,1:-4, -6, -6, -14, -14, -6, 8
5,7:-4, -6, -6, -4, 2, -8, 2
5,7:-4, -6, -6, -4, 2, 2, -6
5,3:-4, -6, -6, 0, -8, -12, 6
5,3:-4, -6, -6, 0, -8, 6, -12
5,3:-4, -6, -6, 0, -8, 6, -10
-2,-2:-4, -6, -6, 0, -4, 0, -16
-2,-2:-4, -6, -6, 0, -4, 0, -12
-4,0:-4, -6, -6, 0, -2, -4, -6
-2,-4:-4, -6, -6, 0, 2, 6, -16
-2,-4:-4, -6, -6, 0, 2, 6, -12
5,3:-4, -6, -6, 2, 4, -8, -6
6,-3:-4, -6, -6, 4, -10, -6, -2
19,-9:-4, -6, -4, -8, -14, -14, -4
6,-8:-4, -6, 0, -8, -12, -10, -14
-2,2:-4, -6, 0, -8, -6, -8, -16
-2,2:-4, -6, 0, -8, -6, -8, -12
5,-14:-4, -6, 0, -2, -26, -16, -30
5,-14:-4, -6, 0, -2, -26, -16, -28
5,-14:-4, -6, 0, -2, -26, -16, -26
5,-14:-4, -6, 0, -2, -16, -32, -38
5,-14:-4, -6, 0, -2, -16, -32, -36
25,-10:-4, -6, 0, -2, -16, -32, -22
25,-10:-4, -6, 0, -2, -16, -32, -20
6,0:-4, -6, 6, -8, -20, -20, 4
6,0:-4, -6, 6, -8, -20, 4, -20
6,0:-4, -6, 6, -8, -20, 4, -18
6,0:-4, -6, 6, -8, -20, 4, -16
4,-1:-4, -6, 6, -2, -4, -6, 14
4,-1:-4, -6, 6, -2, -4, -6, 16
4,-1:-4, -6, 6, -2, -4, -6, 18
4,-1:-4, -6, 6, -2, -4, 14, -6
20,1:-4, -6, 6, 0, 14, 0, -16
3,10:-4, -4, -14, -2, 8, 2, -4
3,10:-4, -4, -14, -2, 8, 2, 0
-1,7:-4, -4, -8, -12, -16, -14, -6
15,11:-4, -4, -8, -12, -16, -14, 6
-1,7:-4, -4, -8, -12, -16, -6, -14
-1,7:-4, -4, -8, -12, -16, -6, -12
-1,7:-4, -4, -8, -12, -16, -6, -10
15,11:-4, -4, -8, -12, -16, 6, -14
15,11:-4, -4, -8, -12, -16, 6, -12
13,5:-4, -4, -8, -12, -14, -8, 6
13,5:-4, -4, -8, -12, -14, -8, 8
13,5:-4, -4, -8, -12, -14, -8, 10
13,5:-4, -4, -8, -12, -14, 6, -8
14,-9:-4, -4, -8, -10, -20, -16, -10
14,-9:-4, -4, -8, -10, -20, -16, 0
5,18:-4, -4, -4, 12, -2, -12, 2
-1,11:-4, -4, -2, 4, 0, -4, 2
3,10:-4, -4, -2, 8, 2, -4, -4
3,10:-4, -4, -2, 8, 2, -4, -2
3,10:-4, -4, -2, 8, 2, 0, -14
3,10:-4, -4, -2, 8, 2, 0, -4
13,1:-4, -4, 2, 8, -12, -6, 0
4,-4:-4, -4, 4, -4, -8, -2, 0
4,-4:-4, -4, 4, -4, -8, -2, 2
4,-4:-4, -4, 4, -4, -8, -2, 4
4,-4:-4, -4, 10, 6, -4, -8, 2
4,-4:-4, -4, 10, 6, -4, -8, 4
4,-4:-4, -4, 10, 6, -4, -8, 6
7,2:-4, 0, -16, -6, 4, 6, 8
1,12:-4, 0, -16, 0, 10, -2, -14
1,12:-4, 0, -16, 0, 10, -2, -12
1,12:-4, 0, -16, 0, 10, -2, -10
-1,4:-4, 0, -12, -12, -6, -6, -8
-1,4:-4, 0, -12, -12, -6, -6, 2
-1,4:-4, 0, -12, -12, -6, 6, -4
-1,4:-4, 0, -12, -12, -6, 6, -2
-1,4:-4, 0, -12, -12, 0, 6, -4
-1,4:-4, 0, -12, -12, 0, 6, -2
-1,4:-4, 0, -12, -12, 0, 6, 0
-1,4:-4, 0, -12, -12, 6, 2, 4
5,4:-4, 0, -12, -12, 6, 8, 10
-5,7:-4, 0, -12, -12, 8, 4, 12
-1,4:-4, 0, -12, -10, -4, 6, 0
-1,4:-4, 0, -12, -10, 0, 6, 0
-1,4:-4, 0, -12, -10, 6, 2, -4
5,-6:-4, 0, -12, -6, -8, -20, -16
6,-3:-4, 0, -12, -6, 6, 6, 0
1,12:-4, 0, -12, -6, 10, 0, -12
19,-11:-4, 0, -12, -4, -14, -16, -6
1,-3:-4, 0, -12, -4, 6, -6, -22
1,-3:-4, 0, -12, -4, 6, -6, -12
8,1:-4, 0, -12, 2, -4, -8, 0
8,1:-4, 0, -12, 2, -4, -8, 4
-1,4:-4, 0, -12, 6, -8, -12, -20
5,4:-4, 0, -12, 6, 8, 10, -12
-1,-12:-4, 0, -12, 10, -22, 0, -12
7,-9:-4, 0, -12, 10, -2, 12, -6
7,-9:-4, 0, -12, 10, -2, 12, 0
7,-9:-4, 0, -12, 10, -2, 12, 2
-1,4:-4, 0, -8, -10, -4, -2, -8
1,2:-4, 0, -8, -10, -4, -2, 2
2,9:-4, 0, -8, -10, -4, 10, -2
-1,4:-4, 0, -8, -10, -2, 0, -6
-1,4:-4, 0, -8, -10, -2, 0, -4
10,7:-4, 0, -8, -10, -2, 0, 4
-1,4:-4, 0, -8, -10, 6, -4, -2
-1,4:-4, 0, -8, -10, 6, -4, 0
11,-1:-4, 0, -8, -10, 6, 8, 4
-1,4:-4, 0, -8, -4, -8, -14, 2
-1,4:-4, 0, -8, -4, -8, -14, 4
-1,4:-4, 0, -8, -4, -8, -14, 6
-1,4:-4, 0, -8, -4, -8, 2, -14
1,2:-4, 0, -8, -4, -2, 2, -10
1,2:-4, 0, -8, -4, -2, 2, -6
-1,4:-4, 0, -8, -4, 2, -2, -14
2,9:-4, 0, -8, -4, 10, -2, -10
2,9:-4, 0, -8, -4, 10, -2, -6
6,-10:-4, 0, -8, -2, -14, -4, -6
10,7:-4, 0, -8, -2, 0, 4, -10
1,-2:-4, 0, -8, 4, 14, -14, -14
-4,-20:-4, 0, -8, 6, -14, -10, 2
-4,-20:-4, 0, -8, 6, -14, -10, 4
-4,-20:-4, 0, -8, 6, -14, -10, 6
-4,-20:-4, 0, -8, 6, -14, 2, -10
-4,-20:-4, 0, -8, 6, -14, 2, -8
-1,4:-4, 0, -8, 6, -8, -4, -12
-1,4:-4, 0, -8, 6, -8, -4, -10
-1,4:-4, 0, -8, 6, -8, -4, -8
-1,4:-4, 0, -8, 6, -2, -12, -6
-1,4:-4, 0, -8, 6, -2, -12, -2
11,-1:-4, 0, -8, 6, 8, 4, -6
4,8:-4, 0, -8, 8, 10, -8, 4
4,8:-4, 0, -8, 8, 10, 4, -8
1,-11:-4, 0, -4, 6, -4, -12, 6
1,-11:-4, 0, -4, 6, -4, 6, -12
11,1:-4, 0, -2, -10, 4, 4, 14
-4,6:-4, 0, -2, -8, -24, -10, -8
-4,6:-4, 0, -2, -8, -10, -12, -14
-4,6:-4, 0, -2, -8, -10, -12, -4
-4,6:-4, 0, -2, -8, -10, -8, -20
-4,6:-4, 0, -2, -8, -10, -8, -10
-4,6:-4, 0, -2, -4, -14, -16, -8
-4,6:-4, 0, -2, -4, -4, -14, -12
-4,6:-4, 0, -2, -4, -4, -14, -10
-4,6:-4, 0, -2, -4, -4, -14, -8
-5,14:-4, 0, -2, 4, -2, -8, 12
-5,14:-4, 0, -2, 4, -2, -8, 20
-2,4:-4, 0, -2, 4, 0, -8, 6
-1,4:-4, 0, 0, -6, -14, -12, 6
-1,4:-4, 0, 0, -6, -14, -12, 8
-1,4:-4, 0, 0, -6, -14, -12, 10
-5,-3:-4, 0, 0, -6, -8, -6, -2
-1,4:-4, 0, 0, -6, -2, -12, 4
-1,4:-4, 0, 0, -6, 4, -12, -6
23,12:-4, 0, 0, 10, 10, -26, -8
23,12:-4, 0, 0, 10, 10, -8, -26
23,12:-4, 0, 0, 10, 10, -8, -24
23,12:-4, 0, 0, 10, 10, -8, -22
14,17:-4, 0, 2, -6, -14, -4, -12
14,17:-4, 0, 2, -6, -14, -4, -10
14,17:-4, 0, 2, -6, -14, -4, -8
11,-4:-4, 0, 4, -6, -16, -2, -8
11,-4:-4, 0, 4, -6, -16, -2, 2
23,7:-4, 0, 4, -6, 4, -16, -10
23,7:-4, 0, 4, -6, 4, -16, -6
23,7:-4, 0, 4, -6, 4, -6, -16
-4,12:-4, 0, 4, 4, 6, 4, -10
-4,12:-4, 0, 4, 4, 6, 4, -6
-1,4:-4, 0, 6, -6, -20, -12, -2
-1,4:-4, 0, 6, -6, -20, -6, -6
-1,4:-4, 0, 6, -6, -20, -4, -24
-1,4:-4, 0, 6, -6, -20, -4, -22
12,10:-4, 0, 6, -6, -20, 4, -24
12,10:-4, 0, 6, -6, -20, 4, -22
-1,4:-4, 0, 6, -6, -18, -8, -2
-1,4:-4, 0, 6, -6, -18, -6, -10
-1,4:-4, 0, 6, -6, -18, -6, -8
12,10:-4, 0, 6, -6, -18, 6, 4
12,10:-4, 0, 6, -6, -18, 6, 6
12,10:-4, 0, 6, -6, -18, 8, 10
12,10:-4, 0, 6, -6, -18, 10, 4
-1,4:-4, 0, 6, -6, -14, -16, -14
-1,4:-4, 0, 6, -6, -14, -10, -12
-1,4:-4, 0, 6, -6, -14, -10, -10
-1,4:-4, 0, 6, -6, -14, -10, -8
-1,4:-4, 0, 6, -6, -14, -8, -14
-1,4:-4, 0, 6, -6, -14, -8, -4
-1,4:-4, 0, 6, -6, -14, -6, -6
18,2:-4, 0, 6, -6, -8, 4, -2
-1,4:-4, 0, 6, -6, -6, -10, -14
-1,4:-4, 0, 6, -6, -6, -10, -10
18,2:-4, 0, 6, -6, -6, 4, -8
18,2:-4, 0, 6, -6, -4, 0, 2
18,2:-4, 0, 6, -6, -4, 0, 4
18,2:-4, 0, 6, -6, -4, 0, 10
18,2:-4, 0, 6, -6, -4, 6, 2
18,2:-4, 0, 6, -6, -4, 6, 4
18,2:-4, 0, 6, -6, -4, 6, 6
18,2:-4, 0, 6, -6, -4, 8, 10
18,2:-4, 0, 6, -6, -4, 10, 4
12,10:-4, 0, 6, -6, 4, -22, -16
-1,4:-4, 0, 6, 4, -6, -10, -6
6,-2:-4, 0, 6, 4, -6, 0, -8
4,-6:-4, 0, 6, 8, -2, -4, 8
3,-6:-4, 0, 6, 8, -2, 12, 8
12,10:-4, 0, 8, -6, -18, 10, 6
12,10:-4, 0, 8, -6, -18, 10, 8
12,10:-4, 0, 8, -6, -18, 10, 10
12,10:-4, 0, 8, -6, -18, 12, 14
18,2:-4, 0, 8, -6, -4, 10, 6
18,2:-4, 0, 8, -6, -4, 10, 8
18,2:-4, 0, 8, -6, -4, 10, 10
18,2:-4, 0, 8, -6, -4, 12, 14
11,1:-4, 0, 8, -2, -24, -10, 18
11,1:-4, 0, 8, -2, -24, 18, -10
15,11:-4, 0, 8, -2, -12, -20, 18
15,11:-4, 0, 8, -2, -12, 18, -20
15,11:-4, 0, 8, -2, -12, 18, -16
11,1:-4, 0, 8, -2, -10, 18, -18
9,1:-4, 0, 8, 6, 4, 6, 2
9,1:-4, 0, 8, 6, 4, 6, 4
9,1:-4, 0, 8, 6, 4, 6, 6
7,-9:-4, 0, 10, -2, 12, 0, -12
7,-9:-4, 0, 10, -2, 12, 0, -10
7,-9:-4, 0, 10, -2, 12, 0, -8
10,6:-4, 2, 0, -8, -14, -16, -20
5,0:-4, 2, 0, -8, -4, -6, -14
5,21:-4, 2, 2, -14, -10, 16, 16
1,1:-4, 2, 2, -14, 0, 0, 6
1,1:-4, 2, 2, -14, 0, 0, 14
1,1:-4, 2, 2, -14, 0, 6, 0
7,8:-4, 2, 2, -8, -14, -2, -12
0,3:-4, 2, 2, -8, -10, -14, -16
0,8:-4, 2, 6, 2, -6, -4, -8
9,-2:-4, 2, 6, 2, -4, -8, 2
9,-2:-4, 2, 6, 2, -4, -8, 4
9,-2:-4, 2, 6, 2, -4, -8, 6
-8,4:-4, 2, 6, 2, -2, -10, -14
-8,4:-4, 2, 6, 2, -2, -10, -12
-8,4:-4, 2, 6, 2, -2, -10, -10
-8,4:-4, 2, 6, 2, -2, -6, -4
-8,4:-4, 2, 6, 2, -2, -4, -8
-8,4:-4, 2, 6, 2, -2, -4, -6
1,-4:-4, 2, 6, 2, -2, -4, 10
1,-4:-4, 2, 6, 2, -2, 10, -4
7,-9:-4, 2, 6, 2, 0, -10, -16
-7,-5:-4, 2, 6, 10, 2, 12, 12
-7,-5:-4, 2, 6, 10, 2, 16, 8
-7,-5:-4, 2, 6, 10, 2, 16, 10
-7,-5:-4, 2, 6, 10, 2, 16, 12
4,-2:-4, 4, -10, -12, -14, -2, -6
-5,3:-4, 4, -10, -12, 6, 10, -12
-5,3:-4, 4, -10, -12, 6, 10, -2
8,1:-4, 4, -10, -8, -6, -8, 0
6,9:-4, 4, -10, -6, -12, 6, -4
12,2:-4, 4, -10, -6, -4, -10, -4
12,2:-4, 4, -10, -6, -4, -10, 0
12,2:-4, 4, -10, -6, -4, 0, -10
1,7:-4, 4, -10, -6, -4, 2, 2
9,0:-4, 4, -10, -6, -2, -2, 2
9,0:-4, 4, -10, -6, -2, -2, 4
9,0:-4, 4, -10, -6, -2, -2, 6
9,0:-4, 4, -10, -6, -2, 2, 2
13,-2:-4, 4, -10, -6, 6, 2, 2
6,8:-4, 4, -10, 0, -14, -26, -26
6,8:-4, 4, -10, 0, -14, -26, -24
6,8:-4, 4, -10, 0, -14, -26, -22
6,8:-4, 4, -10, 0, -14, -24, -20
6,8:-4, 4, -10, 0, -14, -24, -14
6,8:-4, 4, -10, 0, -14, -24, -12
6,8:-4, 4, -10, 0, -14, -22, -22
16,-4:-4, 4, -10, 0, -14, -22, 0
6,8:-4, 4, -10, 0, -14, -14, -24
6,8:-4, 4, -10, 0, -14, -14, -14
6,8:-4, 4, -10, 0, -14, -12, -20
6,8:-4, 4, -10, 0, -14, -12, -18
6,8:-4, 4, -10, 0, -14, -8, -4
6,8:-4, 4, -10, 0, -14, -8, 0
16,-4:-4, 4, -10, 0, -14, 0, -22
8,1:-4, 4, -10, 0, -8, -6, -8
10,0:-4, 4, -10, 0, -6, 0, -4
9,0:-4, 4, -10, 0, -6, 0, 2
0,10:-4, 4, -10, 6, 0, 14, -6
-5,3:-4, 4, -10, 6, 10, -2, -14
-5,3:-4, 4, -10, 6, 10, -2, -12
-5,3:-4, 4, -10, 6, 10, -2, -10
4,-11:-4, 4, -8, -16, -10, -14, -8
4,-4:-4, 4, -8, -14, -4, -8, -16
12,-2:-4, 4, -8, -14, -4, -6, -4
12,-2:-4, 4, -8, -14, -4, -6, -2
12,-2:-4, 4, -8, -14, -4, 0, -4
12,-2:-4, 4, -8, -14, -4, 0, -2
12,-2:-4, 4, -8, -14, 6, 6, -2
12,-2:-4, 4, -8, -14, 6, 6, 10
4,11:-4, 4, -8, 6, 4, 0, 2
14,-12:-4, 4, -4, -28, -18, -14, -18
-1,-11:-4, 4, -4, -18, -20, -10, -4
25,-9:-4, 4, -4, -16, -14, -34, -26
25,-9:-4, 4, -4, -16, -14, -34, -24
25,-9:-4, 4, -4, -16, -14, -34, -22
25,-9:-4, 4, -4, -16, -14, -24, -34
28,-16:-4, 4, -4, -12, -10, -44, -28
28,-16:-4, 4, -4, -12, -10, -44, -26
28,-16:-4, 4, -4, -12, -10, -44, -24
28,-16:-4, 4, -4, -12, -10, -28, -44
-6,-14:-4, 4, -2, -12, -8, -22, -8
-6,-14:-4, 4, -2, -12, -8, -22, 2
-6,-14:-4, 4, -2, -12, -8, 2, -22
11,-2:-4, 4, -2, -8, -12, -18, -4
11,-2:-4, 4, -2, -8, -12, -18, 0
11,-2:-4, 4, -2, -8, -12, -4, -18
11,8:-4, 4, -2, -8, -10, -18, 2
-3,-2:-4, 4, -2, 2, 4, 2, -16
4,-4:-4, 4, 4, -6, -4, -8, 14
6,7:-4, 4, 4, 4, -14, 8, 0
6,7:-4, 4, 4, 4, 8, 0, -14
-1,-3:-4, 4, 4, 4, 10, -10, -6
6,10:-4, 4, 4, 6, -14, -10, 4
6,10:-4, 4, 4, 6, -14, 4, -10
6,10:-4, 4, 4, 6, -14, 4, -8
6,10:-4, 4, 4, 6, -14, 4, -6
16,9:-4, 4, 6, 2, -16, 2, 12
16,9:-4, 4, 6, 2, -16, 2, 14
16,9:-4, 4, 6, 2, -16, 2, 16
16,9:-4, 4, 6, 2, -16, 12, 2
16,9:-4, 4, 6, 2, -16, 12, 4
16,9:-4, 4, 6, 2, 2, 12, -16
16,9:-4, 4, 6, 2, 2, 12, -14
-1,9:6, -4, -4, 0, -2, -4, -12
-1,9:6, -4, -4, 0, -2, -4, -10
-1,9:6, -4, -4, 0, -2, -4, -8
10,-6:6, -4, -4, 0, 4, 6, -16
15,1:6, -4, -4, 4, -8, -14, 2
15,1:6, -4, -4, 4, -8, 2, -14
2,15:6, -4, 6, 6, -2, 10, 0
-5,10:6, -4, 6, 6, 2, -2, -4
-4,-7:6, 6, -4, -4, -8, -14, -10
-4,-7:6, 6, -4, -4, -8, -14, -8
-4,-7:6, 6, -4, -4, -8, -14, -6
-4,-7:6, 6, -4, -4, -8, -10, -10
2,1:6, 6, -4, 0, 16, -12, 2
2,1:6, 6, -4, 0, 16, 2, -12
2,1:6, 6, -4, 0, 16, 2, -4
22,5:6, 6, -4, 0, 16, 4, -14
-1,12:6, 6, -2, -4, -4, 10, -8
-4,0:6, 6, -2, -4, 10, 6, 4
12,8:6, 6, -2, -2, -4, 14, 10
11,6:6, 6, -2, -2, -4, 16, 8
11,6:6, 6, -2, -2, -4, 16, 10
11,6:6, 6, -2, -2, -4, 16, 12
-3,4:6, 6, -2, -2, 8, 6, -12
-15,28:6, 6, -2, 6, 14, 12, 26
-15,28:6, 6, -2, 6, 14, 12, 28
-15,28:6, 6, -2, 6, 14, 12, 30
-8,25:6, 6, -2, 6, 18, 16, 24
-8,25:6, 6, -2, 6, 18, 16, 26
-1,12:6, 6, -2, 10, 6, 2, 4
-1,12:6, 6, -2, 10, 6, 2, 6
-3,4:6, 6, -2, 10, 6, 8, 10
-3,4:6, 6, -2, 10, 6, 8, 12
-3,4:6, 6, -2, 10, 6, 14, 10
-3,4:6, 6, -2, 10, 6, 14, 12
-3,4:6, 6, -2, 10, 6, 14, 14
-3,4:6, 6, -2, 10, 6, 16, 18
-3,4:6, 6, -2, 10, 6, 18, 12
3,12:6, 6, -2, 12, 2, 8, 6
3,9:6, 6, -2, 12, 2, 8, 14
3,12:6, 6, -2, 12, 8, 6, 2
-1,4:6, 6, -2, 12, 12, 16, 4
19,-1:6, 6, -2, 16, 0, -6, 4
2,11:6, 6, 2, -6, 4, -16, 18
2,11:6, 6, 2, -6, 4, -16, 20
2,11:6, 6, 2, -6, 4, -16, 26
2,11:6, 6, 2, -6, 4, 18, -16
9,4:6, 6, 2, -6, 10, -8, 10
12,6:6, 6, 2, -6, 10, 12, 0
8,23:6, 6, 2, -2, 8, -2, 8
5,-2:6, 6, 2, 4, -2, 2, 10
-3,4:6, 6, 6, -8, -4, 6, -4
-3,4:6, 6, 6, -8, -4, 6, -2
-3,4:6, 6, 6, -8, -4, 6, 0
13,5:6, 6, 6, -6, -4, -8, 0
-3,4:6, 6, 6, -2, 4, 6, -2
-3,4:6, 6, 6, -2, 4, 6, 0
-3,4:6, 6, 6, -2, 4, 6, 2
-1,17:6, 6, 6, 10, 14, -8, 4
-1,17:6, 6, 6, 10, 14, -8, 6
6,13:6, 6, 6, 10, 14, -8, 16
-1,17:6, 6, 6, 10, 14, 4, -8
-1,17:6, 6, 6, 10, 14, 4, -6
-1,17:6, 6, 6, 10, 14, 4, -4
-1,17:6, 6, 6, 10, 14, 8, -4
6,13:6, 6, 6, 10, 14, 16, -8
6,13:6, 6, 6, 10, 14, 16, -6
6,13:6, 6, 6, 10, 14, 16, -4
-7,6:6, 6, 8, 2, 10, 14, 12
-1,-2:6, 6, 8, 8, 0, 16, 10
-1,-2:6, 6, 8, 8, 2, 6, 14
-1,-2:6, 6, 8, 8, 2, 6, 18
-1,-2:6, 6, 8, 8, 2, 14, 6
8,5:6, 6, 8, 8, 6, 0, 6
8,5:6, 6, 8, 8, 6, 0, 8
8,5:6, 6, 8, 8, 6, 0, 10
-1,-2:6, 6, 8, 8, 16, 10, 0
0,14:6, 6, 8, 10, 4, 12, 22
-3,10:6, 6, 8, 10, 8, 2, 12
-3,4:6, 6, 14, 2, 10, 6, 12
-3,4:6, 6, 14, 2, 10, 6, 14
-3,4:6, 6, 14, 2, 10, 6, 16
11,10:-4, -14, -12, -2, 14, -2, 0, -2
18,2:-4, -14, -12, 14, -12, -14, -12, -16
10,12:-4, -14, -12, 14, -12, -8, -10, -18
10,12:-4, -14, -12, 14, -12, -8, -10, -14
-10,14:-4, -14, -8, 10, 10, 14, 12, 4
-10,14:-4, -14, -8, 10, 10, 14, 12, 8
-9,12:-4, -14, -8, 10, 20, 20, 22, 20
-13,-2:-4, -14, -8, 20, 10, 10, 6, -2
-13,-2:-4, -14, -8, 20, 10, 10, 6, 2
-10,17:-4, -14, -8, 20, 12, 24, 16, 20
-10,17:-4, -14, -8, 20, 12, 24, 20, 18
-10,17:-4, -14, -8, 20, 12, 24, 20, 20
-12,9:-4, -14, -8, 20, 12, 24, 20, 24
-12,9:-4, -14, -8, 20, 12, 24, 20, 26
-12,9:-4, -14, -8, 20, 20, 10, 20, 6
-12,9:-4, -14, -8, 20, 20, 10, 20, 16
-12,9:-4, -14, -8, 20, 20, 12, 20, 10
-12,9:-4, -14, -8, 20, 20, 12, 20, 12
-12,9:-4, -14, -8, 20, 20, 12, 20, 14
-6,6:-4, -14, -8, 20, 22, 22, 20, 24
10,15:-4, -14, 10, -2, -10, 2, -8, 12
10,15:-4, -14, 10, -2, -10, 2, -8, 14
10,15:-4, -14, 10, -2, -10, 2, -8, 16
8,7:-4, -14, 10, -2, 0, -2, 20, 14
8,7:-4, -14, 10, -2, 0, -2, 20, 16
8,7:-4, -14, 10, -2, 0, -2, 20, 18
-2,4:-4, -14, 10, 10, 8, 10, 6, -8
-2,4:-4, -14, 10, 10, 8, 10, 6, -6
-2,4:-4, -14, 10, 10, 8, 10, 6, -4
-10,14:-4, -14, 10, 10, 14, 12, 4, -8
-10,14:-4, -14, 10, 10, 14, 12, 4, -6
-10,14:-4, -14, 10, 10, 14, 12, 4, -4
-9,12:-4, -14, 10, 20, 20, 22, 20, -8
-9,12:-4, -14, 10, 20, 20, 22, 20, -6
-9,12:-4, -14, 10, 20, 20, 22, 20, -4
7,-4:-4, -14, 14, -2, -12, -12, -16, -24
7,-4:-4, -14, 14, -2, -12, -12, -16, -20
10,15:-4, -14, 14, -2, -10, 2, -6, -2
10,15:-4, -14, 14, -2, -10, 2, -2, -4
10,15:-4, -14, 14, -2, -10, 2, -2, -2
8,7:-4, -14, 14, -2, -10, 2, -2, 2
8,7:-4, -14, 14, -2, -10, 2, -2, 4
8,7:-4, -14, 14, -2, -2, -12, -2, -16
8,7:-4, -14, 14, -2, -2, -12, -2, -6
8,7:-4, -14, 14, -2, -2, -10, -2, -12
8,7:-4, -14, 14, -2, -2, -10, -2, -10
8,7:-4, -14, 14, -2, -2, -10, -2, -8
14,4:-4, -14, 14, -2, 0, 0, -2, 2
15,1:-4, -12, -14, -4, -6, -8, -4, -8
13,-3:-4, -12, -14, -4, -6, -8, 6, 0
13,-3:-4, -12, -14, -4, -6, -8, 6, 2
13,-3:-4, -12, -14, -4, -6, -8, 6, 4
13,-3:-4, -12, -14, -4, -6, -4, -6, 0
13,-3:-4, -12, -14, -4, -6, -4, -6, 2
13,-3:-4, -12, -14, -4, -6, -4, -6, 4
13,-3:-4, -12, -14, -4, -6, -4, -2, 0
8,2:-4, -12, -14, -4, 6, 0, 14, 20
8,2:-4, -12, -14, -4, 6, 0, 16, 8
8,2:-4, -12, -14, -4, 6, 0, 16, 14
8,2:-4, -12, -14, -4, 6, 2, 2, 14
8,2:-4, -12, -14, -4, 6, 2, 2, 20
8,2:-4, -12, -14, -4, 6, 2, 14, 2
8,2:-4, -12, -14, -4, 6, 2, 14, 4
8,2:-4, -12, -14, -4, 6, 8, 10, 0
15,5:-4, -12, -14, 0, -10, -4, -6, -4
15,5:-4, -12, -14, 0, -10, -4, -6, 0
9,3:-4, -12, -14, 0, -4, -2, 2, 0
7,-2:-4, -12, -14, 0, -2, 2, 6, 2
-2,0:-4, -12, -8, -14, -14, -20, -12, -10
-2,0:-4, -12, -8, -14, -14, -20, -12, -8
-2,0:-4, -12, -8, -14, -14, -20, -12, -6
-2,0:-4, -12, -8, -14, -14, -20, -10, -6
28,4:-4, -12, -8, -14, 0, -14, -4, -24
10,-4:-4, -12, -8, -4, -4, -2, -4, -14
-2,0:-4, -12, -8, -2, -14, -14, -20, -14
0,-14:-4, -12, -8, 2, 0, -34, -30, -26
0,-14:-4, -12, -8, 2, 0, -34, -28, -20
0,-14:-4, -12, -8, 2, 0, -34, -28, -18
0,-14:-4, -12, -8, 2, 0, -34, -28, -16
0,-14:-4, -12, -8, 2, 0, -34, -20, -20
0,-14:-4, -12, -8, 2, 0, -34, -18, -28
0,-14:-4, -12, -8, 2, 0, -34, -18, -26
0,-14:-4, -12, -8, 2, 0, -24, -20, -30
0,-14:-4, -12, -8, 2, 0, -24, -20, -28
0,-14:-4, -12, -8, 2, 0, -24, -20, -26
0,-14:-4, -12, -8, 2, 0, -20, -28, -30
-2,-4:-4, -12, -6, -16, -8, 8, 4, -2
5,2:-4, -12, -6, -16, -6, -12, -14, -20
5,2:-4, -12, -6, -16, -6, -12, -14, -18
5,2:-4, -12, -6, -16, -6, -12, -14, -16
2,20:-4, -12, -6, -16, -4, 2, 8, -4
-2,-4:-4, -12, -6, -16, -4, 2, 8, 16
-2,-4:-4, -12, -6, -16, -2, 4, 6, -4
0,12:-4, -12, -6, -16, -2, 8, 6, 16
9,7:-4, -12, -6, -14, -14, -2, 4, 4
-3,2:-4, -12, -6, -14, -2, -4, -4, -6
9,7:-4, -12, -6, -14, -2, 8, 8, -10
-13,1:-4, -12, -6, -14, 0, -4, 8, 14
-13,1:-4, -12, -6, -14, 0, -4, 8, 16
-13,1:-4, -12, -6, -14, 0, -4, 8, 18
-2,-1:-4, -12, -6, -2, -10, -8, -2, -12
-2,-1:-4, -12, -6, -2, -10, -8, -2, -10
6,-3:-4, -12, -6, -2, -10, -8, -2, -2
6,-3:-4, -12, -6, -2, -10, -8, -2, 0
-2,-4:-4, -12, -6, -2, -10, -8, 6, -12
-2,-4:-4, -12, -6, -2, -10, -8, 6, -10
-2,-4:-4, -12, -6, -2, -10, -6, 6, -14
6,-3:-4, -12, -6, -2, -10, -4, 0, -8
11,-1:-4, -12, -6, -2, -4, -8, -12, -4
11,-1:-4, -12, -6, -2, -4, -8, -12, -2
11,-1:-4, -12, -6, -2, -4, -8, -12, 0
11,-1:-4, -12, -6, -2, -4, -8, -2, -12
-2,-4:-4, -12, -6, -2, 4, -10, 6, -10
9,7:-4, -12, -6, -2, 4, 4, -12, -10
0,12:-4, -12, -6, -2, 8, 6, 16, -10
5,-3:-4, -12, -6, -2, 8, 6, 16, 10
3,4:-4, -12, -4, -8, -6, -14, -2, -12
-4,-1:-4, -12, -4, -8, -6, -10, -14, -16
7,4:-4, -12, -4, 2, 2, -6, -2, -4
-5,11:-4, -12, -4, 6, -12, 14, 4, -8
-5,11:-4, -12, -4, 6, -12, 14, 4, -6
-5,11:-4, -12, -4, 6, -12, 14, 4, -4
11,-6:-4, -12, -4, 6, -10, -6, 18, -12
-5,11:-4, -12, -4, 6, -8, 14, 8, 2
2,8:-4, -12, -4, 6, -8, 16, 12, 6
8,2:-4, -12, -4, 6, 0, 8, 10, -14
8,2:-4, -12, -4, 6, 2, 4, 16, 16
8,2:-4, -12, -4, 6, 2, 4, 16, 20
8,2:-4, -12, -4, 6, 2, 4, 18, 16
8,2:-4, -12, -4, 6, 2, 4, 22, 18
8,2:-4, -12, -4, 6, 2, 4, 22, 20
8,2:-4, -12, -4, 6, 2, 4, 22, 22
-2,3:-4, -12, -4, 6, 2, 6, 6, 6
8,2:-4, -12, -4, 6, 2, 6, 10, 0
8,2:-4, -12, -4, 6, 2, 6, 10, 2
13,6:-4, -12, -4, 6, 14, 6, 2, -4
-5,11:-4, -12, -4, 6, 14, 8, 2, -8
8,2:-4, -12, -4, 6, 14, 8, 2, 14
8,2:-4, -12, -4, 6, 16, 2, 4, 20
8,2:-4, -12, -4, 6, 16, 2, 4, 22
8,2:-4, -12, -4, 6, 16, 12, 4, 10
2,8:-4, -12, -4, 6, 16, 12, 6, -8
8,2:-4, -12, -4, 6, 16, 12, 6, 4
8,2:-4, -12, -4, 6, 16, 12, 8, 8
8,2:-4, -12, -4, 6, 16, 12, 8, 10
8,2:-4, -12, -4, 6, 16, 12, 8, 12
8,2:-4, -12, -4, 6, 16, 12, 14, 4
8,2:-4, -12, -4, 6, 16, 12, 14, 10
8,2:-4, -12, -4, 6, 16, 12, 14, 12
8,2:-4, -12, -4, 6, 18, 2, 10, 16
8,2:-4, -12, -4, 6, 18, 2, 10, 20
8,2:-4, -12, -4, 6, 18, 4, 22, 12
-3,8:-4, -12, 0, -10, -14, -6, -4, 4
6,1:-4, -12, 0, -10, -14, -6, -2, -18
6,1:-4, -12, 0, -10, -14, -6, -2, -16
6,1:-4, -12, 0, -10, -14, -6, -2, -14
15,5:-4, -12, 0, -10, -4, -6, -4, -4
15,5:-4, -12, 0, -10, -4, -6, -4, -2
15,5:-4, -12, 0, -10, -4, -6, 0, -4
18,11:-4, -12, 0, -10, -2, -8, -10, 2
18,4:-4, -12, 0, -10, -2, 0, -14, 2
18,4:-4, -12, 0, -10, -2, 0, 2, -14
9,3:-4, -12, 0, -10, -2, 2, 2, -12
25,-10:-4, -12, 0, -8, 0, -2, -32, -16
25,-10:-4, -12, 0, -8, 0, -2, -32, -14
25,-10:-4, -12, 0, -8, 0, -2, -32, -12
7,18:-4, -12, 0, -4, -10, 2, -12, -18
7,18:-4, -12, 0, -4, -10, 2, -12, -16
7,18:-4, -12, 0, -4, -10, 2, -12, -14
-3,4:-4, -12, 0, -4, -10, 6, 6, -14
-5,5:-4, -12, 0, -4, -6, -10, 6, 0
9,3:-4, -12, 0, -4, -2, 2, 0, -14
19,-9:-4, -12, 0, -2, -6, -28, -12, -14
17,8:-4, -12, 0, -2, -6, -24, -18, -2
17,8:-4, -12, 0, -2, -6, -24, -18, 0
17,8:-4, -12, 0, -2, -6, -24, -18, 2
17,8:-4, -12, 0, -2, -6, -24, 0, -18
17,8:-4, -12, 0, -2, -6, -20, -2, -26
19,-9:-4, -12, 0, -2, -6, -12, -14, -28
9,3:-4, -12, 0, -2, 2, -8, 2, -6
9,3:-4, -12, 0, -2, 2, -8, 2, -4
9,3:-4, -12, 0, -2, 2, -2, 2, -6
-2,-6:-4, -12, 0, -2, 2, 6, 2, -4
-2,-6:-4, -12, 0, -2, 2, 6, 2, -2
-2,-6:-4, -12, 0, -2, 2, 6, 2, 0
22,2:-4, -12, 0, 6, 6, 10, -6, 4
9,-1:-4, -12, 4, -6, -8, -6, -10, 2
9,1:-4, -12, 4, -6, -8, 4, 8, -8
13,1:-4, -12, 4, -6, 0, -2, -2, -28
4,-6:-4, -12, 4, -6, 0, 4, 4, 8
-4,11:-4, -6, -14, -2, 8, 0, 12, 2
-11,6:-4, -6, -14, -2, 8, 4, 0, -2
2,6:-4, -6, -14, 2, 4, -2, 10, -2
-2,11:-4, -6, -14, 2, 4, 0, 14, 4
5,4:-4, -6, -14, 2, 4, 4, 2, 0
3,5:-4, -6, -14, 2, 4, 6, 8, 2
1,3:-4, -6, -14, 2, 4, 6, 12, 8
0,3:-4, -6, -14, 2, 4, 6, 12, 14
1,8:-4, -6, -14, 2, 4, 14, 10, 2
0,3:-4, -6, -14, 2, 4, 14, 12, 16
0,3:-4, -6, -14, 2, 4, 14, 12, 20
5,11:-4, -6, -14, 2, 6, 6, 12, 2
-2,7:-4, -6, -14, 2, 6, 8, 10, 4
0,3:-4, -6, -14, 2, 6, 12, 14, 4
-10,9:-4, -6, -14, 2, 10, 18, 20, 18
0,-3:-4, -6, -14, 6, 0, 14, -14, 0
0,-3:-4, -6, -14, 6, 0, 14, 0, -14
0,-3:-4, -6, -14, 6, 0, 14, 0, -6
-3,14:-4, -6, -14, 6, 6, 12, 2, 12
12,-10:-4, -6, -8, -20, -20, -20, -18, -22
4,0:-4, -6, -8, -20, -20, -14, -16, -24
4,0:-4, -6, -8, -20, -20, -14, -16, -20
25,-1:-4, -6, -8, -18, -20, -6, -12, -2
15,8:-4, -6, -8, -18, -6, -16, -8, -10
7,-18:-4, -6, -8, -18, -4, -8, -36, -22
7,-18:-4, -6, -8, -18, -4, -8, -22, -36
7,-18:-4, -6, -8, -18, -4, -8, -22, -28
27,-14:-4, -6, -8, -18, -4, -8, -20, -38
5,-12:-4, -6, -8, -16, -28, -28, 2, -26
5,-12:-4, -6, -8, -16, -26, -28, -26, 2
4,-7:-4, -6, -8, -16, -26, -14, -24, -6
4,-7:-4, -6, -8, -16, -26, -14, -24, 4
2,-15:-4, -6, -8, -16, -26, -14, -18, 2
4,-7:-4, -6, -8, -16, -26, -14, -6, -24
-3,-12:-4, -6, -8, -16, -22, -26, -28, -6
-3,-12:-4, -6, -8, -16, -22, -26, -28, 4
-3,-12:-4, -6, -8, -16, -22, -26, 4, -28
7,-3:-4, -6, -8, -10, -20, -12, -22, -38
7,-3:-4, -6, -8, -10, -20, -12, -22, -34
12,-1:-4, -6, -8, -10, -20, -10, -12, -2
12,-1:-4, -6, -8, -10, -20, -10, -12, 0
12,-1:-4, -6, -8, -10, -20, -10, -12, 2
12,-1:-4, -6, -8, -10, -20, -10, -2, -12
9,2:-4, -6, -8, -10, -12, -30, -28, -12
9,2:-4, -6, -8, -10, -12, -30, -12, -28
9,2:-4, -6, -8, -10, -12, -30, -12, -26
9,2:-4, -6, -8, -10, -12, -30, -12, -24
9,2:-4, -6, -8, -10, -12, -20, -12, -30
9,2:-4, -6, -8, -10, -12, -20, -12, -28
9,2:-4, -6, -8, -10, -12, -20, -12, -26
12,-1:-4, -6, -8, -10, -10, -12, -2, -20
10,-4:-4, -6, -8, -6, -12, -14, -8, -4
10,-4:-4, -6, -8, -6, -12, -14, -8, -2
10,-4:-4, -6, -8, -6, -12, -14, -8, 0
10,-4:-4, -6, -8, -6, -12, -14, -6, -14
10,-4:-4, -6, -8, -6, -12, -14, -6, -10
10,-4:-4, -6, -8, -6, -12, -14, -2, -10
10,-4:-4, -6, -8, -6, -12, -14, -2, -8
10,-4:-4, -6, -8, -6, -12, -14, -2, -6
20,-6:-4, -6, -8, -6, -2, -2, -16, -10
20,-6:-4, -6, -8, -6, -2, -2, -16, -8
10,-4:-4, -6, -8, -6, 4, -10, -14, -2
10,-4:-4, -6, -8, -6, 4, -10, -14, 0
10,-4:-4, -6, -8, -6, 4, -10, -14, 2
12,2:-4, -6, -8, -4, -14, -20, -22, -26
7,-4:-4, -6, -8, -4, -14, -10, -12, -20
14,-7:-4, -6, -8, -2, -2, -16, -6, -2
2,6:-4, -6, -6, -16, -8, -6, -12, -2
-6,-8:-4, -6, -6, -16, -6, -10, -2, 0
-6,-8:-4, -6, -6, -16, -6, -10, -2, 2
-6,-8:-4, -6, -6, -16, -6, -10, -2, 4
7,4:-4, -6, -6, -16, -6, 2, -4, -6
7,-3:-4, -6, -6, -16, -6, 2, 4, -10
-2,-4:-4, -6, -6, -16, -6, 2, 6, -8
-8,-4:-4, -6, -6, -16, 0, -6, -4, -6
-4,0:-4, -6, -6, -16, 0, -2, -4, 0
-5,-3:-4, -6, -6, -16, 0, -2, -2, -12
0,4:-4, -6, -6, -16, 0, -2, 0, -4
-2,-4:-4, -6, -6, -16, 0, 2, 2, 4
-2,-4:-4, -6, -6, -16, 0, 2, 2, 6
-2,-4:-4, -6, -6, -16, 0, 2, 8, 4
-2,-4:-4, -6, -6, -16, 2, -4, 8, 4
-2,-4:-4, -6, -6, -16, 2, 6, -4, -2
-2,-4:-4, -6, -6, -16, 2, 6, -4, 0
-2,-4:-4, -6, -6, -16, 2, 6, 2, -2
5,1:-4, -6, -6, -14, -14, -6, 12, 6
5,1:-4, -6, -6, -14, -14, -6, 12, 8
5,1:-4, -6, -6, -14, -14, -6, 12, 10
-12,-8:-4, -6, -6, -14, -14, 2, -2, 6
-12,-8:-4, -6, -6, -14, -14, 2, -2, 8
-12,-8:-4, -6, -6, -14, -14, 2, -2, 10
-2,-4:-4, -6, -6, -14, -14, 2, 6, -12
-4,0:-4, -6, -6, -14, 0, -2, -4, 0
-2,-4:-4, -6, -6, -14, 0, 2, 6, -10
-2,-4:-4, -6, -6, -14, 0, 2, 6, -8
-5,0:-4, -6, -6, -14, 2, 2, 0, -8
-5,0:-4, -6, -6, -14, 2, 2, 0, -6
-5,0:-4, -6, -6, -14, 2, 2, 0, -4
0,-3:-4, -6, -6, -14, 4, -4, -2, -4
-3,2:-4, -6, -6, -4, -8, 10, 8, 12
-7,-8:-4, -6, -6, -4, -4, 4, 0, -2
-13,13:-4, -6, -6, -4, -2, 2, 22, 16
-13,17:-4, -6, -6, -4, -2, 2, 36, 16
-3,3:-4, -6, -6, -4, 8, 4, 4, -10
-2,9:-4, -6, -6, -4, 10, -4, -8, 4
-7,-8:-4, -6, -6, -4, 10, -4, -2, 10
-2,9:-4, -6, -6, -4, 10, -4, 4, -8
-4,11:-4, -6, -6, -4, 10, 2, -16, -6
-4,11:-4, -6, -6, -4, 10, 2, -12, -2
-4,11:-4, -6, -6, -4, 10, 2, -8, -6
-4,11:-4, -6, -6, -4, 10, 2, -6, -16
-3,2:-4, -6, -6, -4, 10, 8, 12, -8
9,0:-4, -6, -6, 0, -10, -6, 4, -2
9,0:-4, -6, -6, 0, -10, -6, 4, 0
5,3:-4, -6, -6, 0, -8, -18, 6, -12
10,-6:-4, -6, -6, 0, -8, -16, -4, 2
10,-6:-4, -6, -6, 0, -8, -16, -4, 6
5,3:-4, -6, -6, 0, -8, -16, 6, -18
10,-6:-4, -6, -6, 0, -8, -16, 6, -4
5,3:-4, -6, -6, 0, -8, -14, 6, -14
5,3:-4, -6, -6, 0, -8, -14, 6, -12
5,3:-4, -6, -6, 0, -8, -14, 6, -10
4,-4:-4, -6, -6, 0, -8, -12, -8, 4
-12,-12:-4, -6, -6, 0, -6, -12, 2, -14
-2,-2:-4, -6, -6, 0, -4, -14, 0, -10
-2,-2:-4, -6, -6, 0, -4, -14, 0, -8
-2,-2:-4, -6, -6, 0, -4, 0, -10, -10
1,-4:-4, -6, -6, 0, -4, 0, -6, -8
-4,0:-4, -6, -6, 0, -2, -4, 0, -16
-4,0:-4, -6, -6, 0, -2, -4, 0, -12
-4,0:-4, -6, -6, 0, -2, 0, -6, 2
0,4:-4, -6, -6, 0, -2, 0, -4, -16
0,4:-4, -6, -6, 0, -2, 0, -4, -12
-4,0:-4, -6, -6, 0, -2, 2, -4, -8
-2,-4:-4, -6, -6, 0, 2, -10, 6, -10
10,-6:-4, -6, -6, 0, 2, -8, -16, 4
10,-6:-4, -6, -6, 0, 2, -8, -16, 6
-2,-2:-4, -6, -6, 0, 2, -8, 0, -12
-2,-2:-4, -6, -6, 0, 2, -8, 0, -10
2,-2:-4, -6, -6, 0, 2, 8, 0, -4
-2,-11:-4, -6, -6, 2, -10, -18, -12, -16
-1,-3:-4, -6, -6, 2, 2, -4, -14, -2
-1,-3:-4, -6, -6, 2, 2, -4, -2, -14
-1,-3:-4, -6, -6, 2, 2, -4, -2, -12
-1,-3:-4, -6, -6, 2, 2, -4, -2, -10
5,3:-4, -6, -6, 2, 4, -8, -12, -14
11,-1:-4, -6, -6, 2, 4, -8, -12, -4
-3,1:-4, -6, -6, 2, 4, -6, 6, -8
-3,-1:-4, -6, -6, 2, 4, 6, -8, -10
3,3:-4, -6, -6, 2, 4, 6, -2, -20
2,-9:-4, -6, -6, 2, 4, 8, -10, -20
-2,-4:-4, -6, -6, 2, 6, -4, 4, -8
-9,-4:-4, -6, -6, 2, 8, -10, -18, 2
-9,-4:-4, -6, -6, 2, 8, -10, 2, -18
-9,-4:-4, -6, -6, 2, 8, -10, 2, -14
-4,3:-4, -6, -6, 2, 8, 8, 8, 6
6,-3:-4, -6, -6, 4, -10, -8, -6, -2
6,-3:-4, -6, -6, 4, -10, -8, -2, -2
6,-3:-4, -6, -6, 4, -10, -8, -2, 2
5,6:-4, -6, -6, 4, -10, -8, 0, -10
4,6:-4, -6, -6, 4, -10, -8, 2, -4
3,-3:-4, -6, -4, -10, 0, -4, -2, -6
12,-6:-4, -6, -4, -8, -14, -18, -12, -14
6,-6:-4, -6, -4, -8, -14, -12, -16, -12
6,-5:-4, -6, -4, -8, -14, -12, -10, -14
6,-8:-4, -6, -4, -8, -14, -12, -10, -6
6,-8:-4, -6, -4, -8, -14, -10, -16, -6
6,-8:-4, -6, -4, -8, -14, -10, -6, -12
5,-7:-4, -6, -4, -6, -8, -10, -8, -12
-3,3:-4, -6, -4, -6, -8, -4, -6, -14
-3,3:-4, -6, -4, -6, -8, -4, -6, -10
-2,1:-4, -6, -4, -6, 2, 2, 4, 2
0,1:-4, -6, -4, 0, 0, 0, 2, 0
-2,2:-4, -6, 0, -8, -6, -8, -10, -18
-2,2:-4, -6, 0, -8, -6, -8, -10, -16
-2,2:-4, -6, 0, -8, -6, -8, -10, -14
9,-13:-4, -6, 0, -8, -6, -2, 0, -22
14,-6:-4, -6, 0, -8, -2, -14, -20, -4
14,-6:-4, -6, 0, -8, -2, -14, -4, -20
5,-14:-4, -6, 0, -2, -26, -22, -16, -28
5,-14:-4, -6, 0, -2, -26, -22, -16, -26
5,-14:-4, -6, 0, -2, -26, -22, -16, -24
5,-14:-4, -6, 0, -2, -16, -32, -40, -38
5,-14:-4, -6, 0, -2, -16, -32, -40, -36
5,-14:-4, -6, 0, -2, -16, -32, -40, -30
5,-14:-4, -6, 0, -2, -16, -32, -34, -38
5,-14:-4, -6, 0, -2, -16, -32, -34, -36
5,-14:-4, -6, 0, -2, -16, -32, -34, -34
5,-14:-4, -6, 0, -2, -16, -32, -32, -30
5,-14:-4, -6, 0, -2, -16, -32, -30, -36
25,-10:-4, -6, 0, -2, -16, -32, -24, -22
25,-10:-4, -6, 0, -2, -16, -32, -24, -20
25,-10:-4, -6, 0, -2, -16, -32, -24, -14
25,-10:-4, -6, 0, -2, -16, -32, -18, -22
25,-10:-4, -6, 0, -2, -16, -32, -18, -20
25,-10:-4, -6, 0, -2, -16, -32, -18, -18
25,-10:-4, -6, 0, -2, -16, -32, -16, -14
25,-10:-4, -6, 0, -2, -16, -32, -14, -20
5,-14:-4, -6, 0, -2, -16, -20, -22, -26
5,-14:-4, -6, 0, -2, -16, -20, -22, -24
5,-14:-4, -6, 0, -2, -16, -20, -22, -22
5,-14:-4, -6, 0, -2, -16, -20, -10, -28
5,-14:-4, -6, 0, -2, -16, -20, -10, -26
5,-14:-4, -6, 0, -2, -16, -20, -10, -24
15,1:-4, -6, 6, -8, -20, -22, 2, -32
15,1:-4, -6, 6, -8, -20, -22, 2, -30
15,1:-4, -6, 6, -8, -20, -22, 2, -28
6,0:-4, -6, 6, -8, -20, -20, 0, 2
6,0:-4, -6, 6, -8, -20, -20, 6, 0
6,0:-4, -6, 6, -8, -20, -20, 6, 6
6,0:-4, -6, 6, -8, -20, -20, 6, 8
6,0:-4, -6, 6, -8, -20, -20, 10, 6
6,0:-4, -6, 6, -8, -20, -20, 10, 8
6,0:-4, -6, 6, -8, -20, -20, 10, 10
8,2:-4, -6, 6, -8, -20, -12, 6, 0
3,-20:-4, -6, 6, -8, -20, 2, -20, -6
3,-20:-4, -6, 6, -8, -20, 2, -20, 4
3,-20:-4, -6, 6, -8, -20, 2, -6, -20
3,-20:-4, -6, 6, -8, -20, 2, -6, -18
3,-20:-4, -6, 6, -8, -20, 2, -6, -16
14,-2:-4, -6, 6, -8, -12, -12, -16, 4
14,-2:-4, -6, 6, -8, -12, -12, 4, -16
10,-7:-4, -6, 6, -8, -12, -4, -8, 2
10,-7:-4, -6, 6, -8, -12, -4, 2, -8
1,-7:-4, -6, 6, -8, 0, 2, -4, -12
8,-7:-4, -6, 6, -8, 10, 4, -6, 6
8,-7:-4, -6, 6, -8, 10, 4, -6, 8
8,-7:-4, -6, 6, -8, 10, 4, -6, 10
8,-7:-4, -6, 6, -8, 10, 4, 6, -6
8,-7:-4, -6, 6, -8, 10, 4, 6, -4
8,-7:-4, -6, 6, -8, 10, 4, 6, -2
4,-1:-4, -6, 6, -2, -4, -6, 22, 16
4,-1:-4, -6, 6, -2, -4, -6, 22, 18
4,-1:-4, -6, 6, -2, -4, -6, 22, 20
5,-14:-4, -6, 6, 0, -2, -30, -16, 2
5,-14:-4, -6, 6, 0, -2, -30, -16, 12
20,1:-4, -6, 6, 0, 14, 2, -16, -4
0,5:-4, -6, 6, 4, -8, -4, -2, -10
5,-14:-4, -6, 6, 4, -2, -30, -16, 2
5,-14:-4, -6, 6, 4, -2, -30, -16, 4
5,-14:-4, -6, 6, 4, -2, -30, -16, 6
-3,14:-4, -6, 6, 6, 12, 2, 12, -14
-3,14:-4, -6, 6, 6, 12, 2, 12, -4
14,-4:-4, -6, 6, 10, -6, -16, -6, 0
9,-3:-4, -6, 6, 10, -4, -12, -12, 6
9,-3:-4, -6, 6, 10, -4, -12, -12, 8
9,-3:-4, -6, 6, 10, -4, -12, -12, 10
9,-3:-4, -6, 6, 10, -4, -12, 6, -12
3,14:-4, -4, -14, -4, 12, -4, -12, -2
3,14:-4, -4, -14, -4, 12, -4, -12, 0
3,14:-4, -4, -14, -4, 12, -4, -2, -12
3,14:-4, -4, -14, -4, 12, -4, -2, -10
3,14:-4, -4, -14, -4, 12, -4, -2, -8
5,18:-4, -4, -14, -4, 12, -2, -14, 2
5,18:-4, -4, -14, -4, 12, -2, -12, -4
5,18:-4, -4, -14, -4, 12, -2, -12, 0
-1,11:-4, -4, -14, -2, 4, 0, -4, -4
-1,11:-4, -4, -14, -2, 4, 0, -4, 0
9,20:-4, -4, -14, -2, 12, 10, 0, -4
5,18:-4, -4, -14, 2, 12, -2, -4, 0
7,16:-4, -4, -14, 4, -4, 8, 10, 8
7,2:-4, -4, -14, 6, -4, 12, -16, -2
7,2:-4, -4, -14, 6, -4, 12, -2, -16
7,2:-4, -4, -14, 6, -4, 12, -2, -8
27,6:-4, -4, -14, 6, -4, 12, 0, -18
1,8:-4, -4, -14, 8, 0, 8, 6, -4
1,8:-4, -4, -14, 8, 0, 8, 6, 0
3,10:-4, -4, -8, -20, -16, -2, 8, 2
3,10:-4, -4, -8, -20, -16, 2, 8, 2
3,10:-4, -4, -8, -20, -16, 8, 4, -2
3,10:-4, -4, -8, -20, -2, 8, 2, -16
3,10:-4, -4, -8, -20, -2, 8, 2, -14
12,-5:-4, -4, -8, -18, -4, -14, -26, -8
12,-5:-4, -4, -8, -18, -4, -14, -26, -6
12,-5:-4, -4, -8, -18, -4, -14, -6, -26
-1,7:-4, -4, -8, -12, -16, -18, -8, -4
-1,7:-4, -4, -8, -12, -16, -18, -6, -16
-1,7:-4, -4, -8, -12, -16, -18, -6, -14
-1,7:-4, -4, -8, -12, -16, -18, -6, -12
15,11:-4, -4, -8, -12, -16, -18, 6, -16
15,11:-4, -4, -8, -12, -16, -18, 6, -14
15,11:-4, -4, -8, -12, -16, -18, 6, -12
-1,7:-4, -4, -8, -12, -16, -14, -10, -4
-1,7:-4, -4, -8, -12, -16, -14, -8, -12
-1,7:-4, -4, -8, -12, -16, -14, -8, -10
15,11:-4, -4, -8, -12, -16, -14, 2, 8
15,11:-4, -4, -8, -12, -16, -14, 4, 2
-1,7:-4, -4, -8, -12, -16, -8, -8, -4
-1,7:-4, -4, -8, -12, -16, -8, -8, -2
13,5:-4, -4, -8, -12, -14, -8, 14, 8
13,5:-4, -4, -8, -12, -14, -8, 14, 10
13,5:-4, -4, -8, -12, -14, -8, 14, 12
8,12:-4, -4, -8, -12, -12, -8, 4, -2
10,8:-4, -4, -8, -12, -12, -6, -12, 8
10,8:-4, -4, -8, -12, -12, -6, -12, 10
10,8:-4, -4, -8, -12, -12, -6, 8, -12
9,19:-4, -4, -8, -12, 0, 2, -10, 0
10,4:-4, -4, -8, -10, -20, -6, 4, 6
10,4:-4, -4, -8, -10, -20, -6, 4, 12
6,16:-4, -4, -8, -10, -20, -6, 8, 10
17,9:-4, -4, -8, -10, -20, -4, -6, -20
16,-2:-4, -4, -8, -10, -20, -4, -6, -10
0,12:-4, -4, -8, -10, -20, 0, -10, 10
0,12:-4, -4, -8, -10, -20, 0, -10, 12
0,12:-4, -4, -8, -10, -20, 0, -2, -4
0,12:-4, -4, -8, -10, -20, 0, 4, 2
0,12:-4, -4, -8, -10, -20, 0, 10, -10
0,12:-4, -4, -8, -10, -20, 0, 10, -8
0,12:-4, -4, -8, -10, -20, 0, 10, -6
23,9:-4, -4, -8, -10, -20, 10, 6, -6
17,9:-4, -4, -8, -10, -4, -6, -20, -20
16,-2:-4, -4, -8, -10, -4, -6, -10, -10
-3,11:-4, -4, -8, -2, -12, -16, -6, 14
-3,11:-4, -4, -8, -2, -12, -16, 14, -6
-3,11:-4, -4, -8, -2, -12, -16, 14, -4
-3,11:-4, -4, -8, -2, -12, -16, 14, -2
-3,11:-4, -4, -8, -2, -12, -10, 14, -12
-3,11:-4, -4, -8, -2, -12, -10, 14, -10
-3,11:-4, -4, -8, -2, -12, -10, 14, -8
-3,11:-4, -4, -8, -2, -12, -6, 14, -16
-3,11:-4, -4, -8, -2, -12, -6, 14, -14
-3,11:-4, -4, -8, -2, -12, -6, 14, -12
3,10:-4, -4, -8, -2, 8, 2, -2, -16
3,10:-4, -4, -8, 2, -12, -6, -12, 8
3,10:-4, -4, -8, 2, -12, -6, 8, -12
3,10:-4, -4, -8, 2, 8, -16, -12, -2
3,10:-4, -4, -8, 2, 8, -16, -12, 0
3,10:-4, -4, -8, 2, 8, -16, -12, 2
3,10:-4, -4, -8, 2, 8, -16, -2, -12
3,10:-4, -4, -8, 2, 8, -16, -2, -10
3,10:-4, -4, -8, 2, 8, -16, -2, -8
5,-10:-4, -4, -8, 8, -6, 0, -6, 4
5,-10:-4, -4, -8, 8, -6, 0, -6, 6
5,-10:-4, -4, -8, 8, -6, 0, -6, 8
5,-10:-4, -4, -8, 8, -6, 0, 4, -6
5,18:-4, -4, -6, -16, -4, 12, -2, -4
5,18:-4, -4, -6, -16, 2, 12, 0, 4
-5,-1:-4, -4, -6, -16, 2, 12, 14, 6
3,-10:-4, -4, -6, -14, -4, 12, -4, -2
3,-10:-4, -4, -6, -14, -4, 12, -4, 0
3,-10:-4, -4, -6, -14, -4, 12, -4, 2
3,10:-4, -4, -6, -14, -2, 8, 2, -4
14,-2:-4, -4, -6, -2, -8, -30, -16, -8
14,-2:-4, -4, -6, -2, -8, -30, -16, -6
12,-1:-4, -4, -6, -2, -8, -28, -16, -10
15,-4:-4, -4, -6, -2, -8, -26, -22, -12
14,-2:-4, -4, -6, -2, -8, -16, -8, -30
19,-21:-4, -4, -6, -2, 8, -6, -54, -26
19,-21:-4, -4, -6, -2, 8, -6, -54, -24
19,-21:-4, -4, -6, -2, 8, -6, -26, -54
19,-21:-4, -4, -6, -2, 8, -6, -26, -52
19,-21:-4, -4, -6, -2, 8, -6, -26, -50
12,-5:-4, -4, -6, 2, 10, 4, 12, -14
3,14:-4, -4, -4, 12, -4, -12, -2, -14
3,14:-4, -4, -4, 12, -4, -12, -2, -4
5,18:-4, -4, -4, 12, -2, -12, -4, -4
5,18:-4, -4, -4, 12, -2, -12, -4, -2
5,18:-4, -4, -4, 12, -2, -12, 0, -14
5,18:-4, -4, -4, 12, -2, -12, 0, -4
5,18:-4, -4, -4, 12, -2, -6, 2, -10
5,18:-4, -4, -4, 12, -2, -6, 2, -8
15,14:-4, -4, -4, 12, 2, 14, 4, -12
15,14:-4, -4, -4, 12, 2, 14, 4, -10
14,5:-4, -4, -4, 12, 2, 14, 4, -4
14,5:-4, -4, -4, 12, 2, 14, 4, -2
-1,11:-4, -4, -2, 4, -6, -6, 0, 4
-1,11:-4, -4, -2, 4, -2, -4, 2, 14
-1,11:-4, -4, -2, 4, 0, -4, -4, -4
-1,11:-4, -4, -2, 4, 0, -4, -4, -2
-1,11:-4, -4, -2, 4, 0, -4, 0, -14
-1,11:-4, -4, -2, 4, 0, -4, 0, -4
-6,9:-4, -4, -2, 4, 0, 6, -2, 10
4,-4:-4, -4, -2, 8, -2, -4, -8, 2
4,-4:-4, -4, -2, 8, -2, -4, -8, 4
4,-4:-4, -4, -2, 8, -2, -4, -8, 6
3,10:-4, -4, -2, 8, 2, -4, -10, -4
3,10:-4, -4, -2, 8, 2, -4, -8, -10
4,-4:-4, -4, -2, 8, 2, -4, -8, 4
4,-4:-4, -4, -2, 8, 2, -4, -8, 6
3,10:-4, -4, -2, 8, 2, -4, -6, -6
3,10:-4, -4, -2, 8, 2, -4, -6, -4
3,10:-4, -4, -2, 8, 2, -4, -6, -2
3,10:-4, -4, -2, 8, 2, -4, 0, -10
3,10:-4, -4, -2, 8, 2, -4, 0, -4
3,10:-4, -4, -2, 8, 2, -4, 0, -2
10,-2:-4, -4, -2, 8, 12, -2, 2, 4
10,-2:-4, -4, -2, 8, 12, -2, 2, 14
10,-2:-4, -4, -2, 8, 12, -2, 4, 2
4,-4:-4, -4, -2, 10, 2, -4, -8, 4
4,-4:-4, -4, -2, 10, 2, -4, -8, 6
4,-4:-4, -4, -2, 10, 2, -4, -8, 8
7,10:-4, -4, 2, 8, -12, -18, -10, -22
7,10:-4, -4, 2, 8, -12, -18, -10, -20
13,1:-4, -4, 2, 8, -12, -6, -4, -6
13,1:-4, -4, 2, 8, -12, -6, -4, -4
13,1:-4, -4, 2, 8, -12, -2, -2, -2
13,1:-4, -4, 2, 8, -12, -2, -2, 2
4,-4:-4, -4, 2, 8, 6, -4, -8, 0
4,-4:-4, -4, 2, 8, 6, -4, -8, 10
13,1:-4, -4, 2, 10, 8, -12, -4, 4
13,1:-4, -4, 2, 10, 8, -12, -4, 8
4,-4:-4, -4, 2, 12, -2, -4, -8, 14
5,18:-4, -4, 2, 12, 0, 0, 4, 2
5,18:-4, -4, 2, 12, 0, 0, 4, 4
5,18:-4, -4, 2, 12, 0, 0, 4, 6
2,-7:-4, -4, 2, 12, 14, 2, -4, -8
4,-4:-4, -4, 4, -4, -8, -2, 8, 2
4,-4:-4, -4, 4, -4, -8, -2, 8, 4
4,-4:-4, -4, 4, -4, -8, -2, 8, 6
4,-4:-4, -4, 6, -4, -8, 6, 2, 10
4,-4:-4, -4, 6, -4, -8, 12, -16, 0
4,-4:-4, -4, 6, -4, -8, 12, -16, 8
4,-4:-4, -4, 6, -4, -8, 12, 0, -16
4,-4:-4, -4, 6, -4, -8, 12, 0, -8
3,16:-4, -4, 8, 0, -2, 10, 0, 2
1,8:-4, -4, 8, 0, 8, 6, -4, -4
1,8:-4, -4, 8, 0, 8, 6, -4, -2
1,8:-4, -4, 8, 0, 8, 6, 0, -14
1,8:-4, -4, 8, 0, 8, 6, 0, -4
-1,14:-4, -4, 8, 0, 14, 8, -2, 10
4,18:-4, -4, 8, 4, 8, 8, 0, 2
19,-5:-4, -4, 8, 6, 10, -12, -4, 10
19,-5:-4, -4, 8, 6, 10, -12, -4, 12
19,-5:-4, -4, 8, 6, 10, -12, 10, -4
4,-4:-4, -4, 8, 6, 10, -4, -8, 12
-2,8:-4, -4, 8, 10, 16, 14, 20, 6
4,-4:-4, -4, 10, 6, -4, -8, -2, 0
4,-4:-4, -4, 10, 6, -4, -8, -2, 2
4,-4:-4, -4, 10, 6, -4, -8, -2, 4
1,12:-4, 0, -16, -6, 0, 10, -2, -12
1,12:-4, 0, -16, -6, 0, 10, -2, -10
1,12:-4, 0, -16, -6, 0, 10, -2, -8
7,1:-4, 0, -16, -6, 4, -4, 0, 0
-9,-7:-4, 0, -16, -6, 4, 2, -4, 6
14,3:-4, 0, -16, -6, 4, 6, 4, -4
7,-9:-4, 0, -16, -4, 10, -4, -4, 12
7,-9:-4, 0, -16, -4, 10, -4, -4, 14
7,-9:-4, 0, -16, -4, 10, -4, -4, 16
7,-9:-4, 0, -16, -4, 10, -4, 12, -4
7,-9:-4, 0, -16, -4, 10, -4, 12, 6
14,2:-4, 0, -16, 0, 10, 2, -14, 8
14,2:-4, 0, -16, 0, 10, 2, -14, 10
14,2:-4, 0, -16, 0, 10, 2, 8, -14
14,2:-4, 0, -16, 0, 10, 2, 8, -12
14,2:-4, 0, -16, 0, 10, 2, 8, -10
11,-5:-4, 0, -16, 4, 0, -16, -12, 10
11,-5:-4, 0, -16, 4, 0, -16, -10, 10
11,-5:-4, 0, -16, 4, 0, -16, 4, 14
11,-5:-4, 0, -16, 4, 0, -16, 4, 18
11,-5:-4, 0, -16, 4, 0, -16, 10, -12
11,-5:-4, 0, -16, 4, 0, -16, 10, -8
11,-5:-4, 0, -16, 4, 0, -16, 14, 4
11,-5:-4, 0, -16, 4, 0, -12, 10, -16
7,-9:-4, 0, -16, 10, -2, 12, 0, -14
7,-9:-4, 0, -16, 10, -2, 12, 0, -12
7,-9:-4, 0, -16, 10, -2, 12, 0, -10
-1,4:-4, 0, -12, -12, -6, 6, -6, -4
-1,4:-4, 0, -12, -12, -6, 6, -6, -2
-1,4:-4, 0, -12, -12, -6, 6, -6, 0
-1,4:-4, 0, -12, -12, -4, 8, 6, 2
-1,4:-4, 0, -12, -12, -4, 8, 6, 6
10,9:-4, 0, -12, -12, 0, -8, 0, 8
10,9:-4, 0, -12, -12, 0, -8, 0, 10
-1,4:-4, 0, -12, -12, 0, -8, 6, -6
-1,4:-4, 0, -12, -12, 0, -8, 6, -4
-1,4:-4, 0, -12, -12, 0, -8, 6, -2
4,7:-4, 0, -12, -12, 6, 2, 6, -2
-1,4:-4, 0, -12, -12, 6, 2, 6, 8
-1,4:-4, 0, -12, -12, 6, 4, 0, 0
-1,4:-4, 0, -12, -12, 6, 4, 4, 0
-1,4:-4, 0, -12, -12, 6, 4, 4, 2
5,4:-4, 0, -12, -12, 6, 8, 12, 14
5,4:-4, 0, -12, -12, 6, 8, 12, 16
5,4:-4, 0, -12, -12, 6, 10, 6, 6
5,4:-4, 0, -12, -12, 6, 10, 6, 8
2,6:-4, 0, -12, -12, 6, 10, 8, -10
5,4:-4, 0, -12, -12, 6, 10, 10, 6
5,4:-4, 0, -12, -12, 6, 10, 10, 8
5,4:-4, 0, -12, -12, 6, 10, 10, 10
-2,6:-4, 0, -12, -12, 8, 4, 10, 8
1,12:-4, 0, -12, -10, -6, 10, -4, -14
-5,5:-4, 0, -12, -10, -4, 2, -2, -6
0,0:-4, 0, -12, -10, -4, 8, 10, -2
-3,1:-4, 0, -12, -10, 0, 8, 2, 0
1,12:-4, 0, -12, -10, 0, 10, -2, -4
3,10:-4, 0, -12, -10, 2, 6, 8, 6
3,-4:-4, 0, -12, -10, 4, 10, -18, -4
3,-4:-4, 0, -12, -10, 4, 10, -4, -18
3,-4:-4, 0, -12, -10, 4, 10, -4, -10
23,0:-4, 0, -12, -10, 4, 10, -2, -20
-3,2:-4, 0, -12, -10, 6, -2, 6, 4
7,5:-4, 0, -12, -6, -6, -6, -8, 0
12,3:-4, 0, -12, -6, -6, -6, -8, 2
12,3:-4, 0, -12, -6, -6, -6, -8, 4
12,3:-4, 0, -12, -6, -6, -6, 0, -8
0,-1:-4, 0, -12, -6, 8, 2, -4, -8
1,12:-4, 0, -12, -6, 10, 0, -4, -12
12,-8:-4, 0, -12, -4, -14, -20, -14, -16
6,-7:-4, 0, -12, -4, -14, -14, -12, -16
6,-10:-4, 0, -12, -4, -14, -14, -12, -8
6,-10:-4, 0, -12, -4, -14, -12, -18, -8
6,-10:-4, 0, -12, -4, -14, -12, -8, -14
8,14:-4, 0, -12, -4, 8, -4, 6, 14
0,0:-4, 0, -12, -4, 8, 10, -2, -10
0,0:-4, 0, -12, -4, 8, 10, -2, -6
6,-3:-4, 0, -12, -4, 8, 10, -2, 0
-4,2:-4, 0, -12, -4, 10, 12, -14, -16
14,-8:-4, 0, -12, 0, -8, 2, -22, -12
14,-8:-4, 0, -12, 0, -8, 2, -12, -22
9,0:-4, 0, -12, 0, -6, -18, -34, 0
9,0:-4, 0, -12, 0, -6, -18, 0, -34
9,0:-4, 0, -12, 0, -6, -18, 0, -32
9,0:-4, 0, -12, 0, -6, -18, 0, -30
8,-12:-4, 0, -12, 0, -6, -12, -10, -28
8,-12:-4, 0, -12, 0, -6, -8, -28, -8
8,-12:-4, 0, -12, 0, -6, -8, -8, -28
8,-12:-4, 0, -12, 0, -6, -8, -8, -22
8,-12:-4, 0, -12, 0, -6, -8, -8, -18
8,-12:-4, 0, -12, 0, -6, 0, -28, -26
8,-12:-4, 0, -12, 0, -6, 0, -28, -16
9,0:-4, 0, -12, 0, -6, 0, -26, -40
9,0:-4, 0, -12, 0, -6, 0, -26, -34
9,0:-4, 0, -12, 0, -6, 0, -26, -30
10,14:-4, 0, -12, 0, 10, 14, 12, -6
-2,4:-4, 0, -12, 0, 10, 16, 14, 10
26,8:-4, 0, -12, 2, -2, 2, -8, -10
26,8:-4, 0, -12, 2, -2, 2, -8, -4
3,10:-4, 0, -12, 2, 6, 8, 6, -10
3,10:-4, 0, -12, 2, 6, 8, 6, -6
6,15:-4, 0, -12, 4, 4, -12, -8, -6
-4,12:-4, 0, -12, 4, 4, 6, -14, 4
-4,12:-4, 0, -12, 4, 4, 6, 4, -14
-4,12:-4, 0, -12, 4, 4, 6, 4, -12
19,5:-4, 0, -12, 4, 6, 6, 0, 10
-1,4:-4, 0, -12, 6, -8, -24, -20, -16
-1,4:-4, 0, -12, 6, -8, -24, -20, -6
-1,4:-4, 0, -12, 6, -8, -22, -4, -18
-1,4:-4, 0, -12, 6, -8, -22, -4, -14
-1,4:-4, 0, -12, 6, -8, -12, -18, -14
-1,4:-4, 0, -12, 6, -8, -12, -18, -4
-1,4:-4, 0, -12, 6, -8, -12, -14, -16
-1,4:-4, 0, -12, 6, -8, -12, -14, -14
-2,-15:-4, 0, -12, 6, -8, -12, -14, 2
-2,-15:-4, 0, -12, 6, -8, -12, -14, 4
-2,-15:-4, 0, -12, 6, -8, -12, 2, -14
0,-2:-4, 0, -12, 6, -2, -12, 14, 0
0,-2:-4, 0, -12, 6, -2, -12, 14, 2
0,-2:-4, 0, -12, 6, -2, -12, 14, 4
-3,2:-4, 0, -12, 6, -2, 6, 4, -10
6,-1:-4, 0, -12, 6, -2, 6, 4, -8
-3,2:-4, 0, -12, 6, -2, 6, 4, -6
2,15:-4, 0, -12, 6, 2, 8, 0, -12
2,15:-4, 0, -12, 6, 2, 8, 0, -10
2,15:-4, 0, -12, 6, 2, 8, 0, -8
5,11:-4, 0, -12, 6, 4, 8, 6, 6
4,-6:-4, 0, -12, 6, 8, -2, -4, 10
4,-6:-4, 0, -12, 6, 8, 10, -2, -4
1,2:-4, 0, -12, 8, 8, 2, 0, 16
1,2:-4, 0, -12, 8, 8, 2, 16, 0
10,-6:-4, 0, -12, 8, 8, 20, 20, -4
-7,10:-4, 0, -12, 8, 12, 16, 20, 24
-3,-10:-4, 0, -12, 10, -22, -16, -2, 2
-3,-10:-4, 0, -12, 10, -22, -16, -2, 4
-3,-10:-4, 0, -12, 10, -22, -16, -2, 6
-3,-10:-4, 0, -12, 10, -22, -2, 2, -16
-3,-10:-4, 0, -12, 10, -22, -2, 2, -12
7,-17:-4, 0, -12, 10, -10, -22, -12, -12
-7,-3:-4, 0, -12, 10, -10, -16, -10, 10
-4,-8:-4, 0, -12, 10, -10, -16, -2, -6
-1,-12:-4, 0, -12, 10, -10, -12, 4, -2
-1,-12:-4, 0, -12, 10, -10, -12, 4, 2
0,-6:-4, 0, -12, 10, -10, -10, -20, -6
-5,-15:-4, 0, -12, 10, -4, -8, -24, -10
-5,-15:-4, 0, -12, 10, -4, -8, -10, -24
-5,-15:-4, 0, -12, 10, -4, -8, -10, -22
-5,-15:-4, 0, -12, 10, -4, -8, -10, -20
7,-9:-4, 0, -12, 10, -2, -4, 12, 0
7,-9:-4, 0, -12, 10, -2, -4, 12, 2
7,-9:-4, 0, -12, 10, -2, -4, 12, 4
-7,5:-4, 0, -12, 10, -2, 6, -14, -20
-7,5:-4, 0, -12, 10, -2, 6, -14, -18
12,-5:-4, 0, -12, 10, -2, 6, -14, 10
7,-9:-4, 0, -12, 10, -2, 12, 4, -2
7,-9:-4, 0, -12, 10, -2, 12, 4, 0
7,-9:-4, 0, -12, 10, -2, 12, 4, 2
8,-18:-4, 0, -12, 10, 4, 8, 0, -26
-1,4:-4, 0, -8, -10, -4, -2, -4, -4
-1,4:-4, 0, -8, -10, -4, -2, -4, 0
7,12:-4, 0, -8, -10, -4, -2, 8, 6
-1,4:-4, 0, -8, -10, -4, 2, -2, -6
-1,4:-4, 0, -8, -10, -4, 2, -2, -4
-1,4:-4, 0, -8, -10, -2, 0, -8, -6
-1,4:-4, 0, -8, -10, -2, 0, -8, -4
-1,4:-4, 0, -8, -10, -2, 0, -8, 2
-1,4:-4, 0, -8, -10, -2, 0, -2, -6
-1,4:-4, 0, -8, -10, -2, 0, -2, -4
-1,4:-4, 0, -8, -10, -2, 0, -2, -2
-1,4:-4, 0, -8, -10, -2, 0, 0, 2
-1,4:-4, 0, -8, -10, -2, 0, 2, -4
10,7:-4, 0, -8, -10, -2, 0, 6, 4
10,7:-4, 0, -8, -10, -2, 0, 6, 6
10,7:-4, 0, -8, -10, -2, 0, 8, 10
10,7:-4, 0, -8, -10, -2, 0, 10, 4
9,13:-4, 0, -8, -10, 0, -2, 22, 28
-1,4:-4, 0, -8, -10, 6, -4, -8, -2
-1,4:-4, 0, -8, -10, 6, -4, -6, -8
9,3:-4, 0, -8, -10, 6, -4, -6, 2
9,3:-4, 0, -8, -10, 6, -4, -6, 4
-1,4:-4, 0, -8, -10, 6, -4, -4, -4
-1,4:-4, 0, -8, -10, 6, -4, -4, -2
-1,4:-4, 0, -8, -10, 6, -4, -4, 0
-1,4:-4, 0, -8, -10, 6, -4, 2, -2
9,3:-4, 0, -8, -10, 6, -4, 4, -6
11,-1:-4, 0, -8, -10, 6, 8, 10, 4
11,-1:-4, 0, -8, -10, 6, 10, 10, 4
3,0:-4, 0, -8, -4, -10, -16, -8, -2
-1,4:-4, 0, -8, -4, -10, -16, 2, -4
0,5:-4, 0, -8, -4, -10, -16, 2, 0
2,0:-4, 0, -8, -4, -10, -16, 2, 2
-1,4:-4, 0, -8, -4, -10, -8, 2, -16
-1,4:-4, 0, -8, -4, -10, -8, 2, -14
1,7:-4, 0, -8, -4, -10, -4, -16, -10
1,7:-4, 0, -8, -4, -10, -4, -16, -8
1,7:-4, 0, -8, -4, -10, -4, -16, -6
1,7:-4, 0, -8, -4, -10, -4, -10, -16
1,7:-4, 0, -8, -4, -10, -4, -10, -12
1,7:-4, 0, -8, -4, -10, -4, -10, -6
-1,4:-4, 0, -8, -4, -10, 2, -4, -16
-1,4:-4, 0, -8, -4, -10, 2, -4, -6
0,5:-4, 0, -8, -4, -10, 2, 0, -16
0,5:-4, 0, -8, -4, -10, 2, 0, -6
2,0:-4, 0, -8, -4, -10, 2, 2, -16
-1,4:-4, 0, -8, -4, -8, -14, -2, 0
-1,4:-4, 0, -8, -4, -8, -14, -2, 2
-1,4:-4, 0, -8, -4, -8, -14, -2, 4
-1,4:-4, 0, -8, -4, -8, -6, 2, -4
-1,4:-4, 0, -8, -4, -8, -6, 2, -2
-1,4:-4, 0, -8, -4, -8, -4, -10, -14
-1,4:-4, 0, -8, -4, -2, -6, -26, -18
-1,4:-4, 0, -8, -4, -2, -6, -26, -8
-1,4:-4, 0, -8, -4, -2, -6, -22, -20
-1,4:-4, 0, -8, -4, -2, -6, -22, -10
-1,4:-4, 0, -8, -4, -2, -6, -20, -24
6,-16:-4, 0, -8, -4, -2, -6, -20, 2
6,-16:-4, 0, -8, -4, -2, -6, -20, 4
-1,4:-4, 0, -8, -4, -2, -6, -16, -22
-1,4:-4, 0, -8, -4, -2, -6, -16, -12
-1,4:-4, 0, -8, -4, -2, -6, -10, -26
-1,4:-4, 0, -8, -4, -2, -6, -10, -22
-1,4:-4, 0, -8, -4, -2, -6, -8, -6
-1,4:-4, 0, -8, -4, -2, -6, -8, -4
6,-16:-4, 0, -8, -4, -2, -6, 2, -20
13,-3:-4, 0, -8, -4, -2, 2, -8, -18
7,12:-4, 0, -8, -4, -2, 8, 6, -10
7,12:-4, 0, -8, -4, -2, 8, 6, -6
11,5:-4, 0, -8, -4, 2, 8, -14, -6
2,9:-4, 0, -8, -4, 10, -2, -4, -12
2,9:-4, 0, -8, -4, 10, -2, -4, -10
2,9:-4, 0, -8, -4, 10, -2, -4, -8
0,6:-4, 0, -8, -2, -14, -20, -18, -16
0,6:-4, 0, -8, -2, -14, -20, -18, -14
0,6:-4, 0, -8, -2, -14, -20, -18, -12
5,1:-4, 0, -8, -2, -14, -14, -8, -22
5,1:-4, 0, -8, -2, -14, -14, -8, -20
5,1:-4, 0, -8, -2, -14, -14, -8, -18
15,-9:-4, 0, -8, -2, -14, -8, -24, -14
15,-9:-4, 0, -8, -2, -14, -8, -24, -10
15,-9:-4, 0, -8, -2, -14, -8, -14, -24
-1,4:-4, 0, -8, -2, -12, -4, 4, 10
-1,4:-4, 0, -8, -2, -12, 0, -8, -2
-1,4:-4, 0, -8, -2, -12, 0, -6, -2
-1,4:-4, 0, -8, -2, -12, 0, -6, 0
-1,4:-4, 0, -8, -2, -12, 0, 0, 0
-1,4:-4, 0, -8, -2, -12, 0, 2, -10
-1,4:-4, 0, -8, -2, -12, 0, 2, 0
-1,4:-4, 0, -8, -2, -12, 0, 4, -2
-1,4:-4, 0, -8, -2, -12, 8, 6, -4
-1,4:-4, 0, -8, -2, -12, 8, 6, 0
6,-16:-4, 0, -8, -2, -8, -4, -4, -14
6,-16:-4, 0, -8, -2, -8, -4, -4, -10
6,-7:-4, 0, -8, -2, -8, 4, 2, -4
-13,0:-4, 0, -8, -2, 0, -8, -14, 10
-1,-5:-4, 0, -8, -2, 8, -14, 12, 0
1,-2:-4, 0, -8, 4, 14, -14, -18, -24
1,-2:-4, 0, -8, 4, 14, -14, -18, -16
1,-2:-4, 0, -8, 4, 14, -14, -12, -18
1,-2:-4, 0, -8, 4, 14, -14, -12, -12
-1,-24:-4, 0, -8, 6, -14, -20, -24, 2
-1,-24:-4, 0, -8, 6, -14, -20, -24, 4
-1,-24:-4, 0, -8, 6, -14, -20, -24, 6
-1,-24:-4, 0, -8, 6, -14, -20, 2, -24
-6,1:-4, 0, -8, 6, -14, -18, 0, -10
-4,-20:-4, 0, -8, 6, -14, -10, 10, 4
-4,-20:-4, 0, -8, 6, -14, -10, 10, 6
-4,-20:-4, 0, -8, 6, -14, -10, 10, 8
-4,-20:-4, 0, -8, 6, -14, -4, 2, -10
-4,-20:-4, 0, -8, 6, -14, -4, 2, -8
-4,-20:-4, 0, -8, 6, -14, -4, 2, -6
-6,1:-4, 0, -8, 6, -14, 0, -10, -18
-4,-20:-4, 0, -8, 6, -14, 0, -10, 4
-4,-20:-4, 0, -8, 6, -14, 0, -10, 6
-4,-20:-4, 0, -8, 6, -14, 0, -2, 0
-4,-20:-4, 0, -8, 6, -14, 0, -2, 4
-4,-20:-4, 0, -8, 6, -14, 0, 2, -8
-4,-20:-4, 0, -8, 6, -14, 0, 2, -6
-4,-20:-4, 0, -8, 6, -14, 0, 2, -4
-1,4:-4, 0, -8, 6, -8, -4, -4, -10
-1,4:-4, 0, -8, 6, -8, -4, -4, -8
-1,4:-4, 0, -8, 6, -8, -4, -4, -6
1,-8:-4, 0, -8, 6, -8, 10, 0, -14
-1,4:-4, 0, -8, 6, -4, -4, -8, -16
-1,4:-4, 0, -8, 6, -4, -4, -8, -14
-1,4:-4, 0, -8, 6, -4, -4, -8, -12
-1,4:-4, 0, -8, 6, -4, -4, 4, -8
-1,4:-4, 0, -8, 6, -2, -12, -4, 0
-1,4:-4, 0, -8, 6, -2, -12, -4, 2
-1,4:-4, 0, -8, 6, -2, -12, -4, 4
-1,4:-4, 0, -8, 6, -2, -12, 0, 0
4,2:-4, 0, -8, 6, 8, -12, -4, -8
-4,5:-4, 0, -8, 6, 10, 0, 10, 8
4,8:-4, 0, -8, 8, 10, 0, 4, -10
4,8:-4, 0, -8, 8, 10, 0, 4, -6
5,5:-4, 0, -8, 8, 10, 12, 2, -12
1,2:-4, 0, -4, -6, 8, -22, 0, 8
1,-11:-4, 0, -4, 6, -4, -12, -4, 6
1,-11:-4, 0, -4, 6, -4, -12, -4, 8
1,-11:-4, 0, -4, 6, -4, -12, -4, 10
1,-11:-4, 0, -4, 6, -4, -12, 2, 10
1,-11:-4, 0, -4, 6, -4, -12, 4, 8
1,-11:-4, 0, -4, 6, -4, -12, 4, 10
1,-11:-4, 0, -4, 6, -4, -12, 10, 6
10,-5:-4, 0, -4, 6, 0, 0, 6, 12
5,-12:-4, 0, -4, 6, 10, 2, -16, -18
6,-3:-4, 0, -4, 8, 10, -2, 0, -12
6,-3:-4, 0, -4, 8, 10, -2, 0, -10
6,-3:-4, 0, -4, 8, 10, -2, 0, -8
2,6:-4, 0, -4, 8, 10, 2, -2, -8
-2,-2:-4, 0, -4, 10, 6, -4, 0, 6
-2,-2:-4, 0, -4, 10, 6, -4, 0, 8
-2,-2:-4, 0, -4, 10, 6, -4, 0, 10
4,4:-4, 0, -2, -10, 4, 0, 6, 4
-2,5:-4, 0, -2, -10, 4, 6, 8, 4
-2,2:-4, 0, -2, -10, 4, 6, 8, 12
-2,2:-4, 0, -2, -10, 4, 8, 2, 12
-2,2:-4, 0, -2, -10, 4, 8, 12, 6
-4,6:-4, 0, -2, -8, -24, -18, -10, -12
-4,6:-4, 0, -2, -8, -24, -18, -10, -10
-4,6:-4, 0, -2, -8, -24, -18, -10, -8
-4,6:-4, 0, -2, -8, -24, -14, -16, -10
-4,6:-4, 0, -2, -8, -24, -14, -16, -8
15,8:-4, 0, -2, -8, -24, -14, -16, 8
-4,6:-4, 0, -2, -8, -24, -14, -10, -16
-4,6:-4, 0, -2, -8, -24, -14, -10, -12
15,8:-4, 0, -2, -8, -24, -14, 8, -16
-4,6:-4, 0, -2, -8, -24, -10, -10, -18
-4,6:-4, 0, -2, -8, -24, -10, -10, -16
-4,6:-4, 0, -2, -8, -24, -10, -10, -14
-4,6:-4, 0, -2, -8, -16, -10, -10, -16
-4,6:-4, 0, -2, -8, -16, -10, -10, -14
-4,6:-4, 0, -2, -8, -14, -24, -10, -14
-4,6:-4, 0, -2, -8, -14, -24, -10, -10
15,8:-4, 0, -2, -8, -14, -24, 8, -14
-4,6:-4, 0, -2, -8, -14, -14, -10, -8
-4,6:-4, 0, -2, -8, -14, -14, -10, -6
-1,-6:-4, 0, -2, -8, -14, -14, -10, 8
-1,-6:-4, 0, -2, -8, -14, -14, 8, -10
-1,-6:-4, 0, -2, -8, -14, -14, 8, -8
-1,-6:-4, 0, -2, -8, -14, -10, 8, -14
-4,6:-4, 0, -2, -8, -10, -10, -18, -10
-4,6:-4, 0, -2, -8, -10, -6, -16, -4
-4,6:-4, 0, -2, -8, -6, -18, -12, -28
-4,6:-4, 0, -2, -8, -6, -18, -12, -26
-4,6:-4, 0, -2, -8, -6, -18, -12, -24
-4,6:-4, 0, -2, -8, -4, -12, -14, -2
-4,6:-4, 0, -2, -8, -4, -10, -18, -12
-4,6:-4, 0, -2, -4, -14, -16, -24, -14
-4,6:-4, 0, -2, -4, -14, -16, -24, -10
-4,6:-4, 0, -2, -4, -14, -16, -14, -14
-4,6:-4, 0, -2, -4, -14, -16, -14, -12
-4,6:-4, 0, -2, -4, -14, -16, -10, -24
-4,6:-4, 0, -2, -4, -14, -16, -10, -14
-4,6:-4, 0, -2, -4, -14, -8, -8, -22
-4,6:-4, 0, -2, -4, -14, -8, -8, -12
-4,6:-4, 0, -2, -4, -4, -14, -4, -10
-4,6:-4, 0, -2, -4, -4, -14, -4, -8
-4,6:-4, 0, -2, -4, -4, -14, -4, -6
-4,6:-4, 0, -2, -4, -4, -4, -2, -10
-7,4:-4, 0, -2, -4, 4, -6, 12, 10
-7,12:-4, 0, -2, -4, 6, 6, -4, 6
2,9:-4, 0, -2, 4, -14, -2, 10, 10
-3,5:-4, 0, -2, 4, -14, -2, 10, 28
-3,5:-4, 0, -2, 4, -14, -2, 28, 10
-3,5:-4, 0, -2, 4, -14, -2, 28, 14
2,9:-4, 0, -2, 4, -14, 10, 10, -2
-3,5:-4, 0, -2, 4, -14, 10, 28, -2
-2,4:-4, 0, -2, 4, -8, 8, 6, -10
-2,4:-4, 0, -2, 4, -8, 8, 6, -8
-2,4:-4, 0, -2, 4, -8, 8, 6, -6
-5,14:-4, 0, -2, 4, -2, -8, 14, 4
-5,14:-4, 0, -2, 4, -2, -8, 14, 8
-5,14:-4, 0, -2, 4, -2, -8, 16, 12
-5,14:-4, 0, -2, 4, -2, -8, 16, 16
-5,14:-4, 0, -2, 4, -2, -8, 22, 12
-5,14:-4, 0, -2, 4, -2, -8, 22, 18
-5,14:-4, 0, -2, 4, -2, -8, 22, 22
10,-5:-4, 0, -2, 4, 0, -14, -22, 8
10,-5:-4, 0, -2, 4, 0, 6, -14, -18
10,-5:-4, 0, -2, 4, 0, 6, -14, -16
10,-5:-4, 0, -2, 4, 0, 6, -14, -14
1,-2:-4, 0, -2, 4, 0, 6, -8, 14
1,-2:-4, 0, -2, 4, 0, 6, -8, 16
1,-2:-4, 0, -2, 4, 0, 6, -8, 18
1,-2:-4, 0, -2, 4, 0, 6, -8, 20
1,-2:-4, 0, -2, 4, 0, 6, -8, 22
4,4:-4, 0, -2, 4, 0, 6, 4, -10
11,-7:-4, 0, -2, 4, 0, 8, 10, -8
-2,-5:-4, 0, -2, 4, 2, -14, -2, -4
2,-1:-4, 0, -2, 4, 2, -4, -4, -10
7,3:-4, 0, -2, 4, 2, -4, -4, 0
-2,4:-4, 0, -2, 4, 6, 2, 6, -10
-2,4:-4, 0, -2, 4, 6, 2, 6, -6
-2,5:-4, 0, -2, 4, 6, 8, 4, -10
-2,5:-4, 0, -2, 4, 6, 8, 4, -6
-2,2:-4, 0, -2, 4, 6, 8, 12, -10
-2,2:-4, 0, -2, 4, 6, 8, 12, -6
-7,12:-4, 0, -2, 6, 6, -4, 6, -8
9,3:-4, 0, -2, 6, 6, -4, 6, 16
9,3:-4, 0, -2, 6, 6, -4, 6, 18
-1,4:-4, 0, 0, -6, -14, -12, 2, 4
-1,4:-4, 0, 0, -6, -14, -12, 2, 6
-1,4:-4, 0, 0, -6, -14, -12, 2, 8
9,-2:-4, 0, 0, -6, -14, -6, -12, -18
3,6:-4, 0, 0, -6, -6, -6, -2, -12
-1,4:-4, 0, 0, -6, -6, -4, -12, 6
-1,4:-4, 0, 0, -6, -2, -12, 6, -6
-1,4:-4, 0, 0, -6, -2, -12, 6, -4
-1,4:-4, 0, 0, -6, -2, -12, 6, -2
-1,4:-4, 0, 0, -6, 4, -4, -2, -2
17,4:-4, 0, 0, 6, -8, 4, -6, -4
17,4:-4, 0, 0, 6, -8, 4, -6, 0
17,4:-4, 0, 0, 6, -8, 4, -6, 6
17,4:-4, 0, 0, 6, -8, 4, -4, -6
17,4:-4, 0, 0, 8, 10, -8, 4, 2
0,14:-4, 0, 0, 8, 12, -2, -10, -4
0,14:-4, 0, 0, 8, 12, -2, -10, 0
0,14:-4, 0, 0, 8, 12, -2, -4, -10
0,14:-4, 0, 0, 8, 12, -2, -4, -6
10,-4:-4, 0, 0, 8, 12, 6, -14, -6
-5,12:-4, 0, 0, 10, -6, -8, 6, 4
1,12:-4, 0, 0, 10, -2, -6, -4, -12
23,12:-4, 0, 0, 10, 10, -30, -8, -28
23,12:-4, 0, 0, 10, 10, -30, -8, -26
23,12:-4, 0, 0, 10, 10, -30, -8, -24
23,12:-4, 0, 0, 10, 10, -26, -22, -8
8,3:-4, 0, 0, 10, 12, -6, -4, -6
6,8:-4, 0, 0, 10, 14, 4, 18, -8
13,10:-4, 0, 0, 10, 16, 8, -6, -2
-2,4:-4, 0, 0, 10, 16, 14, 10, -12
-2,4:-4, 0, 0, 10, 16, 14, 10, -10
-2,4:-4, 0, 0, 10, 16, 14, 10, -8
14,17:-4, 0, 2, -6, -14, -4, -4, -10
14,17:-4, 0, 2, -6, -14, -4, -4, -8
14,17:-4, 0, 2, -6, -14, -4, -4, -6
7,6:-4, 0, 2, -6, 4, -16, -12, -10
28,6:-4, 0, 2, -4, 6, -4, -6, -14
10,11:-4, 0, 4, -6, -14, -2, -10, -10
10,11:-4, 0, 4, -6, -14, -2, -10, -6
11,-7:-4, 0, 4, -6, -8, 4, -8, 2
11,-7:-4, 0, 4, -6, -8, 4, -8, 12
11,-7:-4, 0, 4, -6, -8, 4, 12, -8
23,7:-4, 0, 4, -6, 4, -16, -4, -10
23,7:-4, 0, 4, -6, 4, -16, -4, -8
-4,12:-4, 0, 4, -4, -4, 4, 6, 4
0,5:-4, 0, 4, -4, 2, -10, -2, 4
3,8:-4, 0, 4, -4, 2, -10, 2, -4
-4,12:-4, 0, 4, -4, 4, 6, 4, -12
-4,12:-4, 0, 4, -4, 4, 6, 4, -10
-4,12:-4, 0, 4, -4, 4, 6, 4, -8
13,3:-4, 0, 4, 4, 0, -2, 4, -2
11,7:-4, 0, 4, 4, 6, -14, 2, 4
-4,12:-4, 0, 4, 4, 6, -14, 4, 0
11,7:-4, 0, 4, 4, 6, -14, 8, 6
11,7:-4, 0, 4, 4, 6, -14, 8, 8
11,7:-4, 0, 4, 4, 6, -14, 8, 10
11,7:-4, 0, 4, 4, 6, -14, 10, 4
11,7:-4, 0, 4, 4, 6, -14, 10, 14
11,7:-4, 0, 4, 4, 6, -14, 12, 12
11,7:-4, 0, 4, 4, 6, 2, 4, -14
24,4:-4, 0, 4, 4, 6, 12, 0, 0
22,-14:-4, 0, 4, 6, -16, -22, -22, -12
-1,4:-4, 0, 6, -6, -20, -16, -14, -4
-1,4:-4, 0, 6, -6, -20, -16, -4, -18
12,10:-4, 0, 6, -6, -20, -16, 4, -18
-1,4:-4, 0, 6, -6, -20, -12, -6, -10
-1,4:-4, 0, 6, -6, -20, -12, -4, -16
-1,4:-4, 0, 6, -6, -20, -12, -4, -14
-1,4:-4, 0, 6, -6, -20, -12, -4, -12
12,10:-4, 0, 6, -6, -20, -12, 4, -16
12,10:-4, 0, 6, -6, -20, -12, 4, -14
12,10:-4, 0, 6, -6, -20, -12, 4, -12
-1,4:-4, 0, 6, -6, -20, -8, -10, -18
-1,4:-4, 0, 6, -6, -20, -8, -10, -14
12,10:-4, 0, 6, -6, -20, 4, -18, -18
12,10:-4, 0, 6, -6, -20, 4, -18, -14
-1,4:-4, 0, 6, -6, -18, -8, -10, -16
-1,4:-4, 0, 6, -6, -18, -8, -10, -14
-1,4:-4, 0, 6, -6, -18, -8, -10, -12
-1,4:-4, 0, 6, -6, -18, -6, -4, -4
-1,4:-4, 0, 6, -6, -18, -6, -4, 0
-1,4:-4, 0, 6, -6, -18, -6, -2, -4
-1,4:-4, 0, 6, -6, -18, -6, 2, -2
-1,4:-4, 0, 6, -6, -18, -6, 2, 0
-1,4:-4, 0, 6, -6, -18, -6, 2, 2
12,10:-4, 0, 6, -6, -18, 8, 12, 14
12,10:-4, 0, 6, -6, -18, 8, 12, 16
12,10:-4, 0, 6, -6, -18, 8, 14, 8
17,14:-4, 0, 6, -6, -18, 10, 0, 6
17,14:-4, 0, 6, -6, -18, 10, 0, 8
17,14:-4, 0, 6, -6, -18, 10, 0, 10
12,10:-4, 0, 6, -6, -18, 10, 6, 6
12,10:-4, 0, 6, -6, -18, 10, 6, 8
-1,4:-4, 0, 6, -6, -14, -18, -6, -8
-1,4:-4, 0, 6, -6, -14, -16, -6, -6
-1,4:-4, 0, 6, -6, -14, -12, -6, -6
-1,4:-4, 0, 6, -6, -14, -6, -2, -14
-1,4:-4, 0, 6, -6, -14, -4, -8, -12
-1,4:-4, 0, 6, -6, -14, -4, -8, -10
-1,4:-4, 0, 6, -6, -14, -4, -8, -8
-1,4:-4, 0, 6, -6, -8, -14, -22, -4
-1,4:-4, 0, 6, -6, -8, -14, -22, -2
-1,4:-4, 0, 6, -6, -8, -14, -22, 0
-1,4:-4, 0, 6, -6, -6, -10, -12, -20
-1,4:-4, 0, 6, -6, -6, -10, -12, -18
-1,4:-4, 0, 6, -6, -6, -10, -12, -16
14,-2:-4, 0, 6, -6, -6, -6, -16, 4
18,2:-4, 0, 6, -6, -6, -4, 2, -4
18,2:-4, 0, 6, -6, -6, -4, 2, 0
18,2:-4, 0, 6, -6, -6, 4, -2, -4
18,2:-4, 0, 6, -6, -6, 4, 2, -2
18,2:-4, 0, 6, -6, -6, 4, 2, 0
18,2:-4, 0, 6, -6, -6, 4, 2, 2
18,2:-4, 0, 6, -6, -4, 0, 0, 2
18,2:-4, 0, 6, -6, -4, 0, 0, 4
18,2:-4, 0, 6, -6, -4, 0, 0, 6
18,2:-4, 0, 6, -6, -4, 6, -2, 0
18,2:-4, 0, 6, -6, -4, 6, -2, 2
18,2:-4, 0, 6, -6, -4, 6, -2, 4
18,2:-4, 0, 6, -6, -4, 8, 12, 14
18,2:-4, 0, 6, -6, -4, 8, 12, 16
18,2:-4, 0, 6, -6, -4, 10, 0, -6
18,2:-4, 0, 6, -6, -4, 10, 0, 2
18,2:-4, 0, 6, -6, -4, 10, 6, 0
18,2:-4, 0, 6, -6, -4, 10, 6, 6
18,2:-4, 0, 6, -6, -4, 10, 6, 8
12,10:-4, 0, 6, -6, 4, -22, -24, -30
12,10:-4, 0, 6, -6, 4, -22, -24, -28
12,10:-4, 0, 6, -6, 4, -22, -24, -26
18,2:-4, 0, 6, -6, 10, 0, -6, 6
18,2:-4, 0, 6, -6, 10, 0, -6, 8
18,2:-4, 0, 6, -6, 10, 0, -6, 10
18,2:-4, 0, 6, -6, 10, 0, -2, -2
18,2:-4, 0, 6, -6, 10, 0, 0, 6
18,2:-4, 0, 6, -6, 10, 0, 2, -4
17,14:-4, 0, 6, -6, 10, 0, 6, -18
18,2:-4, 0, 6, -6, 10, 0, 6, -6
18,2:-4, 0, 6, -6, 10, 0, 6, -4
7,5:-4, 0, 6, -2, -8, -12, 12, 4
7,5:-4, 0, 6, -2, -8, -12, 12, 14
7,5:-4, 0, 6, -2, -8, 12, 14, -12
12,1:-4, 0, 6, -2, 4, -8, -4, 4
12,1:-4, 0, 6, -2, 4, -8, -4, 14
12,1:-4, 0, 6, -2, 4, -8, 14, -4
-1,4:-4, 0, 6, 2, -2, -10, 0, 6
-1,4:-4, 0, 6, 2, -2, -10, 0, 14
-1,4:-4, 0, 6, 2, -2, -10, 6, 0
2,15:-4, 0, 6, 2, 8, 0, -12, 2
2,15:-4, 0, 6, 2, 8, 0, -12, 4
2,15:-4, 0, 6, 2, 8, 0, 2, -12
2,15:-4, 0, 6, 2, 8, 0, 2, -4
-5,4:-4, 0, 6, 4, -6, -12, -2, 8
-5,4:-4, 0, 6, 4, -6, -12, 8, -2
-5,4:-4, 0, 6, 4, -6, -12, 8, 0
-5,4:-4, 0, 6, 4, -6, -12, 8, 2
16,-4:-4, 0, 6, 4, -6, 6, -6, -20
0,3:-4, 0, 6, 4, -2, -20, -6, 4
4,-6:-4, 0, 6, 8, -2, -4, -10, 8
4,-6:-4, 0, 6, 8, -2, -4, -8, -6
4,-6:-4, 0, 6, 8, -2, -4, 10, 2
2,5:-4, 0, 6, 8, -2, 0, 8, -10
2,5:-4, 0, 6, 8, -2, 0, 8, -6
0,-7:-4, 0, 6, 8, 4, -8, -6, -8
0,-2:-4, 0, 6, 8, 4, 4, 6, -2
3,0:-4, 0, 6, 8, 12, 12, 20, 30
3,0:-4, 0, 6, 8, 12, 12, 20, 34
12,10:-4, 0, 8, -6, -18, 12, 6, 4
18,9:-4, 0, 8, -6, -14, 12, 2, 0
18,2:-4, 0, 8, -6, -4, 10, 2, 4
18,2:-4, 0, 8, -6, -4, 10, 2, 6
18,2:-4, 0, 8, -6, -4, 10, 2, 8
18,2:-4, 0, 8, -6, 6, 8, 0, 10
18,2:-4, 0, 8, -6, 12, 4, 4, 0
18,2:-4, 0, 8, -6, 12, 4, 4, 2
18,2:-4, 0, 8, -6, 12, 4, 4, 4
16,5:-4, 0, 8, -2, -24, -10, -8, 2
11,1:-4, 0, 8, -2, -24, -10, 2, 10
11,1:-4, 0, 8, -2, -24, -10, 2, 20
11,1:-4, 0, 8, -2, -24, -10, 10, 2
11,1:-4, 0, 8, -2, -24, -10, 10, 6
-13,11:-4, 0, 8, -2, -24, -6, 8, 22
-13,11:-4, 0, 8, -2, -24, 8, 22, -6
-13,11:-4, 0, 8, -2, -24, 8, 22, -4
11,1:-4, 0, 8, -2, -14, -10, 18, -20
11,1:-4, 0, 8, -2, -14, -10, 18, -18
11,1:-4, 0, 8, -2, -14, -10, 18, -16
15,11:-4, 0, 8, -2, -12, -20, 2, 10
15,11:-4, 0, 8, -2, -12, -20, 2, 20
15,11:-4, 0, 8, -2, -12, -20, 10, 2
15,11:-4, 0, 8, -2, -12, -20, 10, 6
15,11:-4, 0, 8, -2, -12, -18, 18, -26
15,11:-4, 0, 8, -2, -12, -18, 18, -24
15,11:-4, 0, 8, -2, -12, -18, 18, -22
15,11:-4, 0, 8, -2, -12, 18, -22, -22
4,17:-4, 0, 8, 4, 6, -8, 6, -10
4,17:-4, 0, 8, 4, 6, -8, 6, -6
-11,18:-4, 0, 8, 4, 6, -2, -8, -10
-11,18:-4, 0, 8, 4, 6, -2, -8, -6
10,5:-4, 0, 8, 6, -2, -4, -8, 4
10,5:-4, 0, 8, 6, -2, -4, -8, 6
10,5:-4, 0, 8, 6, -2, -4, -8, 8
10,2:-4, 0, 8, 6, -2, -4, 0, 2
10,2:-4, 0, 8, 6, -2, -4, 0, 4
10,2:-4, 0, 8, 6, -2, -4, 0, 6
10,5:-4, 0, 8, 6, -2, -4, 4, -8
10,2:-4, 0, 8, 6, -2, -4, 4, 0
9,1:-4, 0, 8, 6, 4, 6, 10, 4
9,1:-4, 0, 8, 6, 4, 6, 10, 6
9,1:-4, 0, 8, 6, 4, 6, 10, 8
1,2:-4, 0, 8, 8, 2, 0, 16, -12
1,2:-4, 0, 8, 8, 2, 0, 16, -10
1,2:-4, 0, 8, 8, 2, 0, 16, -8
-9,7:-4, 0, 8, 8, 12, -2, -2, 16
-9,7:-4, 0, 8, 8, 12, -2, 16, -2
17,9:-4, 0, 8, 10, -12, 4, 6, -12
2,7:-4, 0, 8, 10, -6, 2, 6, -8
-7,10:-4, 0, 8, 12, 16, 20, 24, -12
-7,10:-4, 0, 8, 12, 16, 20, 24, -10
-7,10:-4, 0, 8, 12, 16, 20, 24, -8
8,-18:-4, 0, 10, 4, 8, 0, -26, -12
8,-18:-4, 0, 10, 4, 8, 0, -26, -10
8,-18:-4, 0, 10, 4, 8, 0, -26, -8
4,-1:-4, 2, 0, -8, -16, -16, -10, -20
16,-5:-4, 2, 0, -8, -16, 4, -10, 0
16,-5:-4, 2, 0, -8, -16, 4, -10, 2
16,-5:-4, 2, 0, -8, -16, 4, -10, 4
16,-5:-4, 2, 0, -8, -16, 4, 0, -10
16,-5:-4, 2, 0, -8, -16, 4, 6, 12
7,8:-4, 2, 0, -8, -14, -2, -12, -14
7,8:-4, 2, 0, -8, -14, -2, -6, -6
3,7:-4, 2, 0, -8, -2, 2, -14, -8
3,7:-4, 2, 0, -8, -2, 2, -14, 0
3,7:-4, 2, 0, -8, -2, 2, -8, -14
3,7:-4, 2, 0, -8, -2, 2, -8, -12
1,1:-4, 2, 2, -14, 0, 0, 8, 10
1,1:-4, 2, 2, -14, 0, 0, 8, 12
1,1:-4, 2, 2, -14, 0, 0, 8, 14
1,1:-4, 2, 2, -14, 0, 0, 16, 20
1,1:-4, 2, 2, -14, 0, 0, 16, 22
5,21:-4, 2, 2, -14, 0, 16, 16, 4
5,21:-4, 2, 2, -14, 0, 16, 16, 6
4,-11:-4, 2, 2, -8, -16, -16, -20, -28
4,-11:-4, 2, 2, -8, -16, -16, -20, -24
7,8:-4, 2, 2, -8, -14, -2, -10, -6
7,8:-4, 2, 2, -8, -14, -2, -6, -8
7,8:-4, 2, 2, -8, -14, -2, -6, -6
5,0:-4, 2, 2, -8, -14, -2, -6, -2
5,0:-4, 2, 2, -8, -14, -2, -6, 0
5,0:-4, 2, 2, -8, -6, -16, -6, -20
5,0:-4, 2, 2, -8, -6, -16, -6, -10
5,0:-4, 2, 2, -8, -6, -14, -6, -16
5,0:-4, 2, 2, -8, -6, -14, -6, -14
5,0:-4, 2, 2, -8, -6, -14, -6, -12
11,-3:-4, 2, 2, -8, -4, -4, -6, -2
7,-1:-4, 2, 6, -14, -22, -12, -8, 2
6,3:-4, 2, 6, -14, -18, -18, -2, 4
6,3:-4, 2, 6, -14, -18, -18, 4, -2
6,3:-4, 2, 6, -14, -18, -2, 4, -18
6,3:-4, 2, 6, -14, -18, -2, 4, -16
6,3:-4, 2, 6, -14, -18, -2, 4, -14
2,4:-4, 2, 6, -14, -2, -8, -14, 2
7,-3:-4, 2, 6, -14, -2, -8, 4, -14
6,3:-4, 2, 6, -8, -16, -16, 10, 4
-7,-7:-4, 2, 6, -8, -4, 4, 0, -2
16,11:-4, 2, 6, -8, 10, -4, -2, 2
11,7:-4, 2, 6, -8, 10, -4, 2, 4
11,7:-4, 2, 6, -8, 10, -4, 2, 8
11,7:-4, 2, 6, -8, 10, -4, 10, 6
11,7:-4, 2, 6, -8, 10, 10, 6, -4
5,9:-4, 2, 6, 0, -8, -4, -16, -2
14,9:-4, 2, 6, 0, 4, -6, 4, -2
9,5:-4, 2, 6, 0, 4, -6, 4, 10
9,5:-4, 2, 6, 0, 4, -6, 4, 18
9,5:-4, 2, 6, 0, 4, -6, 10, 4
9,8:-4, 2, 6, 0, 4, -2, -4, 10
9,8:-4, 2, 6, 0, 4, -2, -4, 18
9,8:-4, 2, 6, 0, 4, -2, 10, -4
9,5:-4, 2, 6, 0, 4, -2, 10, 4
9,5:-4, 2, 6, 0, 4, -2, 12, 2
9,5:-4, 2, 6, 0, 4, -2, 12, 4
9,5:-4, 2, 6, 0, 4, 4, 10, -2
4,19:-4, 2, 6, 0, 4, 14, 10, -2
3,-2:-4, 2, 6, 0, 14, -16, -16, -6
3,-2:-4, 2, 6, 0, 14, -16, -6, -16
3,-2:-4, 2, 6, 0, 14, -16, -6, -14
3,-2:-4, 2, 6, 0, 14, -16, -6, -12
0,8:-4, 2, 6, 2, -6, 6, -4, -4
0,8:-4, 2, 6, 2, -6, 6, -4, 0
9,-2:-4, 2, 6, 2, -4, -8, 10, 4
9,-2:-4, 2, 6, 2, -4, -8, 10, 6
9,-2:-4, 2, 6, 2, -4, -8, 10, 8
-8,4:-4, 2, 6, 2, -2, -10, -6, -12
-8,4:-4, 2, 6, 2, -2, -10, -6, -10
-8,4:-4, 2, 6, 2, -2, -10, -6, -8
-8,4:-4, 2, 6, 2, -2, -6, -2, 0
-8,4:-4, 2, 6, 2, -2, -6, -2, 2
-8,4:-4, 2, 6, 2, -2, -6, 0, -6
-8,4:-4, 2, 6, 2, -2, -4, -10, -8
-8,4:-4, 2, 6, 2, -2, -4, -10, -6
-8,4:-4, 2, 6, 2, -2, -4, -10, 0
-8,4:-4, 2, 6, 2, -2, -4, -4, -8
-8,4:-4, 2, 6, 2, -2, -4, -4, -6
-8,4:-4, 2, 6, 2, -2, -4, -4, -4
-8,4:-4, 2, 6, 2, -2, -4, -2, 0
-8,4:-4, 2, 6, 2, -2, -4, 0, -6
1,-4:-4, 2, 6, 2, -2, -4, 6, 12
1,-4:-4, 2, 6, 2, -2, -4, 8, 4
1,-4:-4, 2, 6, 2, -2, -4, 8, 6
-3,8:-4, 2, 6, 2, -2, 8, 10, 6
10,-10:-4, 2, 6, 2, 0, -10, -18, -20
0,8:-4, 2, 6, 2, 6, -4, -8, -12
0,8:-4, 2, 6, 2, 6, -4, -8, -8
0,8:-4, 2, 6, 2, 6, -2, -4, -4
0,8:-4, 2, 6, 2, 6, 0, -6, -10
-1,2:-4, 2, 6, 2, 6, 0, 8, -10
-1,2:-4, 2, 6, 2, 6, 0, 8, -8
3,1:-4, 2, 6, 2, 6, 6, -8, -2
7,-14:-4, 2, 6, 2, 6, 6, 6, -10
11,-1:-4, 2, 6, 4, 0, -10, -12, -4
-7,-5:-4, 2, 6, 10, 2, 8, 8, 16
-7,-5:-4, 2, 6, 10, 2, 8, 10, 8
-7,-5:-4, 2, 6, 10, 2, 8, 10, 10
-7,-5:-4, 2, 6, 10, 2, 8, 10, 12
-7,-5:-4, 2, 6, 10, 2, 8, 14, 2
-7,-5:-4, 2, 6, 10, 2, 8, 14, 12
-7,-5:-4, 2, 6, 10, 2, 12, 4, -2
-7,-5:-4, 2, 6, 10, 2, 12, 4, 0
-7,-5:-4, 2, 6, 10, 2, 12, 4, 2
-7,-5:-4, 2, 6, 10, 2, 16, 16, 10
-7,-5:-4, 2, 6, 10, 2, 16, 16, 12
-7,-5:-4, 2, 6, 10, 2, 16, 16, 14
13,5:-4, 2, 6, 10, 6, 12, 6, 16
-7,0:-4, 4, -10, -12, -14, 4, 8, 6
7,3:-4, 4, -10, -12, -12, -2, -2, 4
3,-2:-4, 4, -10, -8, -6, -4, -10, 4
1,4:-4, 4, -10, -8, -6, -4, -10, 8
10,-6:-4, 4, -10, -6, -14, -8, -14, -8
10,-4:-4, 4, -10, -6, -14, 6, 2, -6
2,7:-4, 4, -10, -6, -14, 6, 4, 2
3,-1:-4, 4, -10, -6, -12, 2, 4, 6
3,-1:-4, 4, -10, -6, -12, 2, 4, 8
3,-1:-4, 4, -10, -6, -12, 2, 4, 10
6,9:-4, 4, -10, -6, -8, -16, 6, -4
12,2:-4, 4, -10, -6, -4, -10, -2, 2
12,2:-4, 4, -10, -6, -4, -10, -2, 4
12,2:-4, 4, -10, -6, -4, -10, -2, 6
12,2:-4, 4, -10, -6, -4, -10, 2, 2
9,0:-4, 4, -10, -6, -4, 6, 2, -12
9,0:-4, 4, -10, -6, -2, -2, -2, 2
9,0:-4, 4, -10, -6, -2, -2, -2, 4
2,16:-4, 4, -10, -6, -2, 2, -2, 8
9,0:-4, 4, -10, -6, -2, 2, 10, 12
9,0:-4, 4, -10, -6, -2, 2, 10, 14
9,0:-4, 4, -10, -6, -2, 2, 10, 16
9,0:-4, 4, -10, -6, -2, 6, 0, 2
9,0:-4, 4, -10, -6, -2, 6, 0, 12
9,0:-4, 4, -10, -6, -2, 6, 4, 2
9,0:-4, 4, -10, -6, -2, 6, 4, 4
9,0:-4, 4, -10, -6, -2, 6, 4, 6
9,0:-4, 4, -10, -6, -2, 6, 6, -2
2,6:-4, 4, -10, -6, 2, -10, -18, -8
2,6:-4, 4, -10, -6, 2, -10, -18, -6
2,6:-4, 4, -10, -6, 2, -10, -18, -4
2,6:-4, 4, -10, -6, 2, -10, -14, -8
2,6:-4, 4, -10, -6, 2, -10, -8, -18
14,4:-4, 4, -10, -6, 2, -2, -4, -10
29,-3:-4, 4, -10, -2, -20, -18, -18, -8
3,-6:-4, 4, -10, -2, -14, -10, -8, -10
6,8:-4, 4, -10, 0, -14, -26, -30, -28
6,8:-4, 4, -10, 0, -14, -26, -30, -26
6,8:-4, 4, -10, 0, -14, -26, -30, -24
6,8:-4, 4, -10, 0, -14, -24, -10, -16
6,8:-4, 4, -10, 0, -14, -24, -10, -14
6,8:-4, 4, -10, 0, -14, -24, -10, -12
6,8:-4, 4, -10, 0, -14, -22, -26, -20
6,8:-4, 4, -10, 0, -14, -22, -24, -28
6,8:-4, 4, -10, 0, -14, -22, -24, -26
16,-4:-4, 4, -10, 0, -14, -22, -4, 2
16,-4:-4, 4, -10, 0, -14, -22, -2, -6
16,-4:-4, 4, -10, 0, -14, -22, -2, -4
6,8:-4, 4, -10, 0, -14, -16, -26, -18
6,8:-4, 4, -10, 0, -14, -12, -26, -20
6,8:-4, 4, -10, 0, -14, -12, -24, -26
20,-4:-4, 4, -10, 0, -14, -12, -24, 0
6,8:-4, 4, -10, 0, -14, -12, -22, -22
6,8:-4, 4, -10, 0, -14, -12, -22, -20
6,8:-4, 4, -10, 0, -14, -12, -22, -18
6,8:-4, 4, -10, 0, -14, -12, -16, -26
6,8:-4, 4, -10, 0, -14, -12, -16, -20
6,8:-4, 4, -10, 0, -14, -12, -16, -18
20,-4:-4, 4, -10, 0, -14, -12, 0, -24
6,8:-4, 4, -10, 0, -14, -8, -6, -6
6,8:-4, 4, -10, 0, -14, -8, -2, -10
6,8:-4, 4, -10, 0, -14, -8, -2, -8
6,8:-4, 4, -10, 0, -14, -8, -2, -6
15,-2:-4, 4, -10, 0, -14, -4, -20, -10
10,9:-4, 4, -10, 0, -8, -16, -4, -14
3,4:-4, 4, -10, 0, -8, -12, -16, -18
9,0:-4, 4, -10, 0, -6, 0, -2, -6
9,0:-4, 4, -10, 0, -6, 0, -2, -2
5,5:-4, 4, -10, 2, -16, -12, -14, -12
0,10:-4, 4, -10, 6, 0, 14, -10, -8
0,10:-4, 4, -10, 6, 0, 14, -10, -6
0,10:-4, 4, -10, 6, 0, 14, -10, -4
0,10:-4, 4, -10, 6, 0, 14, -8, -4
-5,3:-4, 4, -10, 6, 10, -6, -2, -12
-5,3:-4, 4, -10, 6, 10, -6, -2, -10
-5,3:-4, 4, -10, 6, 10, -6, -2, -8
5,-11:-4, 4, -8, -16, -10, -14, -6, -10
4,-11:-4, 4, -8, -16, -10, -14, -6, -4
-1,-3:-4, 4, -8, -16, -4, -6, -8, -6
4,-1:-4, 4, -8, -16, -4, 0, 0, -14
3,6:-4, 4, -8, -16, 6, 6, -14, -4
4,6:-4, 4, -8, -16, 6, 6, -14, 4
8,-5:-4, 4, -8, -16, 6, 6, 6, -10
7,-1:-4, 4, -8, -16, 6, 10, 0, 6
7,-1:-4, 4, -8, -16, 6, 10, 0, 8
7,-1:-4, 4, -8, -16, 6, 10, 0, 10
7,-1:-4, 4, -8, -16, 6, 10, 6, 0
7,-1:-4, 4, -8, -16, 6, 10, 6, 2
4,-4:-4, 4, -8, -14, -20, -4, -8, -14
27,-7:-4, 4, -8, -14, -20, 2, -20, -10
4,-4:-4, 4, -8, -14, -18, -4, -8, -22
4,-4:-4, 4, -8, -14, -18, -4, -8, -20
12,-2:-4, 4, -8, -14, -6, -4, -8, 6
12,-2:-4, 4, -8, -14, -6, -4, 6, -8
12,-2:-4, 4, -8, -14, -6, -4, 6, 2
17,2:-4, 4, -8, -14, -4, -12, -8, -4
17,2:-4, 4, -8, -14, -4, -12, -6, -6
12,-2:-4, 4, -8, -14, -4, -6, 2, -4
12,-2:-4, 4, -8, -14, -4, -6, 2, -2
12,-2:-4, 4, -8, -14, -4, -6, 2, 0
12,-2:-4, 4, -8, -14, -4, 0, 0, -6
12,-2:-4, 4, -8, -14, -4, 0, 0, -4
12,-2:-4, 4, -8, -14, -4, 0, 0, -2
12,-2:-4, 4, -8, -14, 6, -4, 0, 2
12,-2:-4, 4, -8, -14, 6, -4, 0, 12
17,2:-4, 4, -8, -14, 6, -4, 4, -12
12,-2:-4, 4, -8, -14, 6, -4, 4, 2
12,-2:-4, 4, -8, -14, 6, -4, 4, 4
12,-2:-4, 4, -8, -14, 6, -4, 4, 6
12,-2:-4, 4, -8, -14, 6, -4, 6, -2
17,2:-4, 4, -8, -14, 6, 0, -12, -4
17,2:-4, 4, -8, -14, 6, 0, -12, -2
-5,-12:-4, 4, -8, -12, 6, 0, 10, 12
-5,-12:-4, 4, -8, -12, 6, 0, 10, 14
3,1:-4, 4, -8, -6, 6, 2, -14, 0
3,1:-4, 4, -8, -6, 6, 2, -14, 2
3,1:-4, 4, -8, -6, 6, 2, 0, -14
6,-4:-4, 4, -8, -6, 6, 6, 10, -12
6,-5:-4, 4, -8, -4, -6, -16, 0, -16
20,-10:-4, 4, -8, 0, -2, -18, -12, -16
20,-10:-4, 4, -8, 0, -2, -18, -12, -14
20,-10:-4, 4, -8, 0, -2, -18, -12, -12
20,-10:-4, 4, -8, 0, -2, -18, -10, -18
20,-10:-4, 4, -8, 0, -2, -18, -10, -16
20,-10:-4, 4, -8, 0, -2, -18, -10, -14
20,-10:-4, 4, -8, 0, -2, -18, -4, -10
20,-10:-4, 4, -8, 0, -2, -6, -8, -10
12,-2:-4, 4, -8, 6, -2, 14, -14, -6
4,11:-4, 4, -8, 6, 4, 0, -18, 2
9,2:-4, 4, -4, -26, -20, -18, -8, -20
-1,-11:-4, 4, -4, -26, -20, -16, -10, -4
15,-16:-4, 4, -4, -26, -14, -24, -34, -30
14,-8:-4, 4, -4, -22, -14, -18, -24, -30
-1,-11:-4, 4, -4, -20, -12, -22, -10, -4
-1,-11:-4, 4, -4, -20, -12, -10, -14, -4
8,3:-4, 4, -4, -16, -32, -26, -12, -10
12,-5:-4, 4, -4, -16, -32, -20, -28, -26
12,-5:-4, 4, -4, -16, -32, -20, -28, -24
4,-12:-4, 4, -4, -16, -26, -14, -28, -12
4,-12:-4, 4, -4, -16, -26, -14, -12, -28
25,-9:-4, 4, -4, -16, -14, -34, -18, -24
25,-9:-4, 4, -4, -16, -14, -34, -18, -22
25,-9:-4, 4, -4, -16, -14, -34, -18, -20
17,-6:-4, 4, -4, -12, -16, -12, -12, -16
28,-16:-4, 4, -4, -12, -10, -44, -32, -30
28,-16:-4, 4, -4, -12, -10, -44, -32, -28
28,-16:-4, 4, -4, -12, -10, -44, -32, -26
5,1:-4, 4, -2, -14, -4, -14, -8, 2
5,1:-4, 4, -2, -14, -4, -14, 2, -8
0,3:-4, 4, -2, -14, 2, 6, 10, -12
0,3:-4, 4, -2, -14, 2, 6, 10, -6
-6,-14:-4, 4, -2, -12, -8, -28, -22, 4
-6,-14:-4, 4, -2, -12, -8, -28, 4, -22
-6,-14:-4, 4, -2, -12, -8, -28, 4, -20
-6,-14:-4, 4, -2, -12, -8, -18, 4, -24
-6,-14:-4, 4, -2, -12, -8, -18, 4, -22
-6,-14:-4, 4, -2, -12, -8, -18, 4, -20
7,-2:-4, 4, -2, -12, -6, 8, -20, -6
7,-2:-4, 4, -2, -12, -6, 8, -6, -20
7,-2:-4, 4, -2, -12, -6, 8, -6, -12
27,2:-4, 4, -2, -12, -6, 8, -4, -22
3,-4:-4, 4, -2, -12, 0, -10, -6, -8
-2,7:-4, 4, -2, -12, 2, 6, 8, -16
0,3:-4, 4, -2, -12, 2, 6, 10, -14
-1,-1:-4, 4, -2, -12, 6, -16, 10, -2
1,-4:-4, 4, -2, -12, 6, 6, 2, -8
11,-2:-4, 4, -2, -8, -12, -18, -2, 2
11,-2:-4, 4, -2, -8, -12, -18, -2, 4
11,-2:-4, 4, -2, -8, -12, -18, -2, 6
11,-2:-4, 4, -2, -8, -12, -18, 2, 2
1,13:-4, 4, -2, -8, 2, -16, 0, -6
5,1:-4, 4, -2, -8, 2, 6, 10, -16
-1,9:-4, 4, -2, -8, 2, 10, -10, -4
5,3:-4, 4, -2, -8, 6, 2, -12, -4
1,6:-4, 4, -2, 2, 4, 6, -2, -4
1,6:-4, 4, -2, 2, 4, 6, -2, 2
4,11:-4, 4, -2, 2, 4, 12, -2, 2
-1,4:-4, 4, -2, 2, 6, 14, -16, 6
8,-1:-4, 4, -2, 6, -2, -26, -14, 2
8,-1:-4, 4, -2, 6, -2, -26, 2, -14
8,-1:-4, 4, -2, 6, -2, -14, 2, -26
8,-1:-4, 4, -2, 6, -2, -14, 2, -24
8,-1:-4, 4, -2, 6, -2, -14, 2, -22
16,2:-4, 4, -2, 6, 2, -28, 0, 10
5,-9:-4, 4, -2, 6, 4, 10, -2, -4
4,-4:-4, 4, 4, -6, -4, -8, 4, 10
4,-4:-4, 4, 4, -6, -4, -8, 4, 20
4,-4:-4, 4, 4, -6, -4, -8, 8, 6
4,-4:-4, 4, 4, -6, -4, -8, 8, 8
4,-4:-4, 4, 4, -6, -4, -8, 8, 10
4,15:-4, 4, 4, 4, -4, 8, 4, 2
4,-4:-4, 4, 4, 4, 6, -4, -8, 4
4,-4:-4, 4, 4, 4, 6, -4, -8, 14
-1,-1:-4, 4, 4, 4, 6, 8, 20, 10
-1,-1:-4, 4, 4, 4, 6, 8, 20, 12
-1,-1:-4, 4, 4, 4, 6, 8, 20, 14
-1,-3:-4, 4, 4, 4, 10, -12, -14, -14
-1,-3:-4, 4, 4, 4, 10, -12, -14, -12
-1,-3:-4, 4, 4, 4, 10, -12, -14, -10
-1,-3:-4, 4, 4, 4, 10, -10, -12, -14
5,-7:-4, 4, 4, 4, 10, -10, -12, -4
6,10:-4, 4, 4, 6, -14, -14, 4, -12
6,10:-4, 4, 4, 6, -14, -14, 4, -10
6,10:-4, 4, 4, 6, -14, -14, 4, -8
16,9:-4, 4, 6, 2, -16, 0, 12, 0
16,9:-4, 4, 6, 2, -16, 2, 8, 10
16,9:-4, 4, 6, 2, -16, 2, 8, 12
16,9:-4, 4, 6, 2, -16, 2, 8, 14
16,9:-4, 4, 6, 2, -16, 8, 10, 8
16,9:-4, 4, 6, 2, -16, 8, 10, 10
16,9:-4, 4, 6, 2, -16, 8, 10, 12
16,9:-4, 4, 6, 2, -16, 8, 12, 2
16,9:-4, 4, 6, 2, -16, 8, 12, 4
16,9:-4, 4, 6, 2, -16, 8, 12, 6
1,-5:-4, 4, 6, 4, 6, -10, -4, -12
0,7:-4, 4, 6, 4, 6, 6, 10, -6
0,7:-4, 4, 6, 4, 6, 6, 10, -4
0,7:-4, 4, 6, 4, 6, 6, 10, -2
3,-11:6, -4, -4, -12, -8, 2, 0, -28
1,13:6, -4, -4, -12, -6, -14, 8, 2
1,13:6, -4, -4, -12, -6, -14, 8, 4
3,6:6, -4, -4, -6, -14, 2, 6, 10
14,-2:6, -4, -4, -6, -6, -16, -2, 8
8,-11:6, -4, -4, -6, 0, -2, -30, -16
8,-11:6, -4, -4, -6, 0, -2, -16, -30
8,-11:6, -4, -4, -6, 0, -2, -16, -22
28,-7:6, -4, -4, -6, 0, -2, -14, -32
2,10:6, -4, -4, -4, -8, -12, -16, -10
2,10:6, -4, -4, -4, -8, -12, -16, -4
16,4:6, -4, -4, -4, 2, 8, -12, -4
7,-1:6, -4, -4, -4, 4, -4, -8, 2
7,-1:6, -4, -4, -4, 4, -4, -8, 4
7,-1:6, -4, -4, -4, 4, -4, -8, 6
7,-1:6, -4, -4, -4, 6, -4, -8, 0
7,-1:6, -4, -4, -4, 6, -4, -8, 10
23,8:6, -4, -4, -4, 8, 10, 0, -4
2,7:6, -4, -4, 0, -12, -12, -4, 6
2,7:6, -4, -4, 0, -12, -12, 6, -4
2,7:6, -4, -4, 0, -12, -12, 6, -2
2,7:6, -4, -4, 0, -12, -4, 6, -12
2,7:6, -4, -4, 0, -12, 0, 6, -12
4,15:6, -4, -4, 0, -12, 0, 10, -2
2,7:6, -4, -4, 0, -8, -10, 6, -8
2,7:6, -4, -4, 0, -8, -4, -2, -12
2,7:6, -4, -4, 0, -8, 6, -8, -10
2,7:6, -4, -4, 0, -8, 6, -8, -6
-1,9:6, -4, -4, 0, -2, -4, -4, -10
-1,9:6, -4, -4, 0, -2, -4, -4, -8
-1,9:6, -4, -4, 0, -2, -4, -4, -6
4,15:6, -4, -4, 0, 0, 10, -2, -12
4,15:6, -4, -4, 0, 0, 10, -2, -10
4,15:6, -4, -4, 0, 0, 10, -2, -8
17,20:6, -4, -4, 0, 2, -6, -14, -10
17,20:6, -4, -4, 0, 2, -6, -14, -6
2,7:6, -4, -4, 0, 6, -6, -18, -4
15,13:6, -4, -4, 0, 6, -6, -18, 4
2,7:6, -4, -4, 0, 6, -6, -4, -18
21,5:6, -4, -4, 0, 6, -6, -4, 2
21,5:6, -4, -4, 0, 6, -6, -4, 4
15,13:6, -4, -4, 0, 6, -6, 4, -18
21,5:6, -4, -4, 0, 6, -6, 4, -4
2,7:6, -4, -4, 0, 8, -6, 6, -12
-5,7:6, -4, -4, 2, 6, 2, -2, 0
-4,-2:6, -4, -4, 2, 6, 10, 2, 14
-4,-2:6, -4, -4, 2, 6, 10, 2, 18
-4,-2:6, -4, -4, 2, 6, 10, 14, 2
12,3:6, -4, -4, 4, -10, -6, -2, 0
9,11:6, -4, -4, 4, -10, 0, -14, -20
12,3:6, -4, -4, 4, -10, 0, -6, -2
15,1:6, -4, -4, 4, -8, -14, -4, -4
15,1:6, -4, -4, 4, -8, -14, -4, -2
15,1:6, -4, -4, 4, -8, -14, 0, -4
10,2:6, -4, 6, -4, -4, -6, -4, -8
2,12:6, -4, 6, -4, -4, 0, -2, -10
2,12:6, -4, 6, -4, -4, 0, -2, -6
-1,-4:6, -4, 6, 6, -4, -4, -8, -16
-1,-4:6, -4, 6, 6, -4, -4, -8, -12
2,15:6, -4, 6, 6, -2, 10, 2, 6
2,15:6, -4, 6, 6, -2, 10, 6, 4
2,15:6, -4, 6, 6, -2, 10, 6, 6
0,7:6, -4, 6, 6, -2, 10, 6, 10
0,7:6, -4, 6, 6, -2, 10, 6, 12
0,7:6, -4, 6, 6, 6, -4, 6, -8
0,7:6, -4, 6, 6, 6, -4, 6, 2
0,7:6, -4, 6, 6, 6, -2, 6, -4
0,7:6, -4, 6, 6, 6, -2, 6, -2
0,7:6, -4, 6, 6, 6, -2, 6, 0
6,4:6, -4, 6, 6, 8, 8, 6, 10
-4,-7:6, 6, -4, -4, -8, -14, -14, -12
-4,-7:6, 6, -4, -4, -8, -14, -14, -10
-4,-7:6, 6, -4, -4, -8, -14, -14, -8
-4,-7:6, 6, -4, -4, -8, -10, -2, 0
-4,-7:6, 6, -4, -4, -8, -10, -2, 2
-4,-7:6, 6, -4, -4, -8, -10, -2, 4
-4,-7:6, 6, -4, -4, -8, -6, -12, -10
-4,-7:6, 6, -4, -4, -8, -6, -12, 0
-4,-7:6, 6, -4, -4, -8, -6, -8, -10
-4,-7:6, 6, -4, -4, -8, -6, -8, -8
-4,-7:6, 6, -4, -4, -8, -6, -8, -6
-4,-7:6, 6, -4, -4, -8, -6, -6, -14
-4,4:6, 6, -4, -4, 0, -4, -4, -2
-4,4:6, 6, -4, -4, 0, -4, -4, 0
-4,4:6, 6, -4, -4, 0, -4, -2, -2
8,2:6, 6, -4, -4, 0, 0, 6, 4
-9,10:6, 6, -4, -4, 0, 0, 12, 20
-4,4:6, 6, -4, -4, 0, 4, -8, 8
-4,4:6, 6, -4, -4, 0, 4, 8, -8
-13,11:6, 6, -4, -4, 2, -12, 16, 28
-13,11:6, 6, -4, -4, 2, -12, 16, 30
-13,11:6, 6, -4, -4, 2, -12, 16, 32
8,11:6, 6, -4, -4, 10, -8, -10, -4
5,2:6, 6, -4, -4, 16, 4, 10, 16
3,7:6, 6, -4, 0, 10, 6, 8, 4
-5,17:6, 6, -4, 0, 10, 12, 10, 2
-5,17:6, 6, -4, 0, 10, 12, 10, 6
2,1:6, 6, -4, 0, 16, -8, 2, -12
2,1:6, 6, -4, 0, 16, -8, 2, -10
2,1:6, 6, -4, 0, 16, -8, 2, -8
2,1:6, 6, -4, 0, 16, 2, -14, -20
2,1:6, 6, -4, 0, 16, 2, -14, -18
22,5:6, 6, -4, 0, 16, 2, -14, -4
22,5:6, 6, -4, 0, 16, 2, -14, -2
-1,12:6, 6, -2, -4, -4, 10, 6, 4
-1,12:6, 6, -2, -4, 10, -2, 6, -4
-1,12:6, 6, -2, -4, 10, -2, 6, -2
-1,12:6, 6, -2, -4, 10, -2, 6, 0
-1,12:6, 6, -2, -4, 10, 2, 6, -10
-1,12:6, 6, -2, -4, 10, 2, 6, 0
5,-1:6, 6, -2, -4, 10, 6, 6, 12
17,1:6, 6, -2, -4, 12, 8, -10, -18
17,1:6, 6, -2, -4, 12, 8, -10, -16
17,1:6, 6, -2, -4, 12, 8, -10, -14
5,-1:6, 6, -2, -4, 16, 6, 8, 10
5,-1:6, 6, -2, -4, 16, 6, 8, 12
5,-1:6, 6, -2, -4, 16, 6, 14, 20
5,-1:6, 6, -2, -4, 16, 6, 16, 8
5,-1:6, 6, -2, -4, 16, 6, 16, 14
5,-1:6, 6, -2, -4, 16, 6, 18, 16
-4,-7:6, 6, -2, -2, -4, -8, -16, 0
-4,-7:6, 6, -2, -2, -4, -8, -16, 2
-4,-7:6, 6, -2, -2, -4, -8, -16, 4
-4,-7:6, 6, -2, -2, -4, -8, -10, -2
11,6:6, 6, -2, -2, -4, 16, 16, 10
11,6:6, 6, -2, -2, -4, 16, 16, 12
11,6:6, 6, -2, -2, -4, 16, 16, 14
-6,5:6, 6, -2, -2, -2, -8, 12, 6
-3,4:6, 6, -2, -2, -2, -4, 6, -12
-3,4:6, 6, -2, -2, -2, -4, 6, -2
-3,4:6, 6, -2, -2, 8, -8, 6, -8
-3,4:6, 6, -2, -2, 8, -8, 6, -6
-3,4:6, 6, -2, -2, 8, -8, 6, -4
-3,4:6, 6, -2, -2, 8, -2, 6, -18
-3,4:6, 6, -2, -2, 8, -2, 6, -8
12,2:6, 6, -2, 4, 0, -10, -4, 18
1,1:6, 6, -2, 4, 0, -4, -2, 18
-1,11:6, 6, -2, 4, 16, 6, 2, 0
-1,11:6, 6, -2, 4, 16, 6, 2, 2
-1,11:6, 6, -2, 4, 16, 6, 2, 4
-15,28:6, 6, -2, 6, 14, 12, 34, 28
-15,28:6, 6, -2, 6, 14, 12, 34, 30
-15,28:6, 6, -2, 6, 14, 12, 34, 32
-8,25:6, 6, -2, 6, 18, 16, 20, 22
-8,25:6, 6, -2, 6, 18, 16, 20, 24
-8,25:6, 6, -2, 6, 18, 16, 20, 26
-16,10:6, 6, -2, 6, 18, 32, 22, 18
-16,10:6, 6, -2, 6, 18, 32, 22, 28
-1,12:6, 6, -2, 10, 6, 2, 2, 6
-3,4:6, 6, -2, 10, 6, 8, 8, 10
-3,4:6, 6, -2, 10, 6, 8, 8, 12
-3,4:6, 6, -2, 10, 6, 8, 8, 14
-3,4:6, 6, -2, 10, 6, 14, 6, 8
-3,4:6, 6, -2, 10, 6, 14, 6, 10
-3,4:6, 6, -2, 10, 6, 14, 6, 12
-3,4:6, 6, -2, 10, 6, 16, 20, 22
-3,4:6, 6, -2, 10, 6, 16, 20, 24
-3,4:6, 6, -2, 10, 6, 16, 22, 16
-3,4:6, 6, -2, 10, 6, 18, 8, 2
-3,4:6, 6, -2, 10, 6, 18, 14, 14
-3,4:6, 6, -2, 10, 6, 18, 14, 16
-3,4:6, 6, -2, 10, 6, 18, 18, 14
-3,4:6, 6, -2, 10, 6, 18, 18, 16
-3,4:6, 6, -2, 10, 6, 18, 18, 18
-3,11:6, 6, -2, 10, 18, 8, -10, 0
-3,11:6, 6, -2, 10, 18, 8, -10, 2
-3,11:6, 6, -2, 10, 18, 8, -4, -6
-3,11:6, 6, -2, 10, 18, 8, 0, -10
-3,11:6, 6, -2, 10, 18, 8, 0, -4
-3,11:6, 6, -2, 10, 18, 8, 0, 0
-8,7:6, 6, -2, 10, 18, 12, 12, 12
-8,4:6, 6, -2, 10, 18, 12, 12, 20
-8,4:6, 6, -2, 10, 18, 12, 20, 12
-8,4:6, 6, -2, 10, 18, 12, 20, 14
-8,4:6, 6, -2, 10, 18, 12, 20, 16
3,11:6, 6, -2, 12, 2, 8, 4, 8
3,9:6, 6, -2, 12, 2, 8, 10, 12
3,9:6, 6, -2, 12, 2, 8, 10, 14
3,9:6, 6, -2, 12, 2, 8, 16, 12
-3,20:6, 6, -2, 12, 2, 16, 2, 14
-3,20:6, 6, -2, 12, 2, 16, 14, 2
5,14:6, 6, -2, 12, 8, 0, 4, 6
2,9:6, 6, -2, 14, 8, 10, -2, -6
12,2:6, 6, -2, 16, 0, -10, -4, -6
6,2:6, 6, -2, 16, 0, -4, -8, -4
6,3:6, 6, -2, 16, 0, -4, -2, -6
6,0:6, 6, -2, 16, 0, -4, -2, 2
6,0:6, 6, -2, 16, 0, -2, -8, 2
6,0:6, 6, -2, 16, 0, -2, 2, -4
-17,8:6, 6, 2, -8, -6, -6, 2, 10
-17,8:6, 6, 2, -8, -6, -6, 2, 12
-17,8:6, 6, 2, -8, -6, -6, 2, 14
-17,8:6, 6, 2, -8, -6, -6, 10, 2
-2,6:6, 6, 2, -8, -4, 10, 18, 28
8,-9:6, 6, 2, -6, -6, -10, 4, 4
7,1:6, 6, 2, -6, -4, 8, 14, -6
2,11:6, 6, 2, -6, 4, -18, 18, -4
2,11:6, 6, 2, -6, 4, -18, 18, 0
2,11:6, 6, 2, -6, 4, -16, 16, 18
2,11:6, 6, 2, -6, 4, -16, 16, 20
2,11:6, 6, 2, -6, 4, -16, 16, 22
2,11:6, 6, 2, -6, 4, -4, 18, -18
2,11:6, 6, 2, -6, 4, -4, 18, -8
6,-4:6, 6, 2, -6, 6, 10, 6, -10
6,-4:6, 6, 2, -6, 6, 10, 6, -8
9,4:6, 6, 2, -6, 10, -8, 2, 8
9,4:6, 6, 2, -6, 10, -8, 2, 12
9,4:6, 6, 2, -6, 10, -8, 12, 2
7,-2:6, 6, 2, -6, 12, 14, -2, -8
8,12:6, 6, 2, -4, -8, -4, -2, -8
7,1:6, 6, 2, -4, -6, 0, 2, 6
7,1:6, 6, 2, -4, -6, 0, 2, 14
12,5:6, 6, 2, -4, -6, 0, 6, -4
7,1:6, 6, 2, -4, -6, 0, 6, 8
7,1:6, 6, 2, -4, -6, 0, 6, 12
7,1:6, 6, 2, -4, -6, 2, 12, 14
7,1:6, 6, 2, -4, -6, 8, 6, 20
7,1:6, 6, 2, -4, -6, 8, 20, 6
7,1:6, 6, 2, -4, -6, 10, 12, 0
7,1:6, 6, 2, -4, -6, 10, 12, 10
7,1:6, 6, 2, -4, -6, 12, 14, 4
7,1:6, 6, 2, -4, -6, 12, 14, 6
-3,16:6, 6, 2, -4, -2, 8, -4, 8
7,1:6, 6, 2, -4, -2, 12, 12, -6
7,1:6, 6, 2, -4, -2, 12, 14, -6
1,5:6, 6, 2, -4, 0, 2, 0, 12
1,5:6, 6, 2, -4, 0, 2, 12, 0
-1,14:6, 6, 2, -4, 8, 8, 8, -2
4,9:6, 6, 2, -4, 10, 6, -2, 12
4,9:6, 6, 2, -4, 10, 6, 12, -2
-4,11:6, 6, 2, -2, 18, 2, -16, -2
-4,11:6, 6, 2, -2, 18, 2, -8, 10
-4,11:6, 6, 2, -2, 18, 2, -8, 14
-4,11:6, 6, 2, -2, 18, 2, -2, -16
-4,11:6, 6, 2, -2, 18, 2, -2, -12
-4,11:6, 6, 2, -2, 18, 2, 10, -8
-4,11:6, 6, 2, -2, 18, 2, 12, -8
20,16:6, 6, 2, 0, 8, 6, 8, -4
15,3:6, 6, 2, 2, -8, -12, -6, 10
15,3:6, 6, 2, 2, -8, -12, -6, 12
15,3:6, 6, 2, 2, -8, -12, -6, 14
15,3:6, 6, 2, 2, -8, -12, 10, -6
15,3:6, 6, 2, 2, -8, -12, 10, 4
15,3:6, 6, 2, 2, -8, 4, 10, -12
-4,4:6, 6, 2, 2, 12, 12, -8, -10
5,-2:6, 6, 2, 4, -2, -6, -4, 10
5,-2:6, 6, 2, 4, -2, -6, 10, 8
5,-2:6, 6, 2, 4, -2, -6, 10, 10
5,-2:6, 6, 2, 4, -2, -6, 10, 12
5,-2:6, 6, 2, 4, -2, -4, 0, 8
5,-2:6, 6, 2, 4, -2, -4, 0, 12
5,-2:6, 6, 2, 4, -2, -4, 8, 0
5,-2:6, 6, 2, 4, -2, -4, 10, -6
-1,1:6, 6, 2, 4, -2, 0, 6, 8
-1,1:6, 6, 2, 4, -2, 0, 6, 12
-2,14:6, 6, 2, 6, -8, -8, 10, 10
-1,-2:6, 6, 2, 6, -8, -4, -8, 6
-1,-2:6, 6, 2, 6, -8, -4, 6, -8
-1,-2:6, 6, 2, 6, -8, -4, 6, -6
-1,-2:6, 6, 2, 6, -8, -4, 6, -4
-7,6:6, 6, 2, 6, 10, 16, 16, 20
12,5:6, 6, 2, 10, 4, 2, -6, -4
5,1:6, 6, 2, 10, 4, 10, -2, 12
5,1:6, 6, 2, 10, 4, 10, 12, -2
-8,15:6, 6, 2, 10, 4, 16, 10, 12
-8,15:6, 6, 2, 10, 4, 16, 10, 16
3,9:6, 6, 2, 10, 6, -8, -4, 12
3,9:6, 6, 2, 10, 6, -8, 12, -4
3,9:6, 6, 2, 10, 6, -8, 12, -2
6,0:6, 6, 2, 10, 6, -4, 4, 2
7,1:6, 6, 2, 10, 6, 4, -6, 14
0,11:6, 6, 2, 10, 6, 14, 14, 10
7,5:6, 6, 2, 10, 12, 2, -12, -2
-1,17:6, 6, 2, 12, 8, 8, 16, 8
2,14:6, 6, 6, -8, -6, 4, 2, -4
2,14:6, 6, 6, -8, -6, 4, 2, -2
2,14:6, 6, 6, -8, -6, 4, 2, 0
-3,4:6, 6, 6, -8, -4, 4, 6, -2
-3,4:6, 6, 6, -8, -4, 4, 6, 0
-3,4:6, 6, 6, -8, -4, 4, 6, 2
-3,4:6, 6, 6, -8, 4, 0, 6, -6
-3,4:6, 6, 6, -8, 4, 0, 6, -4
-3,4:6, 6, 6, -8, 4, 0, 6, -2
-2,3:6, 6, 6, -6, -10, -6, 4, -2
8,22:6, 6, 6, -6, -8, 2, 6, 14
13,5:6, 6, 6, -6, -4, -8, 2, 6
13,5:6, 6, 6, -6, -4, -8, 2, 16
-3,4:6, 6, 6, -6, -4, -8, 6, -10
13,5:6, 6, 6, -6, -4, -8, 6, 4
13,5:6, 6, 6, -6, -4, -8, 6, 6
13,5:6, 6, 6, -6, -4, -8, 16, 2
13,5:6, 6, 6, -6, -4, -8, 16, 6
-12,22:6, 6, 6, -6, -4, -4, 8, 10
-3,4:6, 6, 6, -6, -2, 4, 6, -4
-3,4:6, 6, 6, -6, -2, 4, 6, -2
-3,4:6, 6, 6, -6, 0, -4, 6, -8
-3,4:6, 6, 6, -6, 0, -4, 6, 2
-3,4:6, 6, 6, -6, 4, 4, 6, -4
-3,4:6, 6, 6, -6, 4, 4, 6, -2
-3,4:6, 6, 6, -6, 4, 4, 6, 0
-3,4:6, 6, 6, -4, 6, -10, -6, 10
-3,4:6, 6, 6, -4, 6, -10, -6, 18
-3,4:6, 6, 6, -4, 6, -10, 10, -6
-3,4:6, 6, 6, -4, 6, -10, 10, 2
-3,4:6, 6, 6, -4, 6, -4, 0, -8
3,1:6, 6, 6, -4, 8, 6, 10, -8
3,1:6, 6, 6, -4, 8, 6, 10, 2
-3,4:6, 6, 6, -2, 4, -6, 6, -4
-3,4:6, 6, 6, -2, 4, -6, 6, -2
-3,4:6, 6, 6, -2, 4, -6, 6, 0
3,1:6, 6, 6, -2, 8, 6, 10, -4
3,1:6, 6, 6, -2, 8, 6, 10, -2
3,1:6, 6, 6, -2, 8, 6, 10, 0
-3,4:6, 6, 6, 0, -10, 4, 6, -12
-12,22:6, 6, 6, 4, 8, 10, 2, 2
-12,22:6, 6, 6, 4, 8, 10, 2, 12
-12,22:6, 6, 6, 4, 8, 10, 4, 2
-12,22:6, 6, 6, 4, 8, 10, 4, 8
-12,22:6, 6, 6, 4, 8, 10, 4, 12
-12,22:6, 6, 6, 4, 8, 10, 8, 12
-12,22:6, 6, 6, 4, 8, 10, 8, 14
-1,14:6, 6, 6, 4, 8, 10, 8, 32
-12,22:6, 6, 6, 4, 8, 10, 12, 8
-12,22:6, 6, 6, 4, 8, 10, 12, 10
-12,22:6, 6, 6, 4, 8, 10, 20, 14
-1,14:6, 6, 6, 4, 8, 10, 32, 8
-12,22:6, 6, 6, 8, 0, 10, -4, 18
-12,22:6, 6, 6, 8, 0, 10, -4, 22
-12,22:6, 6, 6, 8, 0, 10, 18, -4
13,9:6, 6, 6, 10, 12, 22, 8, -14
13,9:6, 6, 6, 10, 12, 22, 8, -12
17,6:6, 6, 6, 10, 12, 22, 8, -6
-1,17:6, 6, 6, 10, 14, -12, 4, -10
-1,17:6, 6, 6, 10, 14, -12, 4, -8
-1,17:6, 6, 6, 10, 14, -12, 4, -6
6,13:6, 6, 6, 10, 14, -12, 16, -10
6,13:6, 6, 6, 10, 14, -12, 16, -8
6,13:6, 6, 6, 10, 14, -12, 16, -6
-1,17:6, 6, 6, 10, 14, -8, 2, 4
-1,17:6, 6, 6, 10, 14, -8, 2, 6
-1,17:6, 6, 6, 10, 14, -8, 2, 12
14,16:6, 6, 6, 10, 14, -8, 2, 18
-1,17:6, 6, 6, 10, 14, -8, 8, 4
-1,17:6, 6, 6, 10, 14, -8, 8, 6
-1,17:6, 6, 6, 10, 14, -8, 8, 8
-1,17:6, 6, 6, 10, 14, -8, 10, 12
6,13:6, 6, 6, 10, 14, -8, 14, 12
-1,17:6, 6, 6, 10, 14, 2, -4, 6
14,16:6, 6, 6, 10, 14, 2, 18, -8
14,16:6, 6, 6, 10, 14, 2, 18, -6
-1,17:6, 6, 6, 10, 14, 8, 0, -2
-1,17:6, 6, 6, 10, 14, 8, 2, -8
-1,17:6, 6, 6, 10, 14, 12, 2, -4
-2,9:6, 6, 8, -4, -8, -8, 6, 14
-2,9:6, 6, 8, -4, -8, 6, 14, -8
-2,9:6, 6, 8, -4, -8, 6, 14, -6
-2,9:6, 6, 8, -4, -8, 6, 14, -4
15,-3:6, 6, 8, -4, 2, 10, 18, -6
-1,14:6, 6, 8, -4, 10, -2, 14, 14
-1,14:6, 6, 8, -4, 10, 14, 14, -2
-7,27:6, 6, 8, 2, 4, 8, 34, 34
-11,7:6, 6, 8, 2, 4, 18, 18, 24
-11,7:6, 6, 8, 2, 4, 18, 18, 32
-11,7:6, 6, 8, 2, 4, 18, 24, 18
-5,14:6, 6, 8, 2, 10, 4, 16, 6
-12,9:6, 6, 8, 2, 10, 8, 4, 2
-6,5:6, 6, 8, 6, 8, 10, 12, 10
-5,6:6, 6, 8, 6, 10, 16, 14, 18
-2,3:6, 6, 8, 6, 12, 2, 6, 4
-5,10:6, 6, 8, 8, 0, -4, 2, 10
0,11:6, 6, 8, 8, 0, -2, 10, 6
-2,-1:6, 6, 8, 8, 0, 0, 6, 12
-2,-1:6, 6, 8, 8, 0, 0, 6, 14
-2,-1:6, 6, 8, 8, 0, 0, 6, 16
-5,10:6, 6, 8, 8, 0, 2, 10, -4
-5,10:6, 6, 8, 8, 0, 2, 10, -2
-1,-2:6, 6, 8, 8, 0, 2, 10, 12
-1,-2:6, 6, 8, 8, 0, 2, 10, 14
-1,-2:6, 6, 8, 8, 0, 2, 14, 6
-1,-2:6, 6, 8, 8, 0, 6, 14, 6
-1,-2:6, 6, 8, 8, 0, 6, 14, 10
-3,1:6, 6, 8, 8, 0, 12, 14, 22
-2,7:6, 6, 8, 8, 0, 14, 8, -2
-3,7:6, 6, 8, 8, 0, 14, 10, 4
-1,-2:6, 6, 8, 8, 2, 6, 12, 12
-1,-2:6, 6, 8, 8, 2, 6, 16, 8
-1,-2:6, 6, 8, 8, 2, 6, 16, 10
-1,-2:6, 6, 8, 8, 2, 6, 16, 12
-5,10:6, 6, 8, 8, 2, 10, -4, 6
-5,10:6, 6, 8, 8, 2, 10, 6, -4
-5,10:6, 6, 8, 8, 2, 10, 6, 0
3,9:6, 6, 8, 8, 16, 16, 16, 14
-3,10:6, 6, 8, 10, 8, -2, 12, 0
-3,10:6, 6, 8, 10, 8, -2, 12, 2
-3,10:6, 6, 8, 10, 8, -2, 12, 4
-3,10:6, 6, 8, 10, 8, 2, 8, 14
-3,10:6, 6, 8, 10, 8, 2, 14, 8
-3,10:6, 6, 8, 10, 8, 2, 14, 10
-3,10:6, 6, 8, 10, 8, 2, 14, 12
-3,10:6, 6, 8, 10, 8, 12, 8, 0
-3,10:6, 6, 8, 10, 8, 14, 8, 12
-3,10:6, 6, 8, 10, 8, 14, 8, 16
-3,10:6, 6, 8, 10, 8, 14, 10, 2
-3,10:6, 6, 8, 10, 8, 14, 10, 4
-3,10:6, 6, 8, 10, 8, 14, 10, 6
-8,19:6, 6, 14, 2, 4, 8, 12, 16
5,18:6, 6, 14, 2, 4, 12, 2, 0
4,18:6, 6, 14, 2, 4, 14, 8, 0
3,12:6, 6, 14, 2, 4, 16, 8, 12
3,12:6, 6, 14, 2, 4, 16, 8, 14
9,2:6, 6, 14, 6, -4, -14, -10, 10
9,2:6, 6, 14, 6, -4, -14, 10, -10
0,11:6, 6, 14, 8, 4, 6, 10, 2
0,11:6, 6, 14, 8, 4, 6, 10, 4
-7,1:6, 6, 14, 8, 4, 14, 2, 4
-7,1:6, 6, 14, 8, 4, 14, 2, 14
5,28:6, 6, 14, 10, 16, 2, 16, 6
-2,6:6, 6, 14, 10, 16, 22, 2, 12
10,10:6, 6, 16, -16, 4, 2, 4, 0
2,20:6, 6, 16, -16, 4, 8, 6, -2
2,20:6, 6, 16, -16, 4, 8, 6, 2
3,18:6, 6, 16, -16, 14, 14, 16, 14
5,-2:6, 6, 16, -8, -8, -6, -8, 6
5,-2:6, 6, 16, -8, -8, -6, -8, 8
5,-2:6, 6, 16, -8, -8, -6, -8, 10
5,-2:6, 6, 16, -8, -8, -6, 6, -8
