16,-2:-4, -4, -8, 8, -8
6,14:-4, 4, 4, -6, 2
5,-4:-4, -6, 6, 10, 0, 6
5,-4:-4, -6, 6, 10, 0, 8
5,-4:-4, -6, 6, 10, 0, 10
5,-4:-4, -6, 6, 10, 6, 0
5,-4:-4, -6, 6, 10, 6, 2
13,2:-4, -4, -8, -10, -20, -8
13,2:-4, -4, -8, -10, -8, -20
16,-2:-4, -4, -8, -2, 8, -8
6,14:-4, 4, 4, -6, -14, -4
6,14:-4, 4, 4, -6, -14, 0
6,14:-4, 4, 4, -6, -4, -4
6,14:-4, 4, 4, -6, -4, -2
6,14:-4, 4, 4, -6, 0, -14
6,14:-4, 4, 4, -6, 0, -4
15,8:6, 6, -2, -2, 8, 0
-1,18:6, 6, 6, -6, 10, 10
5,-4:-4, -6, 6, 10, 0, 2, 4
5,-4:-4, -6, 6, 10, 0, 2, 6
5,-4:-4, -6, 6, 10, 0, 2, 8
5,-4:-4, -6, 6, 10, 6, 6, 0
5,-4:-4, -6, 6, 10, 6, 6, 2
5,-4:-4, -6, 6, 10, 6, 6, 4
5,-4:-4, -6, 6, 10, 12, 22, 12
5,-4:-4, -6, 6, 10, 12, 22, 14
5,-4:-4, -6, 6, 10, 12, 22, 16
10,-1:-4, 0, -12, -6, 8, 12, 0
6,14:-4, 4, 4, -6, -14, -2, 2
6,14:-4, 4, 4, -6, -14, 2, 2
6,14:-4, 4, 4, -6, -6, -14, -4
6,14:-4, 4, 4, -6, -4, -10, -4
6,14:-4, 4, 4, -6, -4, -8, -10
6,14:-4, 4, 4, -6, -4, -6, -6
6,14:-4, 4, 4, -6, -4, -6, -4
6,14:-4, 4, 4, -6, -4, -6, -2
6,14:-4, 4, 4, -6, -4, 0, -10
6,14:-4, 4, 4, -6, -4, 0, -4
6,14:-4, 4, 4, -6, -4, 0, -2
6,14:-4, 4, 4, 6, 6, -6, -2
19,1:6, -4, -4, -4, -8, 8, -8
9,17:6, -4, -4, 4, 4, -6, 2
15,8:6, 6, -2, -2, 8, 2, 6
15,8:6, 6, -2, -2, 8, 2, 16
15,8:6, 6, -2, -2, 8, 6, 4
15,8:6, 6, -2, -2, 8, 6, 6
15,8:6, 6, -2, -2, 8, 16, 2
15,8:6, 6, -2, -2, 8, 16, 6
-1,18:6, 6, 6, -6, 4, 10, 10
3,15:6, 6, 6, 10, 12, 10, 22
3,15:6, 6, 6, 10, 12, 22, 10
-3,7:6, 6, 8, -4, -8, -8, 0
-3,7:6, 6, 8, -4, -8, -8, 2
-3,7:6, 6, 8, -4, -8, 2, -8
-3,7:6, 6, 8, -4, -8, 2, -6
-3,7:6, 6, 8, -4, -8, 2, -4
6,13:-4, -14, -8, 20, 12, 12, 22, 14
-10,23:-4, -14, -8, 20, 20, 8, 24, 24
26,11:-4, -14, 14, -2, -10, -10, 0, -8
10,21:-4, -14, 14, -2, -2, -14, 2, 2
6,-2:-4, -12, -14, 0, -4, -4, -8, -6
4,5:-4, -12, -6, -14, 8, -2, 6, 14
-2,8:-4, -6, -6, -4, 2, 0, -10, 6
18,-6:-4, -6, 0, -8, -10, -14, 2, -14
8,10:-4, -6, 0, -8, -2, -2, -12, -4
-3,4:-4, -6, 6, -8, -12, -24, -20, -4
-3,4:-4, -6, 6, -8, -12, -24, -16, -4
-3,4:-4, -6, 6, -8, -12, -16, -4, -24
-3,4:-4, -6, 6, -8, -12, -16, -4, -22
-3,4:-4, -6, 6, -8, -12, -16, -4, -20
-3,4:-4, -6, 6, -8, -12, -4, -24, -12
-3,4:-4, -6, 6, -8, -12, -4, -12, -24
-3,4:-4, -6, 6, -8, -12, -4, -8, -20
-3,4:-4, -6, 6, -8, -12, -4, -8, -18
-3,4:-4, -6, 6, -8, -12, -4, -2, -16
5,-4:-4, -6, 6, 10, 0, 2, 12, 6
5,-4:-4, -6, 6, 10, 0, 2, 12, 8
5,-4:-4, -6, 6, 10, 0, 2, 12, 10
5,-4:-4, -6, 6, 10, 0, 12, 14, 6
-9,10:-4, -6, 6, 10, 12, 14, 4, 6
16,-2:-4, -4, -8, 2, -6, 8, 4, -8
0,2:-4, -4, -6, -2, 8, 2, 8, -2
6,-7:-4, -4, -4, 10, 10, 4, 0, 14
6,-7:-4, -4, -4, 10, 10, 4, 0, 18
6,-7:-4, -4, -4, 10, 10, 4, 14, 0
6,-7:-4, -4, -4, 10, 10, 4, 14, 2
6,-7:-4, -4, -4, 10, 10, 10, 14, 4
6,-7:-4, -4, -4, 10, 10, 10, 14, 6
6,-7:-4, -4, -4, 10, 10, 10, 14, 8
6,-7:-4, -4, -4, 10, 10, 10, 16, 8
-2,5:-4, 0, -12, -12, -6, 6, 10, 0
-3,5:-4, 0, -12, -4, 10, 8, -2, 6
-3,5:-4, 0, -12, -4, 10, 8, -2, 8
-3,5:-4, 0, -12, -4, 10, 8, 6, -2
0,-12:-4, 0, -12, 0, 8, 2, -4, 0
2,-5:-4, 0, -4, 8, -6, -14, -14, 4
-3,5:-4, 0, -4, 10, 8, -2, 6, -12
-3,5:-4, 0, -4, 10, 8, -2, 6, -10
-3,5:-4, 0, -4, 10, 8, -2, 6, -8
-4,4:-4, 0, -2, -4, -14, -22, -16, -2
3,13:-4, 0, 2, 6, 8, -4, -8, -10
3,13:-4, 0, 2, 6, 8, -4, -8, -6
23,4:-4, 2, 0, -8, -14, -14, -4, -8
23,4:-4, 2, 2, -8, -14, -14, -4, -12
7,14:-4, 2, 2, -8, -6, -18, -2, -2
6,14:-4, 4, 4, -6, -14, -2, -2, 0
6,14:-4, 4, 4, -6, -14, -2, -2, 2
6,14:-4, 4, 4, -6, -6, -16, -4, -10
6,14:-4, 4, 4, -6, -6, -16, -4, -8
6,14:-4, 4, 4, -6, -6, -16, -4, -6
6,14:-4, 4, 4, -6, -4, -10, -10, -10
6,14:-4, 4, 4, -6, -4, -10, -10, -8
6,14:-4, 4, 4, -6, -4, -10, -10, -6
6,14:-4, 4, 4, -6, -4, -10, -6, -8
6,14:-4, 4, 4, -6, -4, -10, -6, -6
6,14:-4, 4, 4, -6, -4, -10, -6, 0
6,14:-4, 4, 4, -6, -4, -10, 0, -2
6,14:-4, 4, 4, -6, -4, -8, -14, -8
6,14:-4, 4, 4, -6, -4, -8, -12, -16
6,14:-4, 4, 4, -6, -4, -8, -12, -14
6,14:-4, 4, 4, -6, -4, -6, 2, -4
6,14:-4, 4, 4, -6, -4, -6, 2, -2
6,14:-4, 4, 4, -6, -4, -6, 2, 0
6,14:-4, 4, 4, -6, -4, 0, 0, -6
6,14:-4, 4, 4, -6, -4, 0, 0, -4
6,14:-4, 4, 4, -6, -4, 0, 0, -2
6,14:-4, 4, 4, 6, -6, -14, 0, 2
6,14:-4, 4, 4, 6, -6, -2, -14, 16
6,14:-4, 4, 4, 6, -6, -2, -14, 18
6,14:-4, 4, 4, 6, -6, -2, 16, -14
6,14:-4, 4, 4, 6, -6, -2, 16, -6
6,14:-4, 4, 4, 6, 6, -6, -14, -2
8,-1:6, -4, -4, -6, 6, 10, 0, 6
8,-1:6, -4, -4, -6, 6, 10, 0, 8
8,-1:6, -4, -4, -6, 6, 10, 0, 10
8,-1:6, -4, -4, -6, 6, 10, 6, 0
8,-1:6, -4, -4, -6, 6, 10, 6, 2
16,5:6, -4, -4, -4, -8, -10, -20, -8
16,5:6, -4, -4, -4, -8, -10, -8, -20
19,1:6, -4, -4, -4, -8, -2, 8, -8
9,17:6, -4, -4, 4, 4, -6, -14, -4
9,17:6, -4, -4, 4, 4, -6, -14, 0
9,17:6, -4, -4, 4, 4, -6, -4, -4
9,17:6, -4, -4, 4, 4, -6, -4, -2
9,17:6, -4, -4, 4, 4, -6, 0, -14
9,17:6, -4, -4, 4, 4, -6, 0, -4
18,11:6, -4, 6, 6, -2, -2, 8, 0
2,21:6, -4, 6, 6, 6, -6, 10, 10
15,8:6, 6, -2, -4, -4, -2, 8, 4
15,8:6, 6, -2, -2, 8, 6, 2, 4
15,8:6, 6, -2, -2, 8, 6, 2, 6
15,8:6, 6, -2, -2, 8, 6, 2, 12
15,8:6, 6, -2, -2, 8, 6, 8, 4
15,8:6, 6, -2, -2, 8, 6, 8, 6
15,8:6, 6, -2, -2, 8, 6, 8, 8
15,8:6, 6, -2, -2, 8, 6, 10, 12
15,8:6, 6, -2, -2, 8, 6, 12, 6
15,8:6, 6, -2, -2, 8, 8, 16, 6
15,8:6, 6, -2, -2, 8, 16, 0, 0
15,8:6, 6, -2, -2, 8, 16, 4, 0
0,12:6, 6, 2, -6, 12, 8, -10, 2
-3,7:6, 6, 8, -4, -8, -10, -20, -14
-3,7:6, 6, 8, -4, -8, -10, -20, -12
-3,7:6, 6, 8, -4, -8, -10, -20, -10
-3,7:6, 6, 8, -4, -8, -8, -4, -2
-3,7:6, 6, 8, -4, -8, -8, -4, 0
-3,7:6, 6, 8, -4, -8, -8, -4, 2
-3,7:6, 6, 8, -4, -8, 0, 2, -6
-3,7:6, 6, 8, -4, -8, 0, 2, -4
-3,7:6, 6, 8, -4, -8, 0, 2, -2
30,4:-4, -14, -12, 14, -12, -12, -16, 0, -16
20,20:-4, -14, -12, 14, -12, -4, -4, -14, -6
10,6:-4, -14, -8, 10, 10, 10, 6, 22, 6
0,22:-4, -14, -8, 10, 10, 18, 18, 8, 16
6,13:-4, -14, -8, 20, 12, 12, 22, 16, 20
6,13:-4, -14, -8, 20, 12, 12, 22, 16, 30
6,13:-4, -14, -8, 20, 12, 12, 22, 20, 18
6,13:-4, -14, -8, 20, 12, 12, 22, 20, 20
6,13:-4, -14, -8, 20, 12, 12, 22, 30, 16
6,13:-4, -14, -8, 20, 12, 12, 22, 30, 20
-10,23:-4, -14, -8, 20, 20, 8, 18, 24, 24
-6,20:-4, -14, -8, 20, 20, 24, 26, 24, 36
-6,20:-4, -14, -8, 20, 20, 24, 26, 36, 24
-12,12:-4, -14, -8, 20, 22, 10, 6, 6, 14
-12,12:-4, -14, -8, 20, 22, 10, 6, 6, 16
-12,12:-4, -14, -8, 20, 22, 10, 6, 16, 6
-12,12:-4, -14, -8, 20, 22, 10, 6, 16, 8
-12,12:-4, -14, -8, 20, 22, 10, 6, 16, 10
0,22:-4, -14, 10, 10, 18, 18, 8, 16, -8
0,22:-4, -14, 10, 10, 18, 18, 8, 16, -6
0,22:-4, -14, 10, 10, 18, 18, 8, 16, -4
26,11:-4, -14, 14, -2, -10, -10, 0, -6, -2
26,11:-4, -14, 14, -2, -10, -10, 0, -6, 8
26,11:-4, -14, 14, -2, -10, -10, 0, -2, -4
26,11:-4, -14, 14, -2, -10, -10, 0, -2, -2
26,11:-4, -14, 14, -2, -10, -10, 0, 8, -6
26,11:-4, -14, 14, -2, -10, -10, 0, 8, -2
10,21:-4, -14, 14, -2, -2, -14, -4, 2, 2
14,18:-4, -14, 14, -2, -2, 2, 4, 2, 14
14,18:-4, -14, 14, -2, -2, 2, 4, 14, 2
8,10:-4, -14, 14, -2, 0, -12, -16, -16, -8
8,10:-4, -14, 14, -2, 0, -12, -16, -16, -6
8,10:-4, -14, 14, -2, 0, -12, -16, -6, -16
8,10:-4, -14, 14, -2, 0, -12, -16, -6, -14
8,10:-4, -14, 14, -2, 0, -12, -16, -6, -12
6,3:-4, -12, -14, -4, 2, 2, 2, 10, 0
2,8:-4, -12, -14, -4, 6, 8, 4, -4, 0
2,8:-4, -12, -14, -4, 6, 8, 4, 0, -4
7,3:-4, -12, -14, -4, 6, 8, 14, 8, 0
6,-2:-4, -12, -14, 0, -4, -4, -8, -8, 2
6,-2:-4, -12, -14, 0, -4, -4, -8, -2, 0
6,-2:-4, -12, -14, 0, -4, -4, -8, 0, -4
6,-2:-4, -12, -14, 0, -4, -4, -8, 0, -2
11,17:-4, -12, -14, 4, -6, 2, 2, -8, -8
-7,-1:-4, -12, -6, -16, -6, -10, -4, -4, 4
19,0:-4, -12, -4, -8, -6, -14, -14, -4, -12
3,10:-4, -12, -4, -8, -6, -6, -18, -2, -2
5,-4:-4, -12, -4, 2, 6, 10, 6, 2, -10
5,-4:-4, -12, -4, 2, 6, 10, 6, 2, 0
-9,4:-4, -12, -4, 6, -12, -10, -18, -16, 4
8,2:-4, -12, -4, 6, 2, 6, 6, 14, 10
8,2:-4, -12, -4, 6, 2, 6, 6, 14, 14
4,17:-4, -12, -4, 6, 2, 16, 14, -2, 0
4,17:-4, -12, -4, 6, 2, 16, 14, -2, 4
2,8:-4, -12, -4, 6, 8, 4, -4, 0, -14
2,8:-4, -12, -4, 6, 8, 4, -4, 0, -4
5,-4:-4, -12, 0, -8, 6, 10, 0, 6, -14
5,-4:-4, -12, 0, -8, 6, 10, 0, 6, -12
5,-4:-4, -12, 0, -8, 6, 10, 0, 6, -10
5,-4:-4, -12, 0, -4, 6, 10, 12, 18, 10
6,-7:-4, -12, 4, -6, -8, -2, -8, -14, -4
6,-7:-4, -12, 4, -6, -8, -2, -8, -14, 0
6,-7:-4, -12, 4, -6, -8, -2, -8, -4, -14
6,-7:-4, -12, 4, -6, -8, -2, -8, -4, -12
6,-7:-4, -12, 4, -6, -8, -2, -8, -4, -10
5,-4:-4, -12, 4, 4, 6, 10, 12, 18, 12
5,-4:-4, -12, 4, 4, 6, 10, 12, 18, 14
5,-4:-4, -12, 4, 4, 6, 10, 12, 18, 16
12,7:-4, -6, -14, -2, 8, 0, 0, 10, 2
-4,17:-4, -6, -14, -2, 8, 8, -4, 12, 12
24,-8:-4, -6, -8, -20, -20, -18, -22, -6, -22
14,8:-4, -6, -8, -20, -20, -10, -10, -20, -12
20,-11:-4, -6, -8, -16, -26, -26, -16, -24, -6
20,-11:-4, -6, -8, -16, -26, -26, -16, -24, 4
20,-11:-4, -6, -8, -16, -26, -26, -16, -6, -24
4,-1:-4, -6, -8, -16, -18, -30, -14, -6, -14
25,-5:-4, -6, -8, -6, -16, -32, -10, -20, -10
25,-5:-4, -6, -8, -6, -16, -32, -10, -20, -8
25,-5:-4, -6, -8, -6, -16, -32, -10, -10, -20
25,0:-4, -6, -8, -4, -14, -20, -20, -10, -14
10,7:-4, -6, -6, -14, -14, -2, -2, 6, 4
-5,6:-4, -6, -6, -4, -4, -2, -14, 2, 2
4,-5:-4, -6, -6, 2, 4, 8, 0, -8, -2
4,-5:-4, -6, -6, 2, 4, 8, 0, -8, 4
17,-5:-4, -6, -4, -6, -8, -8, -12, 4, -12
7,11:-4, -6, -4, -6, -8, 0, 0, -10, -2
7,-8:-4, -6, 0, -8, -12, 0, 4, -6, 0
7,-8:-4, -6, 0, -8, -12, 0, 4, -6, 2
7,-8:-4, -6, 0, -8, -12, 0, 4, -6, 4
7,-8:-4, -6, 0, -8, -12, 0, 4, 0, -6
7,-8:-4, -6, 0, -8, -12, 0, 4, 0, -4
15,-2:-4, -6, 0, -8, -10, -14, -16, -26, -14
15,-2:-4, -6, 0, -8, -10, -14, -16, -14, -26
18,-6:-4, -6, 0, -8, -10, -14, -8, 2, -14
8,10:-4, -6, 0, -8, -2, -2, -12, -20, -10
8,10:-4, -6, 0, -8, -2, -2, -12, -20, -6
8,10:-4, -6, 0, -8, -2, -2, -12, -10, -10
8,10:-4, -6, 0, -8, -2, -2, -12, -10, -8
8,10:-4, -6, 0, -8, -2, -2, -12, -6, -20
8,10:-4, -6, 0, -8, -2, -2, -12, -6, -10
-3,4:-4, -6, 6, -8, -12, -28, -18, -4, -12
-3,4:-4, -6, 6, -8, -12, -28, -18, -4, -2
-3,4:-4, -6, 6, -8, -12, -28, -16, -4, -26
-3,4:-4, -6, 6, -8, -12, -28, -16, -4, -24
-3,4:-4, -6, 6, -8, -12, -28, -16, -4, -22
-3,4:-4, -6, 6, -8, -12, -18, -20, -4, -28
-3,4:-4, -6, 6, -8, -12, -4, -24, -2, -16
-3,4:-4, -6, 6, -8, -12, -4, -24, -2, -14
-3,4:-4, -6, 6, -8, -12, -4, -24, -2, -12
-3,4:-4, -6, 6, -8, -12, -4, -20, -30, -8
-3,4:-4, -6, 6, -8, -12, -4, -20, -12, -26
-3,4:-4, -6, 6, -8, -12, -4, -20, -12, -24
-3,4:-4, -6, 6, -8, -12, -4, -20, -12, -22
-3,4:-4, -6, 6, -8, -12, -4, -20, -2, -22
-3,4:-4, -6, 6, -8, -12, -4, -12, -22, -26
-3,4:-4, -6, 6, -8, -12, -4, -8, -22, -20
-3,4:-4, -6, 6, -8, -12, -4, -8, -22, -18
-3,4:-4, -6, 6, -8, -12, -4, -8, -22, -12
-3,4:-4, -6, 6, -8, -12, -4, -8, -16, -20
-3,4:-4, -6, 6, -8, -12, -4, -8, -16, -18
-3,4:-4, -6, 6, -8, -12, -4, -8, -16, -16
-3,4:-4, -6, 6, -8, -12, -4, -8, -14, -12
-3,4:-4, -6, 6, -8, -12, -4, -8, -12, -18
4,-8:-4, -6, 6, 0, 8, 4, 4, 14, 2
-8,6:-4, -6, 6, 0, 8, 10, -2, 12, -2
5,-4:-4, -6, 6, 10, 0, 2, 12, 2, 4
5,-4:-4, -6, 6, 10, 0, 2, 12, 2, 6
5,-4:-4, -6, 6, 10, 0, 2, 12, 2, 8
5,-4:-4, -6, 6, 10, 0, 12, 2, 6, 10
5,-4:-4, -6, 6, 10, 0, 12, 2, 6, 20
5,-4:-4, -6, 6, 10, 0, 12, 4, 22, 8
5,-4:-4, -6, 6, 10, 0, 12, 4, 22, 12
5,-4:-4, -6, 6, 10, 0, 12, 14, 8, 12
5,-4:-4, -6, 6, 10, 0, 12, 14, 8, 22
5,-4:-4, -6, 6, 10, 0, 12, 14, 12, 10
5,-4:-4, -6, 6, 10, 0, 12, 14, 12, 12
5,-4:-4, -6, 6, 10, 6, 6, 6, 8, 0
5,-4:-4, -6, 6, 10, 12, 4, 10, 14, 24
5,-4:-4, -6, 6, 10, 12, 4, 22, 6, 6
5,-4:-4, -6, 6, 10, 12, 4, 22, 10, 2
5,-4:-4, -6, 6, 10, 12, 14, 2, 2, 10
5,-4:-4, -6, 6, 10, 12, 14, 2, 10, 14
5,-4:-4, -6, 6, 10, 12, 14, 2, 10, 22
5,-4:-4, -6, 6, 10, 12, 14, 12, 14, 4
21,6:-4, -4, -8, -12, -16, -18, -10, -2, 6
21,6:-4, -4, -8, -12, -16, -18, -10, 6, -2
7,-4:-4, -4, -8, 8, -6, -16, 4, 2, -12
6,-7:-4, -4, -4, 10, 10, 4, -4, 14, -6
6,-7:-4, -4, -4, 10, 10, 4, -2, 14, -2
6,-7:-4, -4, -4, 10, 10, 4, -2, 14, 0
6,-7:-4, -4, -4, 10, 10, 4, -2, 14, 2
6,-7:-4, -4, -4, 10, 10, 4, 0, 12, 12
6,-7:-4, -4, -4, 10, 10, 4, 0, 16, 8
6,-7:-4, -4, -4, 10, 10, 4, 0, 16, 10
6,-7:-4, -4, -4, 10, 10, 4, 0, 16, 12
6,-7:-4, -4, -4, 10, 10, 4, 4, 14, -6
6,-7:-4, -4, -4, 10, 10, 4, 4, 14, 0
6,-7:-4, -4, -4, 10, 10, 4, 4, 14, 2
6,-7:-4, -4, -4, 10, 10, 4, 12, 10, 6
6,-7:-4, -4, -4, 10, 10, 6, 2, 0, -2
6,-7:-4, -4, -4, 10, 10, 6, 2, 0, 0
6,-7:-4, -4, -4, 10, 10, 6, 2, 0, 2
6,-7:-4, -4, -4, 10, 10, 6, 4, 18, 8
6,-7:-4, -4, -4, 10, 10, 6, 4, 18, 10
6,-7:-4, -4, -4, 10, 10, 6, 4, 18, 12
6,-7:-4, -4, -4, 10, 10, 10, 2, 0, 2
6,-7:-4, -4, -4, 10, 10, 10, 2, 10, -8
6,-7:-4, -4, -4, 10, 10, 10, 14, 12, 6
6,-7:-4, -4, -4, 10, 10, 10, 14, 12, 8
6,-7:-4, -4, -4, 10, 10, 10, 14, 12, 10
6,-7:-4, -4, -4, 10, 10, 10, 16, -2, 10
6,-7:-4, -4, -4, 10, 10, 10, 16, -2, 12
6,-7:-4, -4, -4, 10, 10, 10, 16, 6, 14
6,-7:-4, -4, -4, 10, 10, 18, 2, 6, 8
6,-7:-4, -4, -4, 10, 10, 18, 2, 6, 10
6,-7:-4, -4, -4, 10, 10, 18, 2, 6, 12
6,12:-4, -4, 6, -4, -6, -8, -16, -4, 4
19,12:-4, -4, 8, 0, -2, -2, 8, 0, 2
19,12:-4, -4, 8, 0, -2, -2, 8, 8, 6
-3,5:-4, 0, -16, -4, 10, 8, -2, 6, -14
-3,5:-4, 0, -16, -4, 10, 8, -2, 6, -12
-3,5:-4, 0, -16, -4, 10, 8, -2, 6, -10
-3,5:-4, 0, -12, -4, 10, 8, -2, 4, 6
-3,5:-4, 0, -12, -4, 10, 8, -2, 4, 8
-3,5:-4, 0, -12, -4, 10, 8, -2, 4, 14
-3,5:-4, 0, -12, -4, 10, 8, -2, 10, 6
-3,5:-4, 0, -12, -4, 10, 8, -2, 10, 8
-3,5:-4, 0, -12, -4, 10, 8, -2, 10, 10
-3,5:-4, 0, -12, -4, 10, 8, -2, 12, 14
-3,5:-4, 0, -12, -4, 10, 8, -2, 14, 8
-3,-11:-4, 0, -12, 10, -20, -8, -16, -2, 0
-3,-11:-4, 0, -12, 10, -20, -8, -2, 0, -16
-8,-2:-4, 0, -12, 10, -16, -26, -8, 2, -6
4,-6:-4, 0, -8, -4, -2, 6, 0, -16, 4
4,-6:-4, 0, -8, -4, -2, 6, 0, -16, 6
4,-6:-4, 0, -8, -4, -2, 6, 0, -16, 8
4,-6:-4, 0, -8, -4, -2, 6, 0, 4, -16
4,-6:-4, 0, -8, -4, -2, 6, 0, 4, -14
4,-6:-4, 0, -8, -4, -2, 6, 0, 4, -12
-1,3:-4, 0, -8, 6, 4, -6, 2, 8, 14
6,4:-4, 0, -2, 4, 0, 6, 10, 12, 8
6,-2:-4, 0, -2, 6, 8, 2, 0, 12, 8
17,26:-4, 0, 0, -6, -6, -4, -10, 4, 0
9,-5:-4, 0, 0, 8, 12, 6, -16, -4, -6
16,11:-4, 0, 0, 10, 6, -14, -12, -6, 0
15,15:-4, 0, 0, 10, 8, 6, -4, 20, 14
7,6:-4, 0, 2, -6, 4, -16, -14, -16, -10
3,13:-4, 0, 2, 6, 8, -4, -8, -4, -12
3,13:-4, 0, 2, 6, 8, -4, -8, -4, -10
3,13:-4, 0, 2, 6, 8, -4, -8, -4, -8
1,-4:-4, 0, 2, 6, 14, -6, 8, 6, 2
26,7:-4, 0, 4, -6, -14, -14, -4, -10, -10
26,7:-4, 0, 4, -6, -14, -14, -4, -10, -6
19,4:-4, 0, 4, -4, 2, -10, -10, 0, -4
19,4:-4, 0, 4, -4, 2, -10, -10, 0, 6
12,12:-4, 0, 4, 4, -8, 2, -2, 0, 8
-2,5:-4, 0, 6, 4, -6, -10, 10, 0, -6
-2,5:-4, 0, 6, 4, -6, 10, 0, -6, -10
-2,5:-4, 0, 6, 4, -6, 10, 0, -6, -6
10,3:-4, 0, 6, 4, 10, 10, 0, -16, -14
7,-5:-4, 0, 8, -6, -12, -6, 0, 10, 6
-2,6:-4, 0, 8, -2, -24, -2, 4, 4, 14
-2,6:-4, 0, 8, -2, -2, 4, 4, 14, -24
-2,6:-4, 0, 8, -2, -2, 4, 4, 14, -18
-2,6:-4, 0, 8, -2, -2, 4, 4, 14, -16
4,7:-4, 0, 8, -2, 22, -8, 0, 8, -6
4,7:-4, 0, 8, -2, 22, 0, 8, -6, -6
4,7:-4, 0, 8, -2, 22, 0, 8, -6, -4
23,4:-4, 2, 0, -8, -14, -14, -4, -12, -4
23,4:-4, 2, 0, -8, -14, -14, -4, -6, -6
23,4:-4, 2, 2, -8, -14, -14, -4, -10, -6
23,4:-4, 2, 2, -8, -14, -14, -4, -10, 4
23,4:-4, 2, 2, -8, -14, -14, -4, -6, -8
23,4:-4, 2, 2, -8, -14, -14, -4, -6, -6
23,4:-4, 2, 2, -8, -14, -14, -4, 4, -10
23,4:-4, 2, 2, -8, -14, -14, -4, 4, -6
7,14:-4, 2, 2, -8, -6, -18, -8, -2, -2
11,11:-4, 2, 2, -8, -6, -2, 0, -2, 10
11,11:-4, 2, 2, -8, -6, -2, 0, 10, -2
5,3:-4, 2, 2, -8, -4, -16, -20, -20, -12
5,3:-4, 2, 2, -8, -4, -16, -20, -20, -10
5,3:-4, 2, 2, -8, -4, -16, -20, -10, -20
5,3:-4, 2, 2, -8, -4, -16, -20, -10, -18
5,3:-4, 2, 2, -8, -4, -16, -20, -10, -16
9,15:-4, 4, -10, -6, -14, -2, 2, 8, 18
2,8:-4, 4, -10, -6, 6, 4, 10, 2, -2
22,5:-4, 4, -10, 0, -14, -14, -2, -16, -14
26,5:-4, 4, -10, 0, -8, -16, -16, -6, -14
10,15:-4, 4, -10, 0, -8, -8, -20, -4, -4
8,16:-4, 4, -8, -16, 6, -4, 2, -18, 2
8,16:-4, 4, -8, -16, 6, -4, 2, -16, -12
8,16:-4, 4, -8, -16, 6, -4, 2, -16, -10
8,16:-4, 4, -8, -16, 6, -4, 2, -10, -16
8,16:-4, 4, -8, -16, 6, -4, 2, -10, -6
5,-4:-4, 4, -8, -14, 6, 10, 0, 6, -16
28,-9:-4, 4, -4, -16, -32, -32, -22, -28, -26
28,-9:-4, 4, -4, -16, -32, -32, -22, -28, -24
28,-9:-4, 4, -4, -16, -32, -32, -22, -28, -22
28,-9:-4, 4, -4, -16, -32, -32, -22, -22, -28
28,-9:-4, 4, -4, -16, -32, -32, -22, -22, -24
28,-9:-4, 4, -4, -16, -32, -32, -22, -18, -20
12,-6:-4, 4, -4, -14, -24, -14, -18, -26, -8
12,-6:-4, 4, -4, -14, -24, -14, -18, -8, -26
12,-6:-4, 4, -4, -14, -24, -14, -18, -8, -24
1,-2:-4, 4, -2, -12, -2, -10, -6, -12, -2
1,-2:-4, 4, -2, -12, -2, -10, -6, -2, -12
1,-3:-4, 4, -2, 2, 14, 12, 18, 0, -14
6,14:-4, 4, 4, -6, -6, -16, -4, -2, -8
6,14:-4, 4, 4, -6, -6, -16, -4, -2, -6
6,14:-4, 4, 4, -6, -6, -16, -4, -2, -4
6,14:-4, 4, 4, -6, -6, -16, 0, 0, -2
6,14:-4, 4, 4, -6, -6, -16, 0, 2, 0
6,14:-4, 4, 4, -6, -6, -16, 2, 2, 0
6,14:-4, 4, 4, -6, -6, 0, 0, -2, -16
6,14:-4, 4, 4, -6, -6, 0, 0, -2, -12
6,14:-4, 4, 4, -6, -6, 0, 2, -2, -12
6,14:-4, 4, 4, -6, -6, 0, 2, -2, -10
6,14:-4, 4, 4, -6, -4, -10, -10, -2, -8
6,14:-4, 4, 4, -6, -4, -10, -10, -2, -6
6,14:-4, 4, 4, -6, -4, -10, -10, -2, -4
6,14:-4, 4, 4, -6, -4, -10, -6, -10, -8
6,14:-4, 4, 4, -6, -4, -10, -6, -10, -6
6,14:-4, 4, 4, -6, -4, -10, -6, -10, -4
6,14:-4, 4, 4, -6, -4, -10, 0, -4, -4
6,14:-4, 4, 4, -6, -4, -10, 0, -4, 0
6,14:-4, 4, 4, -6, -4, -10, 0, 2, 2
6,14:-4, 4, 4, -6, -4, -8, -12, -10, -10
6,14:-4, 4, 4, -6, -4, -8, -12, -10, -6
6,14:-4, 4, 4, -6, -4, -8, -12, -8, -10
6,14:-4, 4, 4, -6, -4, -8, -12, -4, -8
6,14:-4, 4, 4, -6, -4, -8, -12, -4, -6
6,14:-4, 4, 4, -6, -4, -8, -12, -4, -4
6,14:-4, 4, 4, -6, -4, -6, 2, -8, -6
6,14:-4, 4, 4, -6, -4, -6, 2, -8, -4
6,14:-4, 4, 4, -6, -4, -6, 2, -8, -2
6,14:-4, 4, 4, -6, -4, 0, 0, -10, -8
6,14:-4, 4, 4, -6, -4, 0, 0, -10, -6
6,14:-4, 4, 4, -6, -4, 0, 0, -10, -4
5,-4:-4, 4, 4, -6, 4, 22, -6, 6, 10
5,-4:-4, 4, 4, -6, 4, 22, 6, 10, -6
5,-4:-4, 4, 4, -6, 4, 22, 6, 10, 2
20,11:-4, 4, 4, 4, -4, -4, 6, 4, 2
6,14:-4, 4, 4, 6, -6, -2, -14, 22, 16
6,14:-4, 4, 4, 6, -6, -2, -14, 22, 18
6,14:-4, 4, 4, 6, -6, -2, -14, 22, 20
6,14:-4, 4, 4, 6, -6, -2, -10, 16, -14
6,14:-4, 4, 4, 6, -6, -2, -10, 16, -10
6,14:-4, 4, 4, 6, -6, -2, -4, 16, -14
6,14:-4, 4, 4, 6, -6, -2, -4, 16, -8
6,14:-4, 4, 4, 6, -6, -2, -4, 16, -4
6,14:-4, 4, 4, 6, -6, -2, 16, -12, -22
6,14:-4, 4, 4, 6, -6, -2, 16, -12, -18
6,14:-4, 4, 4, 6, 6, 6, -6, -14, -2
6,14:-4, 4, 4, 6, 6, 6, -6, -14, 0
6,14:-4, 4, 4, 6, 6, 6, -6, -14, 2
6,14:-4, 4, 4, 6, 6, 6, -6, -2, -2
6,14:-4, 4, 4, 6, 6, 6, 6, -6, -4
8,-1:6, -4, -4, -6, 6, 10, 0, 2, 4
8,-1:6, -4, -4, -6, 6, 10, 0, 2, 6
8,-1:6, -4, -4, -6, 6, 10, 0, 2, 8
8,-1:6, -4, -4, -6, 6, 10, 6, 6, 0
8,-1:6, -4, -4, -6, 6, 10, 6, 6, 2
8,-1:6, -4, -4, -6, 6, 10, 6, 6, 4
8,-1:6, -4, -4, -6, 6, 10, 12, 22, 12
8,-1:6, -4, -4, -6, 6, 10, 12, 22, 14
8,-1:6, -4, -4, -6, 6, 10, 12, 22, 16
13,2:6, -4, -4, 0, -12, -6, 8, 12, 0
9,17:6, -4, -4, 4, 4, -6, -14, -2, 2
9,17:6, -4, -4, 4, 4, -6, -14, 2, 2
9,17:6, -4, -4, 4, 4, -6, -6, -14, -4
9,17:6, -4, -4, 4, 4, -6, -4, -10, -4
9,17:6, -4, -4, 4, 4, -6, -4, -8, -10
9,17:6, -4, -4, 4, 4, -6, -4, -6, -6
9,17:6, -4, -4, 4, 4, -6, -4, -6, -4
9,17:6, -4, -4, 4, 4, -6, -4, -6, -2
9,17:6, -4, -4, 4, 4, -6, -4, 0, -10
9,17:6, -4, -4, 4, 4, -6, -4, 0, -4
9,17:6, -4, -4, 4, 4, -6, -4, 0, -2
9,17:6, -4, -4, 4, 4, 6, 6, -6, -2
22,4:6, -4, 6, -4, -4, -4, -8, 8, -8
12,20:6, -4, 6, -4, -4, 4, 4, -6, 2
18,11:6, -4, 6, 6, -2, -2, 8, 2, 6
18,11:6, -4, 6, 6, -2, -2, 8, 2, 16
18,11:6, -4, 6, 6, -2, -2, 8, 6, 4
18,11:6, -4, 6, 6, -2, -2, 8, 6, 6
18,11:6, -4, 6, 6, -2, -2, 8, 16, 2
18,11:6, -4, 6, 6, -2, -2, 8, 16, 6
2,21:6, -4, 6, 6, 6, -6, 4, 10, 10
6,18:6, -4, 6, 6, 6, 10, 12, 10, 22
6,18:6, -4, 6, 6, 6, 10, 12, 22, 10
0,10:6, -4, 6, 6, 8, -4, -8, -8, 0
0,10:6, -4, 6, 6, 8, -4, -8, -8, 2
0,10:6, -4, 6, 6, 8, -4, -8, 2, -8
0,10:6, -4, 6, 6, 8, -4, -8, 2, -6
0,10:6, -4, 6, 6, 8, -4, -8, 2, -4
15,9:6, 6, -4, 0, 10, 8, 4, 20, 4
5,25:6, 6, -4, 0, 10, 16, 16, 6, 14
5,25:6, 6, -4, 2, 10, 16, 16, 6, 10
15,8:6, 6, -2, -4, -4, -2, 8, 6, 4
15,8:6, 6, -2, -2, -4, 8, 2, 6, 0
15,8:6, 6, -2, -2, -4, 8, 4, -16, 8
15,8:6, 6, -2, -2, -4, 8, 4, -16, 16
15,8:6, 6, -2, -2, -4, 8, 4, 8, -16
15,8:6, 6, -2, -2, -4, 8, 4, 8, -14
15,8:6, 6, -2, -2, 8, 6, 2, 2, 4
15,8:6, 6, -2, -2, 8, 6, 2, 2, 6
15,8:6, 6, -2, -2, 8, 6, 2, 2, 8
15,8:6, 6, -2, -2, 8, 6, 8, 0, 2
15,8:6, 6, -2, -2, 8, 6, 8, 0, 4
15,8:6, 6, -2, -2, 8, 6, 8, 0, 6
15,8:6, 6, -2, -2, 8, 6, 10, 14, 16
15,8:6, 6, -2, -2, 8, 6, 10, 14, 18
15,8:6, 6, -2, -2, 8, 6, 10, 16, 10
15,8:6, 6, -2, -2, 8, 6, 12, 2, 4
15,8:6, 6, -2, -2, 8, 6, 12, 8, 2
15,8:6, 6, -2, -2, 8, 6, 12, 8, 8
15,8:6, 6, -2, -2, 8, 6, 12, 8, 10
15,8:6, 6, -2, -2, 8, 6, 12, 12, 8
15,8:6, 6, -2, -2, 8, 6, 12, 12, 10
15,8:6, 6, -2, -2, 8, 6, 12, 12, 12
15,8:6, 6, -2, -2, 8, 8, 14, 6, 8
15,8:6, 6, -2, -2, 8, 8, 14, 6, 10
15,8:6, 6, -2, -2, 8, 8, 14, 6, 12
15,8:6, 6, -2, -2, 8, 16, 4, 4, 0
15,8:6, 6, -2, -2, 8, 16, 4, 4, 2
-11,2:6, 6, 2, -6, 2, 0, 10, 6, 2
-4,4:6, 6, 2, -6, 6, 8, 16, 16, -2
6,0:6, 6, 2, -4, -8, 12, 8, 14, 2
14,5:6, 6, 2, 0, -4, -6, 6, 10, 8
14,5:6, 6, 2, 0, -4, -6, 6, 10, 12
6,-1:6, 6, 2, 2, 12, 10, -8, 2, 4
5,-2:6, 6, 2, 4, 6, 16, 24, 18, 4
6,-1:6, 6, 2, 6, -8, -14, -8, 4, 10
6,-1:6, 6, 2, 6, -8, -14, -8, 4, 12
6,-1:6, 6, 2, 6, -8, -14, -8, 4, 14
6,-1:6, 6, 2, 6, -8, -6, 4, 10, -6
6,-1:6, 6, 2, 6, -8, -6, 4, 10, -4
-6,8:6, 6, 6, -8, 6, -8, -16, -12, -6
-6,8:6, 6, 6, -8, 6, -8, -16, -12, -4
-6,8:6, 6, 6, -8, 6, -8, -16, -12, -2
-6,8:6, 6, 6, -8, 6, -8, -16, -2, 0
-6,8:6, 6, 6, -8, 6, -8, -16, -2, 2
-6,8:6, 6, 6, -8, 6, -8, -12, -14, -6
-6,8:6, 6, 6, -8, 6, -8, -12, -6, -16
-6,8:6, 6, 6, -8, 6, -8, -12, -6, -12
3,2:6, 6, 6, -6, -2, 4, -6, 8, 4
-1,18:6, 6, 6, -6, 0, 8, -2, 10, 10
11,-7:6, 6, 8, -4, -8, -10, -12, -2, -4
-3,7:6, 6, 8, -4, -8, -10, -12, 2, -4
-3,7:6, 6, 8, -4, -8, 0, -10, 2, -8
-3,7:6, 6, 8, -4, -8, 0, -10, 2, -6
-3,7:6, 6, 8, -4, -8, 0, -10, 2, -4
5,-1:6, 6, 8, -4, 10, 14, 6, 4, 18
5,-1:6, 6, 8, -4, 10, 14, 6, 10, 20
5,-1:6, 6, 8, -4, 10, 14, 6, 10, 22
5,-1:6, 6, 8, -4, 10, 14, 6, 14, 26
5,-1:6, 6, 8, -4, 10, 14, 6, 26, 14
5,-1:6, 6, 8, -4, 10, 14, 18, 6, 22
5,-1:6, 6, 8, -4, 10, 14, 18, 6, 24
5,-1:6, 6, 8, -4, 10, 14, 18, 6, 26
5,-1:6, 6, 8, -4, 10, 14, 18, 22, 6
5,-1:6, 6, 8, -4, 10, 14, 24, 22, 6
11,10:6, 6, 8, 2, 10, 4, 4, 14, 6
-5,20:6, 6, 8, 2, 10, 12, 0, 16, 16
9,0:6, 6, 8, 8, 6, 0, 2, 12, -4
-1,8:6, 6, 14, 2, 6, 6, 16, 10, 8
6,6:6, 6, 14, 8, 16, -6, 4, -4, -12
22,12:6, 6, 16, -16, 4, 4, 0, 16, 0
12,28:6, 6, 16, -16, 4, 12, 12, 2, 10
29,14:-4, -14, -12, -2, 14, -2, -10, -10, 0, -8
13,24:-4, -14, -12, -2, 14, -2, -2, -14, 2, 2
0,22:-4, -14, -12, 10, 10, 18, 18, 8, 16, -10
0,22:-4, -14, -12, 10, 10, 18, 18, 8, 16, -8
0,22:-4, -14, -12, 10, 10, 18, 18, 8, 16, -6
19,2:-4, -14, -12, 14, -12, -14, -2, 2, -8, -2
19,2:-4, -14, -12, 14, -12, -14, -2, 2, -8, 0
19,2:-4, -14, -12, 14, -12, -14, -2, 2, -8, 2
19,2:-4, -14, -12, 14, -12, -14, -2, 2, -2, -8
19,2:-4, -14, -12, 14, -12, -14, -2, 2, -2, -6
27,8:-4, -14, -12, 14, -12, -12, -16, -18, -28, -16
27,8:-4, -14, -12, 14, -12, -12, -16, -18, -16, -28
30,4:-4, -14, -12, 14, -12, -12, -16, -10, 0, -16
20,20:-4, -14, -12, 14, -12, -4, -4, -14, -22, -12
20,20:-4, -14, -12, 14, -12, -4, -4, -14, -22, -8
20,20:-4, -14, -12, 14, -12, -4, -4, -14, -12, -12
20,20:-4, -14, -12, 14, -12, -4, -4, -14, -12, -10
20,20:-4, -14, -12, 14, -12, -4, -4, -14, -8, -22
20,20:-4, -14, -12, 14, -12, -4, -4, -14, -8, -12
-1,4:-4, -14, -8, 10, 10, 8, 20, 24, 14, 20
-1,4:-4, -14, -8, 10, 10, 8, 20, 24, 14, 22
-1,4:-4, -14, -8, 10, 10, 8, 20, 24, 14, 24
-1,4:-4, -14, -8, 10, 10, 8, 20, 24, 20, 14
-1,4:-4, -14, -8, 10, 10, 8, 20, 24, 20, 16
7,10:-4, -14, -8, 10, 10, 10, 6, 4, -6, 6
7,10:-4, -14, -8, 10, 10, 10, 6, 4, 6, -6
10,6:-4, -14, -8, 10, 10, 10, 6, 12, 22, 6
0,22:-4, -14, -8, 10, 10, 18, 18, 8, 0, 10
0,22:-4, -14, -8, 10, 10, 18, 18, 8, 0, 14
0,22:-4, -14, -8, 10, 10, 18, 18, 8, 10, 10
0,22:-4, -14, -8, 10, 10, 18, 18, 8, 10, 12
0,22:-4, -14, -8, 10, 10, 18, 18, 8, 14, 0
0,22:-4, -14, -8, 10, 10, 18, 18, 8, 14, 10
9,16:-4, -14, -8, 10, 20, 20, 12, 12, 22, 14
-7,26:-4, -14, -8, 10, 20, 20, 20, 8, 24, 24
6,13:-4, -14, -8, 20, 12, 10, 10, 12, 22, 18
6,13:-4, -14, -8, 20, 12, 12, 22, 20, 16, 18
6,13:-4, -14, -8, 20, 12, 12, 22, 20, 16, 20
6,13:-4, -14, -8, 20, 12, 12, 22, 20, 16, 26
6,13:-4, -14, -8, 20, 12, 12, 22, 20, 22, 18
6,13:-4, -14, -8, 20, 12, 12, 22, 20, 22, 20
6,13:-4, -14, -8, 20, 12, 12, 22, 20, 22, 22
6,13:-4, -14, -8, 20, 12, 12, 22, 20, 24, 26
6,13:-4, -14, -8, 20, 12, 12, 22, 20, 26, 20
6,13:-4, -14, -8, 20, 12, 12, 22, 22, 30, 20
6,13:-4, -14, -8, 20, 12, 12, 22, 30, 14, 14
6,13:-4, -14, -8, 20, 12, 12, 22, 30, 18, 14
-9,17:-4, -14, -8, 20, 16, 8, 26, 22, 4, 16
-12,12:-4, -14, -8, 20, 22, 10, 6, 4, -6, 0
-12,12:-4, -14, -8, 20, 22, 10, 6, 4, -6, 2
-12,12:-4, -14, -8, 20, 22, 10, 6, 4, -6, 4
-12,12:-4, -14, -8, 20, 22, 10, 6, 6, 10, 12
-12,12:-4, -14, -8, 20, 22, 10, 6, 6, 10, 14
-12,12:-4, -14, -8, 20, 22, 10, 6, 6, 10, 16
-12,12:-4, -14, -8, 20, 22, 10, 6, 14, 16, 8
-12,12:-4, -14, -8, 20, 22, 10, 6, 14, 16, 10
-12,12:-4, -14, -8, 20, 22, 10, 6, 14, 16, 12
-1,4:-4, -14, 10, 10, 8, 20, 24, 14, 20, -8
-1,4:-4, -14, 10, 10, 8, 20, 24, 14, 20, -6
-1,4:-4, -14, 10, 10, 8, 20, 24, 14, 20, -4
4,7:-4, -14, 10, 10, 14, -4, 8, 22, 26, 14
0,22:-4, -14, 10, 10, 18, 18, 8, 10, 6, 6
13,9:-4, -14, 10, 20, 10, 10, 10, 6, 22, 6
9,16:-4, -14, 10, 20, 20, 12, 12, 22, 14, -8
9,16:-4, -14, 10, 20, 20, 12, 12, 22, 14, -6
9,16:-4, -14, 10, 20, 20, 12, 12, 22, 14, -4
26,11:-4, -14, 14, -2, -10, -12, -12, -10, 0, -4
26,11:-4, -14, 14, -2, -10, -10, 0, -2, -6, -4
26,11:-4, -14, 14, -2, -10, -10, 0, -2, -6, -2
26,11:-4, -14, 14, -2, -10, -10, 0, -2, -6, 4
26,11:-4, -14, 14, -2, -10, -10, 0, -2, 0, -4
26,11:-4, -14, 14, -2, -10, -10, 0, -2, 0, -2
26,11:-4, -14, 14, -2, -10, -10, 0, -2, 0, 0
26,11:-4, -14, 14, -2, -10, -10, 0, -2, 2, 4
26,11:-4, -14, 14, -2, -10, -10, 0, -2, 4, -2
26,11:-4, -14, 14, -2, -10, -10, 0, 0, 8, -2
26,11:-4, -14, 14, -2, -10, -10, 0, 8, -8, -8
26,11:-4, -14, 14, -2, -10, -10, 0, 8, -4, -8
11,15:-4, -14, 14, -2, -6, -14, 4, 0, -18, -6
8,10:-4, -14, 14, -2, 0, -12, -16, -18, -28, -22
8,10:-4, -14, 14, -2, 0, -12, -16, -18, -28, -20
8,10:-4, -14, 14, -2, 0, -12, -16, -18, -28, -18
8,10:-4, -14, 14, -2, 0, -12, -16, -16, -12, -10
8,10:-4, -14, 14, -2, 0, -12, -16, -16, -12, -8
8,10:-4, -14, 14, -2, 0, -12, -16, -16, -12, -6
8,10:-4, -14, 14, -2, 0, -12, -16, -8, -6, -14
8,10:-4, -14, 14, -2, 0, -12, -16, -8, -6, -12
8,10:-4, -14, 14, -2, 0, -12, -16, -8, -6, -10
10,-7:-4, -12, -14, -4, -6, -22, -10, -2, -4, 0
10,-7:-4, -12, -14, -4, -6, -22, -10, -2, -4, 4
10,-7:-4, -12, -14, -4, -6, -22, -10, -2, 0, -4
21,-7:-4, -12, -14, -4, -6, -10, -8, -8, -16, -8
17,0:-4, -12, -14, -4, -6, -4, -6, -14, 2, -4
5,0:-4, -12, -14, -4, 6, -10, 2, -6, 0, 14
5,0:-4, -12, -14, -4, 6, -10, 2, -6, 0, 20
5,0:-4, -12, -14, -4, 6, -10, 2, -6, 14, 0
2,8:-4, -12, -14, -4, 6, 8, 4, -4, -4, -6
2,8:-4, -12, -14, -4, 6, 8, 4, -4, -2, 0
7,3:-4, -12, -14, -4, 6, 8, 14, 8, 16, 0
7,1:-4, -12, -14, -4, 6, 16, 2, 12, 6, 8
3,14:-4, -12, -14, -4, 6, 16, 10, 2, -4, 8
7,28:-4, -12, -14, -4, 6, 22, 14, 10, 10, -4
6,-2:-4, -12, -14, 0, -4, -4, -8, -10, -10, -4
6,-2:-4, -12, -14, 0, -4, -4, -8, -8, -12, 2
6,-2:-4, -12, -14, 0, -4, -4, -8, -8, 0, -10
6,-2:-4, -12, -14, 0, -4, -4, -8, -2, -4, 2
6,-2:-4, -12, -14, 0, -4, -4, -8, -2, -2, -4
6,-2:-4, -12, -14, 0, -4, -4, -8, 0, -6, -6
6,-2:-4, -12, -14, 0, -4, -4, -8, 0, -6, -4
6,-2:-4, -12, -14, 0, -4, -4, -8, 0, -6, -2
6,-2:-4, -12, -14, 0, -4, -4, -8, 0, 0, -4
6,-2:-4, -12, -14, 0, -4, -4, -8, 0, 0, -2
11,17:-4, -12, -14, 4, -6, 2, 2, -8, 0, -4
11,17:-4, -12, -14, 4, -6, 2, 2, -8, 0, 0
-1,3:-4, -12, -8, -14, -20, -14, -16, 18, -10, -2
-1,3:-4, -12, -8, -14, -20, -14, -16, 18, -10, 0
-1,3:-4, -12, -8, -14, -20, -14, -16, 18, -2, -10
13,-12:-4, -12, -8, -14, -10, -16, -14, -2, -18, -2
13,-12:-4, -12, -8, -14, -10, -16, -14, -2, -18, 0
13,-12:-4, -12, -8, -14, -10, -16, -14, -2, -18, 2
-2,-1:-4, -12, -8, -14, -10, -16, -10, -14, -6, -6
-2,-1:-4, -12, -8, -14, -10, -16, -10, 2, -2, -8
5,9:-4, -12, -8, -14, -10, -6, 0, 2, -10, -14
1,-5:-4, -12, -8, -14, -6, -12, -14, -8, -6, -14
6,6:-4, -12, -8, -14, -4, 0, -22, -20, -6, -8
31,4:-4, -12, -8, -14, 0, -14, -22, -22, -12, -18
31,4:-4, -12, -8, -14, 0, -14, -22, -22, -12, -14
4,3:-4, -12, -8, -14, 2, 6, -14, 6, 4, -12
4,3:-4, -12, -8, -14, 2, 6, -14, 6, 4, -10
4,3:-4, -12, -8, -14, 2, 6, -14, 6, 4, -8
4,3:-4, -12, -8, -14, 2, 6, 6, 4, -8, -14
4,3:-4, -12, -8, -14, 2, 6, 6, 4, -8, -10
8,-9:-4, -12, -8, -2, -14, -22, 8, -6, -16, -12
-4,0:-4, -12, -6, -16, 0, -4, -10, -2, -10, -14
5,6:-4, -12, -6, -16, 0, -4, -8, -8, 4, -2
22,2:-4, -12, -6, -14, 4, -6, -6, -10, 6, -10
12,18:-4, -12, -6, -14, 4, -6, 2, 2, -8, 0
23,-7:-4, -12, -4, -8, -16, -16, -16, -20, -4, -20
13,9:-4, -12, -4, -8, -16, -16, -8, -8, -18, -10
19,0:-4, -12, -4, -8, -6, -14, -14, -4, -10, -6
19,0:-4, -12, -4, -8, -6, -14, -14, -4, -10, 4
19,0:-4, -12, -4, -8, -6, -14, -14, -4, -6, -8
19,0:-4, -12, -4, -8, -6, -14, -14, -4, -6, -6
19,0:-4, -12, -4, -8, -6, -14, -14, -4, 4, -10
19,0:-4, -12, -4, -8, -6, -14, -14, -4, 4, -6
3,10:-4, -12, -4, -8, -6, -6, -18, -8, -2, -2
7,7:-4, -12, -4, -8, -6, -6, -2, 0, -2, 10
7,7:-4, -12, -4, -8, -6, -6, -2, 0, 10, -2
1,-1:-4, -12, -4, -8, -6, -4, -16, -20, -20, -12
1,-1:-4, -12, -4, -8, -6, -4, -16, -20, -20, -10
1,-1:-4, -12, -4, -8, -6, -4, -16, -20, -10, -20
1,-1:-4, -12, -4, -8, -6, -4, -16, -20, -10, -18
1,-1:-4, -12, -4, -8, -6, -4, -16, -20, -10, -16
5,-4:-4, -12, -4, -4, 0, 6, 10, 6, 2, -6
5,-4:-4, -12, -4, -4, 0, 6, 10, 6, 2, -4
5,-4:-4, -12, -4, -4, 0, 6, 10, 6, 2, -2
1,1:-4, -12, -4, -4, 0, 6, 10, 12, 0, 22
5,-4:-4, -12, -4, -2, -8, 6, 10, 6, 4, 12
5,-4:-4, -12, -4, -2, 6, 10, 6, 4, 16, 18
5,-4:-4, -12, -4, -2, 6, 10, 6, 4, 18, 6
5,-4:-4, -12, -4, -2, 6, 10, 6, 6, 4, -4
5,-4:-4, -12, -4, -2, 6, 10, 6, 6, 4, -2
5,-4:-4, -12, -4, -2, 6, 10, 6, 6, 4, 0
5,-4:-4, -12, -4, -2, 6, 10, 12, 14, 22, 6
25,8:-4, -12, -4, 2, 2, -6, -12, -12, -2, -10
9,18:-4, -12, -4, 2, 2, -6, -4, -16, 0, 0
-9,4:-4, -12, -4, 6, -12, -10, -18, -24, -20, 4
11,8:-4, -12, -4, 6, -12, 14, 4, 12, -2, 0
8,11:-4, -12, -4, 6, -10, 18, 2, -2, 6, 4
0,-1:-4, -12, -4, 6, -8, -6, 16, 12, 2, -6
11,10:-4, -12, -4, 6, -8, 2, -2, 4, 0, 2
10,2:-4, -12, -4, 6, -8, 2, 2, 22, 4, 12
8,11:-4, -12, -4, 6, -8, 18, 2, 6, 4, -4
-1,15:-4, -12, -4, 6, 2, 0, 2, -12, 10, 6
16,3:-4, -12, -4, 6, 2, 0, 14, 2, -10, 4
16,3:-4, -12, -4, 6, 2, 0, 14, 2, -10, 6
16,3:-4, -12, -4, 6, 2, 0, 14, 2, -10, 8
8,2:-4, -12, -4, 6, 2, 6, 6, 14, 12, 16
8,2:-4, -12, -4, 6, 2, 6, 6, 14, 12, 18
8,2:-4, -12, -4, 6, 2, 6, 6, 14, 12, 20
8,2:-4, -12, -4, 6, 2, 6, 6, 14, 16, 16
4,17:-4, -12, -4, 6, 2, 16, 14, -2, -2, -2
4,17:-4, -12, -4, 6, 2, 16, 14, -2, 2, -6
4,17:-4, -12, -4, 6, 2, 16, 14, -2, 2, -4
4,17:-4, -12, -4, 6, 2, 16, 14, -2, 2, -2
2,8:-4, -12, -4, 6, 8, 4, -4, -2, -6, -4
2,8:-4, -12, -4, 6, 8, 4, -4, -2, -6, -2
8,11:-4, -12, -4, 6, 18, 2, 6, 4, -4, -8
8,11:-4, -12, -4, 6, 18, 2, 6, 4, -4, -6
18,12:-4, -12, 0, -12, -12, -6, 14, -14, -6, -16
5,-4:-4, -12, 0, -12, 6, 10, 12, 18, 10, -6
5,-4:-4, -12, 0, -12, 6, 10, 12, 18, 10, -4
5,-4:-4, -12, 0, -10, -4, 6, 10, 0, 0, -22
5,-4:-4, -12, 0, -10, -4, 6, 10, 0, 0, -16
5,-4:-4, -12, 0, -10, 6, 10, 12, 18, 10, -12
27,-3:-4, -12, 0, -8, -16, -16, -4, 2, -20, -20
17,13:-4, -12, 0, -8, -16, -8, -8, 2, -18, -10
5,-4:-4, -12, 0, -8, -6, 6, 10, 0, 6, -12
5,-4:-4, -12, 0, -8, -6, 6, 10, 0, 6, -10
5,-4:-4, -12, 0, -8, -6, 6, 10, 0, 6, -8
5,-4:-4, -12, 0, -4, -8, 6, 4, 10, 8, -6
5,-4:-4, -12, 0, -4, -8, 6, 10, 12, 18, 20
5,-4:-4, -12, 0, -4, -4, 6, 10, 0, 2, -8
5,-4:-4, -12, 0, -4, -2, 2, 6, 10, 2, -4
5,-4:-4, -12, 0, -4, 6, 10, 12, 18, 6, 4
5,-4:-4, -12, 0, -4, 6, 10, 12, 18, 8, 8
5,-4:-4, -12, 0, -4, 6, 10, 12, 18, 8, 14
5,-4:-4, -12, 0, 6, 10, 2, -10, 0, 16, 22
5,-4:-4, -12, 0, 6, 10, 2, -10, 0, 16, 24
5,-4:-4, -12, 0, 6, 10, 2, -10, 0, 16, 26
5,-4:-4, -12, 0, 6, 10, 2, -10, 0, 20, 14
5,-4:-4, -12, 0, 6, 10, 2, -10, 0, 20, 18
5,-4:-4, -12, 0, 6, 10, 2, -10, 0, 28, 12
5,-4:-4, -12, 0, 6, 10, 2, -10, 0, 28, 14
5,-4:-4, -12, 0, 6, 10, 2, -10, 6, 4, 24
5,-4:-4, -12, 0, 6, 10, 2, 0, 20, 14, -10
5,-4:-4, -12, 0, 6, 10, 2, 0, 20, 14, -8
6,-7:-4, -12, 4, -6, -8, -2, -8, -18, -4, -16
6,-7:-4, -12, 4, -6, -8, -2, -8, -18, -4, -14
6,-7:-4, -12, 4, -6, -8, -2, -8, -18, -4, -12
6,-7:-4, -12, 4, -6, -8, -2, -8, -14, -2, 2
6,-7:-4, -12, 4, -6, -8, -2, -8, -14, -2, 4
6,-7:-4, -12, 4, -6, -8, -2, -8, -14, -2, 6
6,-7:-4, -12, 4, -6, -8, -2, -8, -14, 2, 2
11,17:-4, -12, 4, -6, 2, 2, 4, 8, -8, -4
11,17:-4, -12, 4, -6, 2, 2, 4, 8, -8, -2
5,-4:-4, -12, 4, 4, 6, 10, 4, 4, 0, 10
5,-4:-4, -12, 4, 4, 6, 10, 4, 4, 0, 12
5,-4:-4, -12, 4, 4, 6, 10, 4, 4, 0, 14
5,-4:-4, -12, 4, 4, 6, 10, 12, 10, 16, 2
5,-4:-4, -12, 4, 4, 6, 10, 12, 10, 16, 4
5,-4:-4, -12, 4, 4, 6, 10, 12, 10, 16, 6
5,-4:-4, -12, 4, 4, 6, 10, 12, 18, 20, 14
5,-4:-4, -12, 4, 4, 6, 10, 12, 18, 20, 16
5,-4:-4, -12, 4, 4, 6, 10, 12, 18, 20, 18
16,0:-4, -6, -14, -2, -2, -2, -2, -6, 10, -6
6,16:-4, -6, -14, -2, -2, -2, 6, 6, -4, 4
12,7:-4, -6, -14, -2, 8, 0, 0, 10, 4, 8
12,7:-4, -6, -14, -2, 8, 0, 0, 10, 4, 18
12,7:-4, -6, -14, -2, 8, 0, 0, 10, 8, 6
12,7:-4, -6, -14, -2, 8, 0, 0, 10, 8, 8
12,7:-4, -6, -14, -2, 8, 0, 0, 10, 18, 4
12,7:-4, -6, -14, -2, 8, 0, 0, 10, 18, 8
-4,17:-4, -6, -14, -2, 8, 8, -4, 6, 12, 12
0,14:-4, -6, -14, -2, 8, 8, 12, 14, 12, 24
0,14:-4, -6, -14, -2, 8, 8, 12, 14, 24, 12
-6,6:-4, -6, -14, -2, 8, 10, -2, -6, -6, 2
-6,6:-4, -6, -14, -2, 8, 10, -2, -6, -6, 4
-6,6:-4, -6, -14, -2, 8, 10, -2, -6, 4, -6
-6,6:-4, -6, -14, -2, 8, 10, -2, -6, 4, -4
-6,6:-4, -6, -14, -2, 8, 10, -2, -6, 4, -2
8,13:-4, -6, -14, 2, 10, 18, 10, 10, 20, 12
-8,23:-4, -6, -14, 2, 10, 18, 18, 6, 22, 22
6,4:-4, -6, -14, 6, -4, -16, -4, -2, 6, 8
6,4:-4, -6, -14, 6, -4, -16, -4, -2, 6, 10
6,4:-4, -6, -14, 6, -4, -16, -4, -2, 10, 6
6,4:-4, -6, -14, 6, -4, -16, 12, 4, -4, -2
13,5:-4, -6, -14, 6, 0, 8, 6, 2, 18, 2
3,21:-4, -6, -14, 6, 0, 8, 14, 14, 4, 12
16,2:-4, -6, -14, 6, 4, 0, 0, -4, 12, -4
6,18:-4, -6, -14, 6, 4, 0, 8, 8, -2, 6
13,-10:-4, -6, -8, -20, -20, -20, -8, -4, -14, -8
13,-10:-4, -6, -8, -20, -20, -20, -8, -4, -14, -6
13,-10:-4, -6, -8, -20, -20, -20, -8, -4, -14, -4
13,-10:-4, -6, -8, -20, -20, -20, -8, -4, -8, -14
13,-10:-4, -6, -8, -20, -20, -20, -8, -4, -8, -12
21,-4:-4, -6, -8, -20, -20, -18, -22, -24, -34, -22
21,-4:-4, -6, -8, -20, -20, -18, -22, -24, -22, -34
24,-8:-4, -6, -8, -20, -20, -18, -22, -16, -6, -22
14,8:-4, -6, -8, -20, -20, -10, -10, -20, -28, -18
14,8:-4, -6, -8, -20, -20, -10, -10, -20, -28, -14
14,8:-4, -6, -8, -20, -20, -10, -10, -20, -18, -18
14,8:-4, -6, -8, -20, -20, -10, -10, -20, -18, -16
14,8:-4, -6, -8, -20, -20, -10, -10, -20, -14, -28
14,8:-4, -6, -8, -20, -20, -10, -10, -20, -14, -18
20,-10:-4, -6, -8, -18, -4, -14, -16, -20, -4, -20
10,6:-4, -6, -8, -18, -4, -14, -8, -8, -18, -10
8,-17:-4, -6, -8, -18, -2, -14, -6, -14, -30, -4
8,-17:-4, -6, -8, -18, -2, -14, -6, -14, -26, -4
20,-11:-4, -6, -8, -16, -26, -26, -16, -22, -6, -18
20,-11:-4, -6, -8, -16, -26, -26, -16, -22, -6, -8
20,-11:-4, -6, -8, -16, -26, -26, -16, -18, -6, -20
20,-11:-4, -6, -8, -16, -26, -26, -16, -18, -6, -18
20,-11:-4, -6, -8, -16, -26, -26, -16, -8, -6, -22
20,-11:-4, -6, -8, -16, -26, -26, -16, -8, -6, -18
4,-1:-4, -6, -8, -16, -18, -30, -20, -14, -6, -14
8,-4:-4, -6, -8, -16, -18, -14, -12, -14, 4, -2
8,-4:-4, -6, -8, -16, -18, -14, -12, 4, -2, -14
2,-12:-4, -6, -8, -16, -16, -28, -32, -32, -24, -6
2,-12:-4, -6, -8, -16, -16, -28, -32, -32, -24, 4
2,-12:-4, -6, -8, -16, -16, -28, -32, -32, -6, -24
2,-12:-4, -6, -8, -16, -16, -28, -32, -32, -6, -22
2,-12:-4, -6, -8, -16, -16, -28, -32, -22, -6, -32
2,-12:-4, -6, -8, -16, -16, -28, -32, -22, -6, -30
2,-12:-4, -6, -8, -16, -16, -28, -32, -22, -6, -28
2,6:-4, -6, -8, -10, -14, 0, 2, -10, -14, -16
2,6:-4, -6, -8, -10, -14, 0, 2, -10, -14, -14
18,-20:-4, -6, -8, -10, -12, -24, -34, -28, -16, -28
7,-6:-4, -6, -8, -10, -12, -14, -18, -12, -26, -10
7,-6:-4, -6, -8, -10, -12, -14, -18, -12, -10, -26
7,-6:-4, -6, -8, -10, -12, -14, -18, -12, -10, -24
7,-6:-4, -6, -8, -10, -12, -14, -18, -12, -10, -22
-4,7:-4, -6, -8, -10, -2, 2, -4, -6, -2, -8
25,-5:-4, -6, -8, -6, -16, -32, -10, -20, -16, -10
25,-5:-4, -6, -8, -6, -16, -32, -10, -20, -14, -16
25,-5:-4, -6, -8, -6, -16, -32, -10, -20, -12, -12
25,-5:-4, -6, -8, -6, -16, -32, -10, -20, -12, -10
25,-5:-4, -6, -8, -6, -16, -32, -10, -20, -12, -8
25,-5:-4, -6, -8, -6, -16, -32, -10, -20, -6, -16
25,-5:-4, -6, -8, -6, -16, -32, -10, -20, -6, -10
25,-5:-4, -6, -8, -6, -16, -32, -10, -20, -6, -8
17,3:-4, -6, -8, -6, -12, -2, -12, -6, -22, -6
17,3:-4, -6, -8, -6, -12, -2, -12, -6, -22, -4
17,3:-4, -6, -8, -6, -12, -2, -12, -6, -22, -2
9,-3:-4, -6, -8, -6, -10, 0, -8, -4, -10, 0
25,0:-4, -6, -8, -4, -14, -20, -20, -10, -18, -10
25,0:-4, -6, -8, -4, -14, -20, -20, -10, -12, -12
16,-10:-4, -6, -6, -16, -4, -12, -12, -16, 0, -16
6,6:-4, -6, -6, -16, -4, -12, -4, -4, -14, -6
10,7:-4, -6, -6, -14, -14, -2, -2, 6, 6, -10
-2,-2:-4, -6, -6, -14, -14, 0, -2, -4, -14, -20
3,1:-4, -6, -6, -14, -14, 0, 0, -4, -14, -4
18,1:-4, -6, -6, -14, 4, -4, -12, -12, -2, -10
2,11:-4, -6, -6, -14, 4, -4, -4, -16, 0, 0
11,-4:-4, -6, -6, -4, -4, -10, -10, 4, 0, -8
-5,6:-4, -6, -6, -4, -4, -2, -14, -4, 2, 2
-1,3:-4, -6, -6, -4, -4, -2, 2, 4, 2, 14
-1,3:-4, -6, -6, -4, -4, -2, 2, 4, 14, 2
12,-5:-4, -6, -6, -4, 2, -10, 4, -6, -22, 4
12,-5:-4, -6, -6, -4, 2, -10, 4, -6, -18, 4
13,-7:-4, -6, -6, -4, 2, 0, -10, -18, -12, 14
-9,7:-4, -6, -6, -4, 8, 8, 14, 2, -2, -4
-9,7:-4, -6, -6, -4, 8, 8, 14, 2, -2, -2
9,-7:-4, -6, -6, 0, -8, -18, -4, 0, -8, -6
9,-7:-4, -6, -6, 0, -8, -18, -4, 0, -8, -4
9,-7:-4, -6, -6, 0, -8, -18, -4, 0, -8, -2
11,11:-4, -6, -6, 0, -8, 4, 4, -8, -12, -10
-3,4:-4, -6, -6, 0, -4, -2, -2, 6, -2, -6
2,6:-4, -6, -6, 0, -4, 0, -8, -14, -6, -26
2,6:-4, -6, -6, 0, -4, 0, -8, -14, -6, -16
1,-10:-4, -6, -6, 2, -10, -10, -10, -18, -14, -8
4,-7:-4, -6, -6, 2, -4, -4, -6, -10, -10, 4
8,-7:-4, -6, -6, 2, 4, -8, -2, -10, -4, 22
5,-12:-4, -6, -6, 2, 4, -4, 4, -14, 4, -12
19,-7:-4, -6, -4, -10, -10, -12, -12, -16, 0, -16
9,9:-4, -6, -4, -10, -10, -12, -4, -4, -14, -6
6,-7:-4, -6, -4, -6, -8, -10, 2, 6, -4, 2
6,-7:-4, -6, -4, -6, -8, -10, 2, 6, -4, 4
6,-7:-4, -6, -4, -6, -8, -10, 2, 6, -4, 6
6,-7:-4, -6, -4, -6, -8, -10, 2, 6, 2, -4
6,-7:-4, -6, -4, -6, -8, -10, 2, 6, 2, -2
14,-1:-4, -6, -4, -6, -8, -8, -12, -14, -24, -12
14,-1:-4, -6, -4, -6, -8, -8, -12, -14, -12, -24
17,-5:-4, -6, -4, -6, -8, -8, -12, -6, 4, -12
7,11:-4, -6, -4, -6, -8, 0, 0, -10, -18, -8
7,11:-4, -6, -4, -6, -8, 0, 0, -10, -18, -4
7,11:-4, -6, -4, -6, -8, 0, 0, -10, -8, -8
7,11:-4, -6, -4, -6, -8, 0, 0, -10, -8, -6
7,11:-4, -6, -4, -6, -8, 0, 0, -10, -4, -18
7,11:-4, -6, -4, -6, -8, 0, 0, -10, -4, -8
16,5:-4, -6, -4, -6, 2, 2, -6, -6, 4, -4
0,15:-4, -6, -4, -6, 2, 2, 2, -10, 6, 6
18,5:-4, -6, -4, 0, 0, 0, -8, -8, 2, -6
2,15:-4, -6, -4, 0, 0, 0, 0, -12, 4, 4
7,-8:-4, -6, 0, -8, -12, 0, 4, -6, -4, -2
7,-8:-4, -6, 0, -8, -12, 0, 4, -6, -4, 0
7,-8:-4, -6, 0, -8, -12, 0, 4, -6, -4, 2
7,-8:-4, -6, 0, -8, -12, 0, 4, 0, 0, -6
7,-8:-4, -6, 0, -8, -12, 0, 4, 0, 0, -4
7,-8:-4, -6, 0, -8, -12, 0, 4, 0, 0, -2
7,-8:-4, -6, 0, -8, -12, 0, 4, 6, 16, 6
7,-8:-4, -6, 0, -8, -12, 0, 4, 6, 16, 8
7,-8:-4, -6, 0, -8, -12, 0, 4, 6, 16, 10
12,-5:-4, -6, 0, -8, -6, -18, -12, 2, 6, -6
8,10:-4, -6, 0, -8, -2, -2, -12, -20, -8, -4
8,10:-4, -6, 0, -8, -2, -2, -12, -20, -4, -4
8,10:-4, -6, 0, -8, -2, -2, -12, -12, -20, -10
8,10:-4, -6, 0, -8, -2, -2, -12, -10, -16, -10
8,10:-4, -6, 0, -8, -2, -2, -12, -10, -14, -16
8,10:-4, -6, 0, -8, -2, -2, -12, -10, -12, -12
8,10:-4, -6, 0, -8, -2, -2, -12, -10, -12, -10
8,10:-4, -6, 0, -8, -2, -2, -12, -10, -12, -8
8,10:-4, -6, 0, -8, -2, -2, -12, -10, -6, -16
8,10:-4, -6, 0, -8, -2, -2, -12, -10, -6, -10
8,10:-4, -6, 0, -8, -2, -2, -12, -10, -6, -8
8,10:-4, -6, 0, -8, -2, -2, 0, 0, -12, -8
15,-2:-4, -6, 0, -2, -30, -4, -12, -12, -2, -6
15,-2:-4, -6, 0, -2, -30, -4, -12, -12, -2, 4
35,2:-4, -6, 0, -2, -14, -20, -28, -28, -18, -22
35,2:-4, -6, 0, -2, -14, -20, -28, -28, -18, -12
-3,4:-4, -6, 6, -8, -18, -10, -12, -12, -10, -20
-3,4:-4, -6, 6, -8, -18, -10, -12, -12, -10, -14
-3,4:-4, -6, 6, -8, -18, -10, -12, -12, -10, -10
-3,4:-4, -6, 6, -8, -12, -28, -18, -16, -4, -24
-3,4:-4, -6, 6, -8, -12, -28, -18, -16, -4, -22
-3,4:-4, -6, 6, -8, -12, -28, -18, -16, -4, -20
-3,4:-4, -6, 6, -8, -12, -24, -20, -12, -2, -4
-3,4:-4, -6, 6, -8, -12, -24, -4, -36, -12, -30
-3,4:-4, -6, 6, -8, -12, -24, -4, -36, -12, -28
-3,4:-4, -6, 6, -8, -12, -24, -4, -32, -12, -26
-3,4:-4, -6, 6, -8, -12, -24, -4, -30, -12, -36
-3,4:-4, -6, 6, -8, -12, -24, -4, -30, -12, -34
-3,4:-4, -6, 6, -8, -12, -24, -4, -26, -12, -36
-3,4:-4, -6, 6, -8, -12, -18, -30, -10, -4, -20
-3,4:-4, -6, 6, -8, -12, -18, -28, -22, -4, -10
-3,4:-4, -6, 6, -8, -12, -18, -28, -22, -4, -8
-3,4:-4, -6, 6, -8, -12, -18, -28, -10, -4, -22
-3,4:-4, -6, 6, -8, -12, -18, -28, -10, -4, -20
-3,4:-4, -6, 6, -8, -12, -18, -28, -10, -4, -18
-3,4:-4, -6, 6, -8, -12, -18, -28, -4, -8, -10
-3,4:-4, -6, 6, -8, -12, -18, -28, -4, -8, -6
-3,4:-4, -6, 6, -8, -12, -18, -16, -22, -4, -20
-3,4:-4, -6, 6, -8, -12, -18, -16, -22, -4, -16
-3,4:-4, -6, 6, -8, -12, -18, -10, -18, -4, -32
-3,4:-4, -6, 6, -8, -12, -16, -18, -20, -4, -14
-3,4:-4, -6, 6, -8, -12, -16, -18, -20, -4, -12
-3,4:-4, -6, 6, -8, -12, -16, -18, -20, -4, -10
-3,4:-4, -6, 6, -8, -12, -16, -18, -16, -4, -22
-3,4:-4, -6, 6, -8, -12, -16, -18, -16, -4, -18
-3,4:-4, -6, 6, -8, -12, -16, -4, -18, -16, -24
-3,4:-4, -6, 6, -8, -12, -4, -28, -24, -12, -14
-3,4:-4, -6, 6, -8, -12, -4, -28, -14, -12, -24
-3,4:-4, -6, 6, -8, -12, -4, -28, -14, -12, -20
-3,4:-4, -6, 6, -8, -12, -4, -24, -18, -6, -10
-3,4:-4, -6, 6, -8, -12, -4, -24, -18, -4, -28
-3,4:-4, -6, 6, -8, -12, -4, -24, -18, -4, -18
-3,4:-4, -6, 6, -8, -12, -4, -24, -10, -22, -8
-3,4:-4, -6, 6, -8, -12, -4, -24, -10, -20, -18
-3,4:-4, -6, 6, -8, -12, -4, -24, -10, -20, -8
-3,4:-4, -6, 6, -8, -12, -4, -24, -10, -18, -12
-3,4:-4, -6, 6, -8, -12, -4, -24, -10, -18, -10
-3,4:-4, -6, 6, -8, -12, -4, -24, -10, -18, -8
-3,4:-4, -6, 6, -8, -12, -4, -24, -10, -16, -8
-3,4:-4, -6, 6, -8, -12, -4, -24, -10, -12, -18
-3,4:-4, -6, 6, -8, -12, -4, -24, -10, -12, -12
-3,4:-4, -6, 6, -8, -12, -4, -24, -10, -10, -14
-3,4:-4, -6, 6, -8, -12, -4, -24, -10, -10, -12
-3,4:-4, -6, 6, -8, -12, -4, -24, -10, -10, -10
-3,4:-4, -6, 6, -8, -12, -4, -24, -10, -8, -12
-3,4:-4, -6, 6, -8, -12, -4, -24, -10, -8, -10
-3,4:-4, -6, 6, -8, -12, -4, -24, -10, -8, -8
-3,4:-4, -6, 6, -8, -12, -4, -24, -10, -6, -16
-3,4:-4, -6, 6, -8, -12, -4, -24, -10, -6, -14
-3,4:-4, -6, 6, -8, -12, -4, -24, -2, -8, -14
-3,4:-4, -6, 6, -8, -12, -4, -24, -2, -8, -12
-3,4:-4, -6, 6, -8, -12, -4, -24, -2, -8, -10
-3,4:-4, -6, 6, -8, -12, -4, -20, -30, -12, -28
-3,4:-4, -6, 6, -8, -12, -4, -20, -30, -12, -26
-3,4:-4, -6, 6, -8, -12, -4, -20, -30, -12, -24
-3,4:-4, -6, 6, -8, -12, -4, -20, -30, -2, -16
-3,4:-4, -6, 6, -8, -12, -4, -20, -2, -16, -26
-3,4:-4, -6, 6, -8, -12, -4, -12, -28, -24, -16
-3,4:-4, -6, 6, -8, -12, -4, -12, -22, -24, -28
-3,4:-4, -6, 6, -8, -12, -4, -12, -22, -22, -28
-3,4:-4, -6, 6, -8, -12, -4, -12, -22, -22, -26
-3,4:-4, -6, 6, -8, -12, -4, -12, -22, -22, -24
-3,4:-4, -6, 6, -8, -12, -4, -8, -22, -22, -20
-3,4:-4, -6, 6, -8, -12, -4, -8, -22, -22, -18
-3,4:-4, -6, 6, -8, -12, -4, -8, -22, -22, -16
-3,4:-4, -6, 6, -8, -12, -4, -8, -16, -24, -22
-3,4:-4, -6, 6, -8, -12, -4, -8, -16, -24, -20
-3,4:-4, -6, 6, -8, -12, -4, -8, -16, -24, -18
-3,4:-4, -6, 6, -8, -12, -4, -8, -14, -10, -8
-3,4:-4, -6, 6, -8, -12, -4, -8, -14, -10, -6
-3,4:-4, -6, 6, -8, -12, -4, -8, -14, -8, -14
-3,4:-4, -6, 6, -8, -12, -4, -8, -12, -22, -28
-3,4:-4, -6, 6, -8, -12, -4, -8, -12, -22, -20
-3,4:-4, -6, 6, -8, -12, -4, -8, -12, -16, -22
-3,4:-4, -6, 6, -8, -12, -4, -8, -12, -16, -16
-3,4:-4, -6, 6, -8, -12, -4, -8, -12, -16, -14
-3,4:-4, -6, 6, -8, -12, -4, -8, -12, -12, -16
-3,4:-4, -6, 6, -8, -12, -4, -8, -12, -12, -14
-3,4:-4, -6, 6, -8, -12, -4, -8, -12, -12, -12
15,0:-4, -6, 6, -8, -8, 0, -4, -12, -14, -22
2,6:-4, -6, 6, -8, 10, 4, 0, -10, -10, -14
2,0:-4, -6, 6, -2, -14, 12, 12, 8, 24, 8
-8,16:-4, -6, 6, -2, -14, 12, 20, 20, 10, 18
-8,16:-4, -6, 6, -2, 12, 20, 20, 10, 18, -14
-8,16:-4, -6, 6, -2, 12, 20, 20, 10, 18, -6
2,-8:-4, -6, 6, 0, -8, -12, 0, -14, 0, 2
18,-6:-4, -6, 6, 0, -8, -10, -14, 2, -14, 2
18,-6:-4, -6, 6, 0, -8, -10, -14, 2, -14, 12
8,10:-4, -6, 6, 0, -8, -2, -2, -12, -4, 12
-8,6:-4, -6, 6, 0, 8, 10, -2, 18, 14, -2
2,-7:-4, -6, 6, 0, 8, 14, 2, -4, 10, 8
2,5:-4, -6, 6, 10, -14, -4, -2, 14, 4, -2
5,-4:-4, -6, 6, 10, 0, 2, 12, 2, 12, 6
5,-4:-4, -6, 6, 10, 0, 2, 12, 2, 12, 8
5,-4:-4, -6, 6, 10, 0, 2, 12, 2, 12, 10
5,-4:-4, -6, 6, 10, 0, 2, 12, 12, 14, 6
5,-4:-4, -6, 6, 10, 0, 12, 4, 10, 14, 12
5,-4:-4, -6, 6, 10, 0, 12, 4, 10, 14, 20
5,-4:-4, -6, 6, 10, 0, 12, 4, 10, 14, 24
5,-4:-4, -6, 6, 10, 0, 12, 4, 16, 6, 16
5,-4:-4, -6, 6, 10, 0, 12, 4, 16, 6, 18
5,-4:-4, -6, 6, 10, 0, 12, 4, 18, 14, 14
5,-4:-4, -6, 6, 10, 0, 12, 4, 22, 10, 2
5,-4:-4, -6, 6, 10, 0, 12, 4, 22, 10, 4
5,-4:-4, -6, 6, 10, 0, 12, 4, 22, 10, 6
5,-4:-4, -6, 6, 10, 0, 12, 8, 0, 18, 22
5,-4:-4, -6, 6, 10, 0, 12, 8, 4, -2, 14
5,-4:-4, -6, 6, 10, 0, 12, 8, 4, -2, 18
5,-4:-4, -6, 6, 10, 0, 12, 8, 4, 2, 18
5,-4:-4, -6, 6, 10, 0, 12, 8, 4, 2, 20
5,-4:-4, -6, 6, 10, 0, 12, 8, 10, 14, 0
5,-4:-4, -6, 6, 10, 0, 12, 14, 2, 2, 10
5,-4:-4, -6, 6, 10, 0, 12, 14, 12, 8, 10
5,-4:-4, -6, 6, 10, 0, 12, 14, 12, 8, 12
5,-4:-4, -6, 6, 10, 0, 12, 14, 12, 8, 18
5,-4:-4, -6, 6, 10, 0, 12, 14, 12, 14, 10
5,-4:-4, -6, 6, 10, 0, 12, 14, 12, 14, 12
5,-4:-4, -6, 6, 10, 0, 12, 14, 12, 14, 14
5,-4:-4, -6, 6, 10, 0, 12, 14, 12, 16, 18
5,-4:-4, -6, 6, 10, 0, 12, 14, 12, 18, 12
5,-4:-4, -6, 6, 10, 0, 12, 14, 14, 4, 20
5,-4:-4, -6, 6, 10, 0, 12, 14, 14, 4, 24
5,-4:-4, -6, 6, 10, 0, 12, 14, 14, 20, 4
5,-4:-4, -6, 6, 10, 0, 12, 14, 14, 22, 12
5,-4:-4, -6, 6, 10, 0, 12, 14, 16, 10, 24
5,-4:-4, -6, 6, 10, 0, 12, 14, 16, 28, 22
5,-4:-4, -6, 6, 10, 0, 12, 14, 16, 28, 24
5,-4:-4, -6, 6, 10, 0, 12, 20, 14, 12, 14
5,-4:-4, -6, 6, 10, 6, 6, 6, -4, 0, 4
5,-4:-4, -6, 6, 10, 6, 6, 6, -4, 0, 14
5,-4:-4, -6, 6, 10, 6, 6, 6, -2, 16, 2
5,-4:-4, -6, 6, 10, 6, 6, 6, -2, 16, 6
5,-4:-4, -6, 6, 10, 6, 6, 6, 8, 2, 6
5,-4:-4, -6, 6, 10, 6, 6, 6, 8, 2, 16
5,-4:-4, -6, 6, 10, 6, 6, 6, 8, 6, 4
5,-4:-4, -6, 6, 10, 6, 6, 6, 8, 6, 6
-2,-2:-4, -6, 6, 10, 12, -6, -10, 4, 12, 8
-2,-2:-4, -6, 6, 10, 12, -6, 4, 12, 8, -10
-2,-2:-4, -6, 6, 10, 12, -6, 4, 12, 8, -6
5,-4:-4, -6, 6, 10, 12, 2, 6, 22, -6, 4
5,-4:-4, -6, 6, 10, 12, 2, 8, 6, 6, 14
5,-4:-4, -6, 6, 10, 12, 4, 10, 6, 14, 24
5,-4:-4, -6, 6, 10, 12, 4, 18, 18, 22, 4
5,-4:-4, -6, 6, 10, 12, 8, 2, 12, 12, 10
5,-4:-4, -6, 6, 10, 12, 14, 2, 10, 12, 12
5,-4:-4, -6, 6, 10, 12, 14, 2, 10, 12, 16
5,-4:-4, -6, 6, 10, 12, 14, 2, 10, 12, 22
5,-4:-4, -6, 6, 10, 12, 14, 2, 10, 18, 18
5,-4:-4, -6, 6, 10, 12, 14, 2, 10, 18, 22
5,-4:-4, -6, 6, 10, 12, 14, 12, 6, 4, 6
5,-4:-4, -6, 6, 10, 12, 14, 12, 6, 4, 16
5,-4:-4, -6, 6, 10, 12, 14, 12, 6, 6, 8
5,-4:-4, -6, 6, 10, 12, 14, 12, 6, 8, 10
5,-4:-4, -6, 6, 10, 12, 14, 12, 18, 8, 4
5,-4:-4, -6, 6, 10, 12, 14, 14, 2, 20, 0
5,-4:-4, -6, 6, 10, 12, 14, 14, 2, 20, 2
5,-4:-4, -6, 6, 10, 12, 14, 14, 8, 0, 26
5,-4:-4, -6, 6, 10, 12, 14, 14, 8, 0, 28
0,14:-4, -4, -14, -4, -4, -4, -4, -2, -14, 2
0,14:-4, -4, -14, -4, -4, -4, -4, -2, 2, -14
0,14:-4, -4, -14, -4, -4, -4, -4, -2, 2, -12
0,14:-4, -4, -14, -4, -4, -4, -4, -2, 2, -10
3,12:-4, -4, -14, -4, 12, -4, 2, -12, 2, -4
-5,6:-4, -4, -14, -4, 12, 18, 6, 6, 10, 6
-5,6:-4, -4, -14, -4, 12, 18, 6, 6, 10, 8
-5,6:-4, -4, -14, -4, 12, 18, 6, 6, 10, 10
5,6:-4, -4, -14, -2, 4, 0, 6, 8, -4, 6
25,20:-4, -4, -14, 4, -4, 8, 0, 0, 10, 2
9,30:-4, -4, -14, 4, -4, 8, 8, -4, 12, 12
20,10:-4, -4, -14, 6, -4, 6, 4, 0, 16, 0
10,26:-4, -4, -14, 6, -4, 6, 12, 12, 2, 10
19,12:-4, -4, -14, 8, 0, -2, -2, 8, 0, 0
9,18:-4, -4, -14, 8, 4, 8, -2, 12, 6, 24
9,18:-4, -4, -14, 8, 4, 8, -2, 12, 6, 26
9,18:-4, -4, -14, 8, 4, 8, -2, 12, 6, 28
-7,23:-4, -4, -14, 8, 10, 0, 14, 10, 4, -2
-7,23:-4, -4, -14, 8, 10, 0, 14, 10, 4, 4
7,18:-4, -4, -14, 10, 12, -10, 2, 6, 2, -4
7,18:-4, -4, -14, 10, 12, -10, 2, 6, 2, 0
21,6:-4, -4, -8, -12, -16, -18, -10, -2, 2, 8
21,6:-4, -4, -8, -12, -16, -18, -10, -2, 4, 0
21,6:-4, -4, -8, -12, -16, -18, -10, -2, 4, 2
17,8:-4, -4, -8, -12, -14, -8, 14, -6, 10, 4
15,2:-4, -4, -8, -12, -14, -6, -8, -10, 2, 6
14,-6:-4, -4, -8, -12, -12, -4, -12, 4, -2, -8
14,-6:-4, -4, -8, -12, -12, -4, -12, 4, -2, 0
5,18:-4, -4, -8, -12, 0, 2, -10, 4, 0, -14
2,11:-4, -4, -8, -10, -20, 2, -4, -6, 12, -2
2,11:-4, -4, -8, -10, -20, 2, 8, 12, -16, -16
2,11:-4, -4, -8, -10, -20, 2, 8, 12, -16, -14
2,11:-4, -4, -8, -10, -20, 2, 8, 12, -16, -12
2,11:-4, -4, -8, -10, 2, 8, 12, -16, -16, -20
2,11:-4, -4, -8, -10, 2, 8, 12, -16, -16, -10
4,7:-4, -4, -8, 8, 6, 6, 6, -14, -18, 4
4,7:-4, -4, -8, 8, 6, 6, 6, -14, 4, -18
4,7:-4, -4, -8, 8, 6, 6, 6, -14, 4, -16
10,11:-4, -4, -8, 8, 6, 12, 8, -6, -16, -10
10,11:-4, -4, -8, 8, 6, 12, 8, -6, -16, -8
4,1:-4, -4, -6, -4, 10, -8, -26, -18, 8, -18
6,9:-4, -4, -6, 2, -8, -30, -4, -6, -10, -10
6,9:-4, -4, -6, 2, -8, -30, -4, -6, -10, -8
6,9:-4, -4, -6, 2, -8, -30, -4, -6, -10, -6
6,-15:-4, -4, -6, 2, -8, -30, 2, -10, -10, -18
6,-15:-4, -4, -6, 2, -8, -30, 2, -10, -10, -16
6,9:-4, -4, -6, 2, -8, -4, -6, -10, -10, -30
0,14:-4, -4, -4, -4, -4, -4, -2, -14, 2, 8
0,14:-4, -4, -4, -4, -4, -4, -2, -14, 8, 2
6,-7:-4, -4, -4, 10, 10, 4, -6, -6, 14, -6
6,-7:-4, -4, -4, 10, 10, 4, -6, -6, 14, -4
6,-7:-4, -4, -4, 10, 10, 4, -6, -6, 14, -2
6,-7:-4, -4, -4, 10, 10, 4, -6, -2, 10, 12
6,-7:-4, -4, -4, 10, 10, 4, -6, -2, 10, 14
6,-7:-4, -4, -4, 10, 10, 4, -6, -2, 14, -4
6,-7:-4, -4, -4, 10, 10, 4, -6, -2, 14, -2
6,-7:-4, -4, -4, 10, 10, 4, -6, 4, 14, 2
6,-7:-4, -4, -4, 10, 10, 4, -6, 4, 14, 10
6,-7:-4, -4, -4, 10, 10, 4, -6, 8, 10, 6
6,-7:-4, -4, -4, 10, 10, 4, -4, -10, 14, -4
6,-7:-4, -4, -4, 10, 10, 4, -4, -8, 14, -10
6,-7:-4, -4, -4, 10, 10, 4, -2, 6, 14, 0
6,-7:-4, -4, -4, 10, 10, 4, -2, 6, 14, 2
6,-7:-4, -4, -4, 10, 10, 4, -2, 6, 14, 4
6,-7:-4, -4, -4, 10, 10, 4, -2, 12, 4, 0
6,-7:-4, -4, -4, 10, 10, 4, -2, 12, 4, 4
6,-7:-4, -4, -4, 10, 10, 4, -2, 12, 10, 6
6,-7:-4, -4, -4, 10, 10, 4, 0, 8, 8, 16
6,-7:-4, -4, -4, 10, 10, 4, 0, 8, 10, 8
6,-7:-4, -4, -4, 10, 10, 4, 0, 8, 10, 10
6,-7:-4, -4, -4, 10, 10, 4, 0, 8, 10, 12
6,-7:-4, -4, -4, 10, 10, 4, 0, 8, 14, 2
6,-7:-4, -4, -4, 10, 10, 4, 0, 8, 14, 12
6,-7:-4, -4, -4, 10, 10, 4, 0, 12, 4, -2
6,-7:-4, -4, -4, 10, 10, 4, 0, 12, 4, 0
6,-7:-4, -4, -4, 10, 10, 4, 0, 12, 4, 2
6,-7:-4, -4, -4, 10, 10, 4, 0, 16, 16, 10
6,-7:-4, -4, -4, 10, 10, 4, 0, 16, 16, 12
6,-7:-4, -4, -4, 10, 10, 4, 0, 16, 16, 14
6,-7:-4, -4, -4, 10, 10, 4, 4, 4, 14, -2
6,-7:-4, -4, -4, 10, 10, 4, 4, 4, 14, 0
6,-7:-4, -4, -4, 10, 10, 4, 4, 4, 14, 2
6,-7:-4, -4, -4, 10, 10, 4, 4, 16, 16, 8
6,-7:-4, -4, -4, 10, 10, 4, 12, 0, 14, 8
6,-7:-4, -4, -4, 10, 10, 4, 12, 0, 14, 10
6,-7:-4, -4, -4, 10, 10, 4, 12, 0, 14, 12
6,-7:-4, -4, -4, 10, 10, 4, 12, 10, 14, 6
6,-7:-4, -4, -4, 10, 10, 4, 16, 16, 6, 8
6,-7:-4, -4, -4, 10, 10, 6, 2, 0, 6, 0
6,-7:-4, -4, -4, 10, 10, 6, 2, 0, 6, 2
6,-7:-4, -4, -4, 10, 10, 6, 2, 0, 6, 4
6,-7:-4, -4, -4, 10, 10, 6, 4, 16, 18, 10
6,-7:-4, -4, -4, 10, 10, 6, 4, 16, 18, 12
6,-7:-4, -4, -4, 10, 10, 6, 4, 16, 18, 14
6,-7:-4, -4, -4, 10, 10, 10, 2, -8, 2, 10
6,-7:-4, -4, -4, 10, 10, 10, 2, -8, 10, 2
6,-7:-4, -4, -4, 10, 10, 10, 2, -8, 10, 4
6,-7:-4, -4, -4, 10, 10, 10, 2, -8, 10, 6
6,-7:-4, -4, -4, 10, 10, 10, 14, 2, 0, 8
6,-7:-4, -4, -4, 10, 10, 10, 14, 12, 2, 4
6,-7:-4, -4, -4, 10, 10, 10, 14, 12, 2, 6
6,-7:-4, -4, -4, 10, 10, 10, 14, 12, 2, 8
6,-7:-4, -4, -4, 10, 10, 10, 16, -2, 4, 10
6,-7:-4, -4, -4, 10, 10, 10, 16, -2, 6, 4
6,-7:-4, -4, -4, 10, 10, 10, 16, -2, 8, 8
6,-7:-4, -4, -4, 10, 10, 10, 16, -2, 8, 10
6,-7:-4, -4, -4, 10, 10, 10, 16, -2, 8, 12
6,-7:-4, -4, -4, 10, 10, 10, 16, -2, 14, 4
6,-7:-4, -4, -4, 10, 10, 10, 16, -2, 14, 10
6,-7:-4, -4, -4, 10, 10, 10, 16, -2, 14, 12
6,-7:-4, -4, -4, 10, 10, 10, 16, 4, -8, -4
6,-7:-4, -4, -4, 10, 10, 10, 16, 4, -4, -6
6,-7:-4, -4, -4, 10, 10, 10, 16, 4, -4, -4
6,-7:-4, -4, -4, 10, 10, 10, 16, 4, 8, -4
6,-7:-4, -4, -4, 10, 10, 10, 16, 6, 22, 24
6,-7:-4, -4, -4, 10, 10, 10, 16, 6, 22, 26
6,-7:-4, -4, -4, 10, 10, 10, 16, 6, 22, 28
6,-7:-4, -4, -4, 10, 10, 10, 16, 10, -2, 22
6,-7:-4, -4, -4, 10, 10, 10, 16, 10, -2, 24
6,-7:-4, -4, -4, 10, 10, 10, 16, 10, 22, -2
6,-7:-4, -4, -4, 10, 10, 10, 16, 10, 22, 0
6,-7:-4, -4, -4, 10, 10, 10, 16, 14, 14, 12
6,-7:-4, -4, -4, 10, 10, 10, 16, 14, 14, 14
6,-7:-4, -4, -4, 10, 10, 10, 16, 14, 14, 16
6,-7:-4, -4, -4, 10, 10, 18, 2, 2, 14, 18
6,-7:-4, -4, -4, 10, 10, 18, 2, 6, 4, 6
6,-7:-4, -4, -4, 10, 10, 18, 2, 6, 4, 8
6,-7:-4, -4, -4, 10, 10, 18, 2, 6, 4, 10
3,12:-4, -4, -4, 12, -4, 2, -12, 2, -4, -14
3,12:-4, -4, -4, 12, -4, 2, -12, 2, -4, -4
9,7:-4, -4, -2, 4, -10, -12, 0, 16, 20, 8
5,6:-4, -4, -2, 4, 0, 6, 8, -4, 6, -14
-2,-1:-4, -4, -2, 4, 12, 12, 18, -4, -14, 2
-2,-1:-4, -4, -2, 4, 12, 12, 18, -4, -14, 4
-2,-1:-4, -4, -2, 4, 12, 12, 18, -4, 2, -14
-6,2:-4, -4, -2, 8, 10, 16, 0, -2, 4, 22
-6,2:-4, -4, -2, 8, 10, 16, 0, -2, 22, 4
-6,2:-4, -4, -2, 8, 10, 16, 0, -2, 22, 6
-6,2:-4, -4, -2, 8, 10, 16, 0, -2, 22, 8
2,-6:-4, -4, 2, 12, 14, 0, 0, 14, 0, 10
2,-6:-4, -4, 2, 12, 14, 0, 0, 14, 0, 14
4,9:-4, -4, 2, 12, 14, 2, -6, -18, -12, -2
4,9:-4, -4, 2, 12, 14, 2, -6, -18, -2, -12
19,12:-4, -4, 8, 0, -2, -2, 8, 0, 0, -14
19,12:-4, -4, 8, 0, -2, -2, 8, 2, 2, 6
19,12:-4, -4, 8, 0, -2, -2, 8, 2, 2, 16
5,15:-4, -4, 8, 4, 10, -2, 6, 4, -2, 2
12,0:-4, -4, 8, 6, 0, -8, -2, 14, -4, -20
-3,5:-4, 0, -16, -6, -4, 10, 8, -2, 6, -12
-3,5:-4, 0, -16, -6, -4, 10, 8, -2, 6, -10
-3,5:-4, 0, -16, -6, -4, 10, 8, -2, 6, -8
5,19:-4, 0, -16, -6, 0, -6, 0, 0, 0, -6
5,19:-4, 0, -16, -6, 0, -6, 0, 0, 0, -2
-2,9:-4, 0, -16, -6, 4, -6, -10, 0, 4, -10
-2,9:-4, 0, -16, -6, 4, -6, -10, 0, 4, -6
-1,16:-4, 0, -16, -6, 6, -2, 4, 8, 8, -10
-1,16:-4, 0, -16, -6, 6, -2, 4, 8, 8, -6
19,-2:-4, 0, -16, 2, -16, -18, -6, -2, -14, -10
19,-2:-4, 0, -16, 2, -16, -18, -6, -2, -14, -6
19,-4:-4, 0, -16, 2, -4, -16, -12, -24, -2, -10
19,-4:-4, 0, -16, 2, -4, -16, -12, -24, -2, -6
17,-3:-4, 0, -16, 4, -16, -18, -16, -22, -4, 6
19,-2:-4, 0, -16, 4, -16, -18, -6, -2, -10, -2
19,-2:-4, 0, -16, 4, -16, -18, -6, -2, -10, 0
5,-2:-4, 0, -16, 4, -4, 4, -2, -2, 6, 2
12,15:-4, 0, -16, 4, 0, -12, -12, 12, 8, 16
-7,3:-4, 0, -12, -10, -4, 6, -2, 6, 0, -26
2,10:-4, 0, -12, -10, 0, -8, 0, -4, 0, 22
21,14:-4, 0, -12, -10, 2, 6, -2, -2, 8, 0
5,24:-4, 0, -12, -10, 2, 6, 6, -6, 10, 10
16,4:-4, 0, -12, -10, 4, 4, 2, -2, 14, -2
6,20:-4, 0, -12, -10, 4, 4, 10, 10, 0, 8
15,6:-4, 0, -12, -10, 6, -2, -4, -4, 6, -2
-1,16:-4, 0, -12, -10, 6, -2, 4, -8, 8, 8
3,12:-4, 0, -12, -10, 8, 10, -12, 0, 4, 0
4,-6:-4, 0, -12, -6, 10, 0, 12, 4, 4, 2
15,1:-4, 0, -12, -6, 10, 8, -6, 4, 2, 2
-5,12:-4, 0, -12, -4, 6, 8, 2, 14, 6, 2
-5,12:-4, 0, -12, -4, 6, 8, 2, 14, 6, 4
-5,12:-4, 0, -12, -4, 6, 8, 2, 14, 6, 6
-3,5:-4, 0, -12, -4, 10, 8, -2, 4, 4, 6
-3,5:-4, 0, -12, -4, 10, 8, -2, 4, 4, 8
-3,5:-4, 0, -12, -4, 10, 8, -2, 4, 4, 10
-3,5:-4, 0, -12, -4, 10, 8, -2, 10, 2, 4
-3,5:-4, 0, -12, -4, 10, 8, -2, 10, 2, 6
-3,5:-4, 0, -12, -4, 10, 8, -2, 10, 2, 8
-3,5:-4, 0, -12, -4, 10, 8, -2, 12, 16, 18
-3,5:-4, 0, -12, -4, 10, 8, -2, 12, 16, 20
-3,5:-4, 0, -12, -4, 10, 8, -2, 12, 18, 12
-3,5:-4, 0, -12, -4, 10, 8, -2, 14, 4, -2
-3,5:-4, 0, -12, -4, 10, 8, -2, 14, 4, 6
-3,5:-4, 0, -12, -4, 10, 8, -2, 14, 10, 4
-3,5:-4, 0, -12, -4, 10, 8, -2, 14, 10, 10
-3,5:-4, 0, -12, -4, 10, 8, -2, 14, 10, 12
-3,5:-4, 0, -12, -4, 10, 8, -2, 14, 14, 10
-3,5:-4, 0, -12, -4, 10, 8, -2, 14, 14, 12
-3,5:-4, 0, -12, -4, 10, 8, -2, 14, 14, 14
-3,5:-4, 0, -12, -4, 10, 10, 0, 8, -2, 4
-3,5:-4, 0, -12, -4, 10, 10, 0, 8, -2, 6
-3,5:-4, 0, -12, -4, 10, 10, 0, 8, -2, 8
-3,5:-4, 0, -12, -4, 10, 12, 14, 4, -2, 6
-3,5:-4, 0, -12, -4, 10, 12, 14, 4, -2, 8
-3,5:-4, 0, -12, -4, 10, 12, 14, 4, -2, 10
13,-7:-4, 0, -12, 0, -8, 2, -16, -22, 0, -4
13,-7:-4, 0, -12, 0, -8, 2, -16, -22, 0, -2
13,-7:-4, 0, -12, 0, -8, 2, -16, -22, 0, 0
13,-7:-4, 0, -12, 0, -8, 2, -16, 0, -4, -22
-3,5:-4, 0, -12, 0, -8, 10, -8, 10, -14, -2
-3,5:-4, 0, -12, 0, -8, 10, 2, 4, -2, 12
-3,5:-4, 0, -12, 0, -8, 10, 2, 4, -2, 14
-3,5:-4, 0, -12, 0, -8, 10, 2, 4, -2, 16
6,3:-4, 0, -12, 2, -4, -8, -2, -2, 2, 6
6,3:-4, 0, -12, 2, -4, -8, -2, -2, 2, 8
8,1:-4, 0, -12, 2, -4, -8, -2, 2, 2, 14
8,1:-4, 0, -12, 2, -4, -8, -2, 2, 2, 16
8,1:-4, 0, -12, 2, -4, -8, -2, 2, 14, 2
7,2:-4, 0, -12, 4, -4, -14, -16, -24, 6, -10
7,2:-4, 0, -12, 4, -4, -14, -16, 6, -10, -24
7,2:-4, 0, -12, 4, -4, -14, -16, 6, -10, -14
16,-11:-4, 0, -12, 6, -8, -22, -22, -12, -20, 2
16,-11:-4, 0, -12, 6, -8, -22, -22, -12, -20, 4
16,-11:-4, 0, -12, 6, -8, -22, -22, -12, 2, -20
0,-1:-4, 0, -12, 6, -8, -14, -26, -10, 2, -10
15,6:-4, 0, -12, 6, -2, -12, -4, -4, 6, 4
15,6:-4, 0, -12, 6, -2, -12, -4, -4, 6, 14
7,-7:-4, 0, -12, 6, 2, 10, 6, -8, 0, 12
7,-7:-4, 0, -12, 6, 2, 10, 6, -8, 12, 0
7,-7:-4, 0, -12, 6, 2, 10, 6, -8, 12, 10
5,1:-4, 0, -12, 6, 8, 2, 6, 2, -8, -14
5,1:-4, 0, -12, 6, 8, 2, 6, 2, -8, -12
3,12:-4, 0, -12, 8, 10, -12, 0, 4, 0, -10
3,12:-4, 0, -12, 8, 10, -12, 0, 4, 0, -6
5,6:-4, 0, -12, 8, 10, -8, -8, 2, -6, 16
5,6:-4, 0, -12, 8, 10, -8, -8, 2, -6, 18
5,6:-4, 0, -12, 8, 10, -8, -8, 2, 16, -6
-1,-9:-4, 0, -12, 10, -22, -22, 0, -26, -26, -18
-1,-9:-4, 0, -12, 10, -22, -22, 0, -26, -26, -16
-1,-9:-4, 0, -12, 10, -22, -22, 0, -26, -16, -26
-1,-9:-4, 0, -12, 10, -22, -22, 0, -26, -16, -24
-1,-9:-4, 0, -12, 10, -22, -22, 0, -26, -16, -22
-3,9:-4, 0, -12, 10, -22, -8, -28, -20, -6, -16
-3,9:-4, 0, -12, 10, -22, -8, -28, -20, -6, -14
-3,9:-4, 0, -12, 10, -22, -8, -28, -20, -6, -12
17,-8:-4, 0, -12, 10, -20, -20, 4, 2, -10, -18
-3,-11:-4, 0, -12, 10, -20, -8, -2, 0, -18, -18
7,-9:-4, 0, -12, 10, -20, -6, -6, -6, -2, -8
1,2:-4, 0, -12, 10, 4, 2, -12, -24, -8, -8
-10,-2:-4, 0, -8, -4, -10, -6, -6, -18, -18, -2
-10,-2:-4, 0, -8, -4, -10, -6, -6, -18, -18, 0
-10,-2:-4, 0, -8, -4, -10, -6, -6, -18, -2, -18
-10,-2:-4, 0, -8, -4, -10, -6, -6, -18, -2, -16
-10,-2:-4, 0, -8, -4, -10, -6, -6, -18, -2, -14
7,5:-4, 0, -8, -4, -8, -4, -8, -10, -12, 0
7,5:-4, 0, -8, -4, -8, -4, -8, -10, -12, 4
7,5:-4, 0, -8, -4, -8, -4, -8, -10, 0, -12
7,5:-4, 0, -8, -4, -8, -4, -8, -10, 0, -10
8,-8:-4, 0, -8, -4, -8, -2, -10, -4, -6, 2
8,-8:-4, 0, -8, -4, -8, -2, -10, -4, -6, 4
8,-8:-4, 0, -8, -4, -8, -2, -10, -4, 10, -6
4,-6:-4, 0, -8, -4, -2, 6, 0, -16, 0, 2
4,-6:-4, 0, -8, -4, -2, 6, 0, -16, 0, 4
4,-6:-4, 0, -8, -4, -2, 6, 0, -16, 0, 6
4,-6:-4, 0, -8, -4, -2, 6, 0, -8, 4, -14
4,-6:-4, 0, -8, -4, -2, 6, 0, -8, 4, -12
4,-6:-4, 0, -8, -4, -2, 6, 0, -8, 4, -10
-2,5:-4, 0, -8, -4, -2, 10, -10, -16, -8, -4
-2,5:-4, 0, -8, -4, -2, 10, -10, -8, -4, -16
-2,5:-4, 0, -8, -4, -2, 10, -10, -8, -4, -14
-5,10:-4, 0, -8, -4, 2, 6, 6, -8, -12, 6
-5,10:-4, 0, -8, -4, 2, 6, 6, -8, 6, -12
6,0:-4, 0, -8, -2, -8, -14, -8, 4, 12, 6
6,0:-4, 0, -8, -2, -8, -14, -8, 10, 10, 2
0,-8:-4, 0, -8, 6, -8, 0, 6, -16, -24, 10
0,-8:-4, 0, -8, 6, -8, 0, 6, -16, 10, -24
-6,3:-4, 0, -8, 6, 4, -6, 0, 16, 0, 18
-6,3:-4, 0, -8, 6, 4, -6, 0, 16, 18, 0
8,1:-4, 0, -8, 6, 4, 16, 6, 4, 4, 22
8,1:-4, 0, -8, 6, 4, 16, 6, 4, 8, 14
8,1:-4, 0, -8, 6, 4, 16, 6, 4, 8, 18
8,1:-4, 0, -8, 6, 4, 16, 6, 4, 18, 8
8,1:-4, 0, -8, 6, 4, 16, 6, 4, 18, 10
8,1:-4, 0, -8, 6, 4, 16, 6, 4, 18, 12
8,1:-4, 0, -8, 6, 4, 16, 6, 4, 20, 16
8,1:-4, 0, -8, 6, 4, 16, 6, 10, 14, 4
8,1:-4, 0, -8, 6, 4, 16, 6, 10, 14, 8
8,1:-4, 0, -8, 6, 4, 16, 6, 12, 2, 20
8,1:-4, 0, -8, 6, 4, 16, 6, 12, 12, 8
8,1:-4, 0, -8, 6, 4, 16, 6, 12, 20, 2
8,1:-4, 0, -8, 6, 4, 16, 6, 12, 20, 4
10,-1:-4, 0, -8, 8, 8, -2, 2, 2, 8, 0
-7,10:-4, 0, -4, -6, -16, -10, 4, 16, -14, -20
-7,10:-4, 0, -4, -6, -16, -10, 4, 16, -14, -10
2,20:-4, 0, -4, -6, -6, 14, 14, 4, -14, 12
2,20:-4, 0, -4, -6, -6, 14, 14, 4, 12, -14
2,20:-4, 0, -4, -6, -6, 14, 14, 4, 12, -4
13,-10:-4, 0, -4, -6, 14, 8, -2, 12, 10, 0
13,-10:-4, 0, -4, -6, 14, 8, -2, 12, 10, 2
13,-10:-4, 0, -4, -6, 14, 8, -2, 12, 10, 4
20,20:-4, 0, -4, -2, -4, -4, -4, -8, 0, -10
3,9:-4, 0, -4, 6, 2, 4, 8, 2, -2, -8
-5,12:-4, 0, -4, 6, 8, 2, 14, 6, 2, -12
-5,12:-4, 0, -4, 6, 8, 2, 14, 6, 2, -10
-5,12:-4, 0, -4, 6, 8, 2, 14, 6, 2, -8
23,-8:-4, 0, -4, 6, 10, 2, -26, -26, -16, -24
7,2:-4, 0, -4, 6, 10, 2, -18, -30, -14, -14
1,18:-4, 0, -4, 8, 0, 8, 4, -4, 2, 12
-3,5:-4, 0, -4, 10, -6, -16, 10, 4, -2, -10
-3,5:-4, 0, -4, 10, -6, -16, 10, 4, -2, -6
0,7:-4, 0, -4, 10, -6, -4, -16, -16, 4, -10
-3,5:-4, 0, -4, 10, -6, 8, 14, 4, -2, -22
-3,5:-4, 0, -4, 10, -6, 8, 14, 4, -2, -12
-3,5:-4, 0, -4, 10, 6, -6, 2, -4, -2, -16
-3,5:-4, 0, -4, 10, 6, -6, 2, -4, -2, -12
-3,5:-4, 0, -4, 10, 8, -2, -6, -4, 6, -12
-3,5:-4, 0, -4, 10, 10, 0, 0, -2, -2, -12
-3,5:-4, 0, -4, 10, 10, 0, 0, -2, -2, -10
-3,5:-4, 0, -4, 10, 10, 0, 0, -2, -2, -8
12,0:-4, 0, -2, -10, 6, 6, 2, -2, 14, -2
2,16:-4, 0, -2, -10, 6, 6, 10, 10, 0, 8
-4,4:-4, 0, -2, -8, -6, -18, -16, -16, -18, -4
20,-8:-4, 0, -2, -4, -14, -14, -18, -2, 8, -18
10,8:-4, 0, -2, -4, -14, -6, -6, -16, -8, 8
10,8:-4, 0, -2, -4, -14, -6, -6, -16, 8, -8
11,8:-4, 0, -2, -4, 4, -6, 2, 2, 12, 4
-5,18:-4, 0, -2, -4, 4, -6, 10, -2, 14, 14
2,16:-4, 0, -2, -4, 6, 6, 10, 10, 0, -12
16,-1:-4, 0, -2, 4, 2, -14, -12, -12, -2, -10
0,9:-4, 0, -2, 4, 2, -14, -4, -16, 0, 0
21,-9:-4, 0, -2, 4, 2, -12, -16, -20, -4, -20
11,7:-4, 0, -2, 4, 2, -12, -8, -8, -18, -10
-7,4:-4, 0, -2, 4, 6, 0, 2, -8, -2, -2
-7,4:-4, 0, -2, 4, 6, 0, 2, -8, -2, 0
-7,4:-4, 0, -2, 4, 6, 0, 2, -8, -2, 2
5,-1:-4, 0, -2, 6, 6, 10, -2, 12, 12, 4
2,16:-4, 0, -2, 6, 6, 10, 10, 0, 6, 0
2,16:-4, 0, -2, 6, 6, 10, 10, 0, 8, -10
2,16:-4, 0, -2, 6, 6, 10, 10, 0, 8, -6
6,-2:-4, 0, -2, 6, 8, 2, 0, 12, 10, 4
6,-2:-4, 0, -2, 6, 8, 2, 0, 12, 14, 8
6,-2:-4, 0, -2, 6, 8, 2, 0, 12, 14, 12
17,26:-4, 0, 0, -6, -6, -4, -10, 4, -4, 2
17,26:-4, 0, 0, -6, -6, -4, -10, 4, -2, -6
17,26:-4, 0, 0, -6, -6, -4, -10, 4, -2, -4
23,2:-4, 0, 0, -6, -2, -8, 4, 8, -12, 0
3,6:-4, 0, 0, -6, 0, 0, 0, 4, -6, -10
3,6:-4, 0, 0, -6, 0, 0, 0, 4, -6, -6
5,12:-4, 0, 0, -6, 4, -2, -2, -6, -10, -8
5,12:-4, 0, 0, -6, 4, -2, -2, -6, -8, -10
5,12:-4, 0, 0, -6, 4, -2, -2, -6, -8, -6
-5,12:-4, 0, 0, -6, 6, 8, 2, 14, 6, 0
0,-2:-4, 0, 0, 8, 12, 14, -6, -10, -12, 8
0,-2:-4, 0, 0, 8, 12, 14, -6, -10, 8, -12
0,-2:-4, 0, 0, 8, 12, 14, -6, -10, 8, -10
9,23:-4, 0, 0, 10, 8, 4, 10, 10, 0, -2
15,15:-4, 0, 0, 10, 8, 6, -4, 20, 10, 16
15,15:-4, 0, 0, 10, 8, 6, -4, 20, 12, 8
15,15:-4, 0, 0, 10, 8, 6, -4, 20, 12, 10
26,7:-4, 0, 0, 10, 12, -6, -14, -14, -4, -12
10,17:-4, 0, 0, 10, 12, -6, -6, -18, -2, -2
21,14:-4, 0, 2, 6, -2, -8, -10, -2, 16, 8
3,13:-4, 0, 2, 6, 8, -4, -8, -4, -4, -10
3,13:-4, 0, 2, 6, 8, -4, -8, -4, -4, -8
3,13:-4, 0, 2, 6, 8, -4, -8, -4, -4, -6
12,10:-4, 0, 4, -6, -16, -12, -14, -12, -4, -10
26,7:-4, 0, 4, -6, -14, -14, -4, -12, -6, -12
26,7:-4, 0, 4, -6, -14, -14, -4, -10, -4, -12
26,7:-4, 0, 4, -6, -14, -14, -4, -10, -4, -10
26,7:-4, 0, 4, -6, -14, -14, -4, -10, -4, -8
26,7:-4, 0, 4, -6, -14, -14, -4, -8, -6, -12
17,-1:-4, 0, 4, -6, -10, -16, -20, -8, -10, -2
17,-1:-4, 0, 4, -6, -10, -16, -20, -8, -10, 0
17,-1:-4, 0, 4, -6, -10, -16, -20, -8, -10, 2
17,-1:-4, 0, 4, -6, -10, -16, -20, -8, -2, -10
17,-1:-4, 0, 4, -6, -10, -16, -20, -8, -2, -6
24,-3:-4, 0, 4, -6, 2, -6, -6, -6, -16, -10
4,-6:-4, 0, 4, 4, -6, -16, -6, 4, 2, 6
4,-6:-4, 0, 4, 4, -6, -16, -6, 4, 2, 8
4,-6:-4, 0, 4, 4, -6, -16, -6, 4, 4, 14
4,-6:-4, 0, 4, 4, -6, -16, -6, 4, 6, 2
4,-6:-4, 0, 4, 4, -6, -16, -6, 4, 6, 6
2,-7:-4, 0, 4, 4, 0, -2, -2, 0, 14, 12
4,2:-4, 0, 4, 4, 6, -2, 18, -2, -16, -2
4,2:-4, 0, 4, 4, 6, -2, 18, -2, -16, 2
4,2:-4, 0, 4, 4, 6, -2, 18, -2, -2, -16
16,-8:-4, 0, 4, 4, 6, 16, 0, -10, -14, -14
18,9:-4, 0, 6, -6, -18, 10, 0, 2, 12, -4
-6,18:-4, 0, 6, 2, 8, 12, 0, -4, -6, 4
-2,5:-4, 0, 6, 4, -6, -10, 10, 0, -2, -2
-2,5:-4, 0, 6, 4, -6, -10, 10, 0, -2, 0
2,1:-4, 0, 6, 4, -6, -10, 10, 0, 6, 6
2,1:-4, 0, 6, 4, -6, -10, 10, 0, 6, 8
2,1:-4, 0, 6, 4, -6, -10, 10, 0, 6, 10
1,15:-4, 0, 6, 4, -6, -10, 10, 6, 10, 0
5,-1:-4, 0, 6, 4, -6, -2, 4, 6, 4, -14
1,2:-4, 0, 6, 4, -6, 6, -14, 4, -8, -16
-2,5:-4, 0, 6, 4, -6, 10, 0, -6, -4, -12
-2,5:-4, 0, 6, 4, -6, 10, 0, -6, -4, -10
-2,5:-4, 0, 6, 4, -6, 10, 0, -6, -4, -8
-2,5:-4, 0, 6, 4, -6, 10, 0, -2, -12, -18
-2,5:-4, 0, 6, 4, -6, 10, 0, -2, -12, -12
-2,5:-4, 0, 6, 4, -6, 10, 0, -2, -12, -10
-2,5:-4, 0, 6, 4, -6, 10, 0, -2, -8, -4
-2,5:-4, 0, 6, 4, -6, 10, 0, -2, -8, -2
-2,5:-4, 0, 6, 4, -6, 10, 0, -2, -8, 0
-2,5:-4, 0, 6, 4, -6, 10, 0, -2, -6, -14
-2,5:-4, 0, 6, 4, -6, 10, 0, -2, -6, -12
2,1:-4, 0, 6, 4, -6, 10, 0, 6, 6, -10
1,15:-4, 0, 6, 4, -6, 10, 6, 10, 0, -10
1,15:-4, 0, 6, 4, -6, 10, 6, 10, 0, -6
14,0:-4, 0, 6, 4, 6, -4, 10, -4, 0, -6
18,-3:-4, 0, 6, 8, 4, -8, -16, -16, -6, -14
2,7:-4, 0, 6, 8, 4, -8, -8, -20, -4, -4
-2,3:-4, 0, 6, 8, 12, 6, -2, 4, 10, -10
-2,3:-4, 0, 6, 8, 12, 6, -2, 4, 10, -2
7,3:-4, 0, 8, -6, -12, -10, 2, 16, -14, -8
7,3:-4, 0, 8, -6, -12, -10, 16, -14, -8, 2
7,3:-4, 0, 8, -6, -12, -10, 16, -14, -8, 6
2,5:-4, 0, 8, -2, -24, 22, -4, -6, -4, 0
2,5:-4, 0, 8, -2, -24, 22, -4, -6, -4, 2
-2,6:-4, 0, 8, -2, -14, -2, 4, 4, 14, -20
-2,6:-4, 0, 8, -2, -14, -2, 4, 4, 14, -18
-2,6:-4, 0, 8, -2, -14, -2, 4, 4, 14, -16
4,7:-4, 0, 8, -2, 22, -10, 0, 8, -6, -12
4,7:-4, 0, 8, -2, 22, 0, 8, -6, -12, -6
4,7:-4, 0, 8, -2, 22, 0, 8, -6, -8, -8
4,7:-4, 0, 8, -2, 22, 0, 8, -6, -8, -6
4,7:-4, 0, 8, -2, 22, 0, 8, -6, -8, -4
8,9:-4, 0, 8, -2, 22, 2, 0, -2, 2, -6
-1,-9:-4, 0, 10, -22, -22, 0, -26, -26, -18, -12
-1,-9:-4, 0, 10, -22, -22, 0, -26, -26, -18, -10
-1,-9:-4, 0, 10, -22, -22, 0, -26, -26, -18, -8
8,-12:-4, 0, 10, -4, -2, 4, -4, 4, -12, -2
8,-12:-4, 0, 10, -4, -2, 4, -4, 4, -12, 2
8,-12:-4, 0, 10, -4, -2, 4, -4, 4, -2, -12
23,4:-4, 2, 0, -8, -14, -14, -4, -6, -10, -8
11,11:-4, 2, 0, -8, -6, -2, 0, -2, -14, -8
11,11:-4, 2, 0, -8, -6, -2, 0, -2, -14, -6
7,-3:-4, 2, 0, -8, -4, -10, -4, -2, -4, -12
6,-1:-4, 2, 0, -8, 4, -30, -18, -14, -6, -24
15,31:-4, 2, 2, -14, -10, 4, 12, 12, 2, -4
15,31:-4, 2, 2, -14, -10, 4, 12, 12, 2, 6
11,11:-4, 2, 2, -14, 6, -12, -4, -4, -14, -20
11,11:-4, 2, 2, -14, 6, -12, -4, -4, -14, -10
23,4:-4, 2, 2, -8, -14, -16, -16, -14, -4, -8
23,4:-4, 2, 2, -8, -14, -14, -4, -6, -10, -8
23,4:-4, 2, 2, -8, -14, -14, -4, -6, -10, -6
23,4:-4, 2, 2, -8, -14, -14, -4, -6, -10, 0
23,4:-4, 2, 2, -8, -14, -14, -4, -6, -4, -8
23,4:-4, 2, 2, -8, -14, -14, -4, -6, -4, -6
23,4:-4, 2, 2, -8, -14, -14, -4, -6, -4, -4
23,4:-4, 2, 2, -8, -14, -14, -4, -6, -2, 0
23,4:-4, 2, 2, -8, -14, -14, -4, -6, 0, -6
23,4:-4, 2, 2, -8, -14, -14, -4, -4, 4, -6
23,4:-4, 2, 2, -8, -14, -14, -4, 4, -12, -12
23,4:-4, 2, 2, -8, -14, -14, -4, 4, -8, -12
8,8:-4, 2, 2, -8, -10, -18, 0, -4, -22, -10
5,3:-4, 2, 2, -8, -4, -16, -20, -22, -32, -26
5,3:-4, 2, 2, -8, -4, -16, -20, -22, -32, -24
5,3:-4, 2, 2, -8, -4, -16, -20, -22, -32, -22
5,3:-4, 2, 2, -8, -4, -16, -20, -20, -16, -14
5,3:-4, 2, 2, -8, -4, -16, -20, -20, -16, -12
5,3:-4, 2, 2, -8, -4, -16, -20, -20, -16, -10
5,3:-4, 2, 2, -8, -4, -16, -20, -12, -10, -18
5,3:-4, 2, 2, -8, -4, -16, -20, -12, -10, -16
5,3:-4, 2, 2, -8, -4, -16, -20, -12, -10, -14
1,3:-4, 2, 6, -14, 2, -12, 6, 10, -8, 0
22,0:-4, 2, 6, -14, 10, 4, -12, -8, -2, -16
-3,-1:-4, 2, 6, -8, -14, -6, -8, 4, -18, 2
-5,1:-4, 2, 6, -8, -14, 0, 0, 2, 10, -10
-5,1:-4, 2, 6, -8, -14, 0, 0, 2, 10, -6
-3,4:-4, 2, 6, -8, 2, -10, 2, -2, 0, -14
-3,4:-4, 2, 6, -8, 2, -10, 2, -2, 0, -12
-3,4:-4, 2, 6, -8, 2, -10, 2, -2, 0, -10
7,3:-4, 2, 6, -8, 10, 6, 10, 6, 22, 6
5,0:-4, 2, 6, 0, -8, -4, -6, -14, 0, 10
5,0:-4, 2, 6, 0, -8, -4, -6, 0, 10, -14
1,1:-4, 2, 6, 0, 8, 10, -14, -14, 12, 2
1,1:-4, 2, 6, 0, 8, 10, -14, -14, 14, 20
1,1:-4, 2, 6, 0, 8, 10, -14, 12, 2, -14
1,1:-4, 2, 6, 0, 8, 10, 8, -14, -14, 18
16,-6:-4, 2, 6, 2, 6, -2, -6, -4, 8, -16
14,-2:-4, 2, 6, 2, 6, 2, -8, -6, 4, 4
6,14:-4, 2, 6, 6, 12, 18, 0, 4, 10, -6
11,4:-4, 4, -10, -12, -14, 4, -2, -2, 8, 0
-5,14:-4, 4, -10, -12, -14, 4, 6, -6, 10, 10
4,0:-4, 4, -10, -12, -12, -14, -12, -22, -16, -2
4,0:-4, 4, -10, -12, -12, -14, -12, -22, -16, 0
4,0:-4, 4, -10, -12, -12, -14, -12, -22, -2, -16
4,0:-4, 4, -10, -12, -12, -14, -12, -22, -2, -14
4,0:-4, 4, -10, -12, -12, -14, -12, -22, -2, -12
6,-2:-4, 4, -10, -8, -6, -4, 4, -8, -2, 4
6,-2:-4, 4, -10, -8, -6, -4, 4, -8, -2, 6
6,-2:-4, 4, -10, -8, -6, -4, 4, -8, -2, 8
16,-3:-4, 4, -10, -8, 6, 4, 10, 10, 20, 2
16,-3:-4, 4, -10, -8, 6, 4, 10, 10, 20, 6
1,4:-4, 4, -10, -6, -14, 2, -2, -12, 6, -6
2,8:-4, 4, -10, -6, -12, 6, 4, 10, 2, -6
11,3:-4, 4, -10, -6, -8, -16, 6, 4, -6, 4
11,3:-4, 4, -10, -6, -8, -16, 6, 4, -6, 6
5,-2:-4, 4, -10, -6, -4, 2, 4, 2, -2, 0
11,6:-4, 4, -10, -6, 0, 0, -8, -2, -4, -12
11,12:-4, 4, -10, -6, 2, 2, 4, 16, 2, 6
19,-14:-4, 4, -10, -2, -18, -14, -10, -10, -12, -22
19,-6:-4, 4, -10, -2, -16, -16, -22, -10, -6, -10
21,-2:-4, 4, -10, -2, -14, -10, -18, -18, -8, -16
5,8:-4, 4, -10, -2, -14, -10, -10, -22, -6, -6
26,5:-4, 4, -10, 0, -8, -16, -16, -6, -12, -8
26,5:-4, 4, -10, 0, -8, -16, -16, -6, -12, 2
26,5:-4, 4, -10, 0, -8, -16, -16, -6, -8, -10
26,5:-4, 4, -10, 0, -8, -16, -16, -6, -8, -8
26,5:-4, 4, -10, 0, -8, -16, -16, -6, 2, -12
26,5:-4, 4, -10, 0, -8, -16, -16, -6, 2, -8
10,15:-4, 4, -10, 0, -8, -8, -20, -10, -4, -4
14,12:-4, 4, -10, 0, -8, -8, -4, -2, -4, 8
14,12:-4, 4, -10, 0, -8, -8, -4, -2, 8, -4
8,4:-4, 4, -10, 0, -8, -6, -18, -22, -22, -14
8,4:-4, 4, -10, 0, -8, -6, -18, -22, -22, -12
8,4:-4, 4, -10, 0, -8, -6, -18, -22, -12, -22
8,4:-4, 4, -10, 0, -8, -6, -18, -22, -12, -20
8,4:-4, 4, -10, 0, -8, -6, -18, -22, -12, -18
21,6:-4, 4, -10, 0, -6, -10, -4, -2, -6, -4
11,3:-4, 4, -10, 0, -6, -8, -16, -6, 0, 2
11,3:-4, 4, -10, 0, -6, -8, -16, -6, 0, 4
17,4:-4, 4, -10, 0, -6, 2, 8, -2, -10, 4
3,-7:-4, 4, -10, 2, -16, -22, -4, -10, -2, 2
11,-7:-4, 4, -10, 2, -16, -8, -20, -26, -24, -30
11,-7:-4, 4, -10, 2, -16, -8, -20, -26, -24, -28
16,12:-4, 4, -10, 2, -16, -8, -8, -18, -10, -14
16,12:-4, 4, -10, 2, -16, -8, -8, -4, -18, -10
26,-4:-4, 4, -10, 2, -16, -4, -16, -20, -4, -20
16,-7:-4, 4, -8, -16, -16, -18, -20, -8, -4, -4
16,-7:-4, 4, -8, -16, -16, -18, -20, -8, -4, 0
16,-7:-4, 4, -8, -16, -16, -18, -20, -8, 0, -4
5,-4:-4, 4, -8, -16, -16, 6, 10, 0, 6, -16
5,-4:-4, 4, -8, -16, -16, 6, 10, 0, 6, -14
5,-4:-4, 4, -8, -16, -16, 6, 10, 0, 6, -12
4,-11:-4, 4, -8, -16, -10, -4, -16, -18, -26, -6
4,-11:-4, 4, -8, -16, -10, -4, -16, -18, -6, -26
4,-11:-4, 4, -8, -16, -10, -4, -16, -18, -6, -16
4,-11:-4, 4, -8, -16, -10, -4, -16, -8, -6, -26
5,3:-4, 4, -8, -16, 6, -10, -18, 0, -12, -16
8,16:-4, 4, -8, -16, 6, -4, 2, -18, -6, -4
8,16:-4, 4, -8, -16, 6, -4, 2, -18, -4, -2
8,16:-4, 4, -8, -16, 6, -4, 2, -18, -4, 0
8,16:-4, 4, -8, -16, 6, -4, 2, -18, 0, 2
8,16:-4, 4, -8, -16, 6, -4, 2, -16, -6, -6
8,16:-4, 4, -8, -16, 6, -4, 2, -16, -6, -2
8,16:-4, 4, -8, -16, 6, -4, 2, -16, -4, -6
8,16:-4, 4, -8, -16, 6, -4, 2, -16, 0, -4
8,16:-4, 4, -8, -16, 6, -4, 2, -16, 0, -2
8,16:-4, 4, -8, -16, 6, -4, 2, -16, 0, 0
8,16:-4, 4, -8, -16, 6, -4, 2, 0, -18, -4
19,-3:-4, 4, -8, -14, -20, -26, -22, -4, -8, -14
5,-4:-4, 4, -8, -14, -18, 6, 10, 0, 6, -22
5,-4:-4, 4, -8, -14, -18, 6, 10, 0, 6, -20
18,-17:-4, 4, -8, -14, 0, -2, -14, -28, -18, -30
18,-17:-4, 4, -8, -14, 0, -2, -14, -28, -18, -28
11,2:-4, 4, -8, -12, -14, -16, -14, -14, -20, -8
15,13:-4, 4, -8, -12, -14, -6, -6, 2, -16, -8
25,-3:-4, 4, -8, -12, -14, 2, -14, -18, -2, -18
5,-4:-4, 4, -8, -12, -4, 6, 10, 0, 6, -10
5,-4:-4, 4, -8, -12, -4, 6, 10, 0, 6, -8
5,-4:-4, 4, -8, -12, -4, 6, 10, 0, 6, -6
21,-3:-4, 4, -8, -6, 0, -12, -10, -14, 2, -14
11,13:-4, 4, -8, -6, 0, -12, -2, -2, -12, -4
-1,2:-4, 4, -8, -6, 6, -12, 12, 22, 0, 12
-1,2:-4, 4, -8, -6, 6, -12, 12, 22, 0, 14
-1,2:-4, 4, -8, -6, 6, -12, 12, 22, 0, 16
-1,2:-4, 4, -8, -6, 6, -12, 12, 22, 12, 0
-1,2:-4, 4, -8, -6, 6, -12, 12, 22, 12, 2
14,-5:-4, 4, -8, -4, -12, -14, -16, -4, 0, 0
14,-5:-4, 4, -8, -4, -12, -14, -16, -4, 0, 2
14,-14:-4, 4, -4, -28, -14, -10, -28, -36, -34, 0
14,-14:-4, 4, -4, -28, -14, -10, -28, -36, 0, -34
0,-2:-4, 4, -4, -26, -12, -24, -26, -14, -12, -2
0,-2:-4, 4, -4, -26, -12, -24, -14, -12, -2, -26
0,-2:-4, 4, -4, -26, -12, -24, -14, -12, -2, -24
0,-2:-4, 4, -4, -26, -12, -24, -14, -12, -2, -22
12,-4:-4, 4, -4, -22, -22, -28, -20, -20, -30, -22
9,8:-4, 4, -4, -20, -12, -10, 0, -2, -10, -14
14,-6:-4, 4, -4, -16, -34, -30, -32, -30, -22, -26
28,-9:-4, 4, -4, -16, -32, -32, -22, -30, -24, -30
28,-9:-4, 4, -4, -16, -32, -32, -22, -28, -18, -24
28,-9:-4, 4, -4, -16, -32, -32, -22, -28, -18, -22
28,-9:-4, 4, -4, -16, -32, -32, -22, -28, -18, -20
28,-9:-4, 4, -4, -16, -32, -32, -22, -26, -24, -30
19,-17:-4, 4, -4, -16, -28, -34, -38, -26, -26, -20
19,-17:-4, 4, -4, -16, -28, -34, -38, -26, -26, -18
19,-17:-4, 4, -4, -16, -28, -34, -38, -26, -26, -16
19,-17:-4, 4, -4, -16, -28, -34, -38, -26, -20, -26
19,-17:-4, 4, -4, -16, -28, -34, -38, -26, -20, -24
19,-17:-4, 4, -4, -16, -28, -34, -38, -26, -20, -22
12,-6:-4, 4, -4, -14, -24, -14, -18, -26, -10, -6
12,-6:-4, 4, -4, -14, -24, -14, -18, -26, -10, -4
12,-6:-4, 4, -4, -14, -24, -14, -18, -26, -10, -2
12,-6:-4, 4, -4, -14, -24, -14, -18, -26, -6, -6
8,-4:-4, 4, -4, -12, -24, -18, -28, -30, -24, -22
15,-16:-4, 4, -4, -12, -20, -8, -28, -14, -26, -24
15,-16:-4, 4, -4, -12, -20, -8, -28, -14, -26, -22
20,6:-4, 4, -2, -12, -6, 2, 0, -4, 12, -4
10,22:-4, 4, -2, -12, -6, 2, 8, 8, -2, 6
1,-2:-4, 4, -2, -12, -2, -10, -6, -2, -14, -14
1,-2:-4, 4, -2, -12, -2, -10, -6, -2, -10, -18
1,-2:-4, 4, -2, -12, -2, -10, -6, -2, -10, -16
1,-2:-4, 4, -2, -12, -2, -10, -6, -2, -10, -14
3,-4:-4, 4, -2, -12, -2, -10, 8, 10, 12, 18
-4,20:-4, 4, -2, -12, -2, 8, 0, 14, -10, 10
-12,2:-4, 4, -2, -12, -2, 8, 16, 18, -16, -6
21,0:-4, 4, -2, -12, 0, -10, -16, -16, -6, -14
5,10:-4, 4, -2, -12, 0, -10, -8, -20, -4, -4
0,-3:-4, 4, -2, -12, 2, 4, -2, 6, -2, 4
14,16:-4, 4, -2, -8, -10, -2, -2, -12, -10, -4
14,16:-4, 4, -2, -8, -10, -2, -2, -12, -4, -16
14,16:-4, 4, -2, -8, -10, -2, -2, -12, -4, -12
14,16:-4, 4, -2, -8, -10, -2, -2, -12, -4, -4
-4,-4:-4, 4, -2, 2, 0, 4, 10, -2, -8, -12
-4,-4:-4, 4, -2, 2, 0, 4, 10, -2, -8, -8
-3,9:-4, 4, -2, 2, 6, 0, -16, 8, 0, -14
-3,9:-4, 4, -2, 2, 6, 0, -16, 8, 0, -12
-3,9:-4, 4, -2, 2, 6, 0, -16, 8, 0, -10
17,-1:-4, 4, -2, 2, 12, 18, 12, 12, -2, 8
17,-1:-4, 4, -2, 2, 12, 18, 12, 12, -2, 10
17,-1:-4, 4, -2, 2, 12, 18, 12, 12, -2, 12
1,-3:-4, 4, -2, 2, 14, 12, 18, 0, -18, -20
1,-3:-4, 4, -2, 2, 14, 12, 18, 0, -16, -16
1,-3:-4, 4, -2, 2, 14, 12, 18, 0, -16, -10
15,-3:-4, 4, -2, 6, -16, -14, -4, 2, -6, -6
21,1:-4, 4, -2, 6, -16, 2, -6, -10, 6, -10
11,17:-4, 4, -2, 6, -16, 2, 2, 2, -8, 0
13,8:-4, 4, -2, 6, -2, -26, 2, -16, -48, -28
6,14:-4, 4, 4, -6, -6, -16, -8, -4, -2, -4
6,14:-4, 4, 4, -6, -6, -16, -8, -4, -2, -2
6,14:-4, 4, 4, -6, -6, -16, -8, -4, -2, 0
6,14:-4, 4, 4, -6, -6, -16, -8, -4, 2, -2
6,14:-4, 4, 4, -6, -6, -16, -6, -10, 0, -2
6,14:-4, 4, 4, -6, -6, -16, -6, 0, -2, -8
6,14:-4, 4, 4, -6, -6, -16, 0, -8, -2, -6
6,14:-4, 4, 4, -6, -6, -16, 0, -8, -2, -4
6,14:-4, 4, 4, -6, -6, -16, 0, -8, -2, -2
6,14:-4, 4, 4, -6, -6, -16, 0, -8, 2, 2
6,14:-4, 4, 4, -6, -6, -16, 0, -4, 0, -2
6,14:-4, 4, 4, -6, -6, -16, 0, -4, 2, 2
6,14:-4, 4, 4, -6, -6, -16, 0, -2, -4, -4
6,14:-4, 4, 4, -6, -6, -16, 0, 2, -2, -2
6,14:-4, 4, 4, -6, -6, -16, 0, 2, -2, 0
6,14:-4, 4, 4, -6, -6, -16, 2, -8, -2, -6
6,14:-4, 4, 4, -6, -6, -16, 2, -8, 2, -2
6,14:-4, 4, 4, -6, -6, -16, 2, -8, 2, 2
6,14:-4, 4, 4, -6, -6, -14, -14, 2, 2, -4
6,14:-4, 4, 4, -6, -6, -14, -8, 0, -4, -6
6,14:-4, 4, 4, -6, -6, -14, -8, 0, -2, -2
6,14:-4, 4, 4, -6, -6, -14, -8, 0, -2, 0
6,14:-4, 4, 4, -6, -6, -14, -8, 0, -2, 2
6,14:-4, 4, 4, -6, -6, -14, 0, 0, -4, -8
6,14:-4, 4, 4, -6, -6, -14, 0, 0, -4, -6
6,14:-4, 4, 4, -6, -6, -14, 0, 0, -4, -4
6,14:-4, 4, 4, -6, -6, -14, 0, 0, -2, -10
6,14:-4, 4, 4, -6, -6, -14, 0, 0, -2, -8
6,14:-4, 4, 4, -6, -6, -14, 0, 0, -2, -6
6,14:-4, 4, 4, -6, -6, -14, 0, 2, 0, -4
6,14:-4, 4, 4, -6, -6, -14, 2, 2, -6, 0
6,14:-4, 4, 4, -6, -6, 0, -8, -4, 2, -12
6,14:-4, 4, 4, -6, -6, 0, -8, -4, 2, -10
6,14:-4, 4, 4, -6, -6, 0, -6, -6, -14, -2
6,14:-4, 4, 4, -6, -6, 0, -6, -6, -4, -14
6,14:-4, 4, 4, -6, -6, 0, -6, -6, -4, -12
6,14:-4, 4, 4, -6, -6, 0, -6, -6, -4, -10
6,14:-4, 4, 4, -6, -6, 0, -6, -6, -2, -4
6,14:-4, 4, 4, -6, -6, 0, -6, -6, 0, -2
6,14:-4, 4, 4, -6, -6, 0, -4, -14, -2, -4
6,14:-4, 4, 4, -6, -6, 0, -4, -2, 2, -4
6,14:-4, 4, 4, -6, -6, 0, -4, 0, 0, -6
6,14:-4, 4, 4, -6, -6, 0, -4, 0, 0, -2
6,14:-4, 4, 4, -6, -6, 0, -2, -6, -6, -2
6,14:-4, 4, 4, -6, -6, 0, -2, -4, -6, 2
6,14:-4, 4, 4, -6, -6, 0, -2, -4, 2, -6
6,14:-4, 4, 4, -6, -6, 0, -2, 2, -8, 2
6,14:-4, 4, 4, -6, -6, 0, 0, -2, -10, -10
6,14:-4, 4, 4, -6, -6, 0, 2, -2, -6, -6
6,14:-4, 4, 4, -6, -6, 0, 2, -2, -6, -2
6,14:-4, 4, 4, -6, -6, 0, 2, -2, -4, -6
6,14:-4, 4, 4, -6, -6, 0, 2, -2, 0, -4
6,14:-4, 4, 4, -6, -6, 0, 2, -2, 0, -2
6,14:-4, 4, 4, -6, -6, 0, 2, -2, 0, 0
6,14:-4, 4, 4, -6, -6, 2, -4, -4, 2, 0
6,14:-4, 4, 4, -6, -6, 2, 2, -4, -14, 2
6,14:-4, 4, 4, -6, -6, 2, 2, -4, 2, -14
6,14:-4, 4, 4, -6, -6, 2, 2, -4, 2, -12
6,14:-4, 4, 4, -6, -6, 2, 2, -4, 2, -10
6,14:-4, 4, 4, -6, -4, -10, -10, -2, -12, -10
6,14:-4, 4, 4, -6, -4, -10, -10, -2, -12, -8
6,14:-4, 4, 4, -6, -4, -10, -10, -2, -12, -6
6,14:-4, 4, 4, -6, -4, -10, -6, -10, 0, -6
6,14:-4, 4, 4, -6, -4, -10, -6, -10, 0, -4
6,14:-4, 4, 4, -6, -4, -10, -6, -10, 0, -2
6,14:-4, 4, 4, -6, -4, -10, 0, -4, -2, -2
6,14:-4, 4, 4, -6, -4, -10, 0, -4, -2, 0
6,14:-4, 4, 4, -6, -4, -10, 0, 2, 0, 0
6,14:-4, 4, 4, -6, -4, -8, -14, -12, -16, -8
6,14:-4, 4, 4, -6, -4, -8, -14, -12, -16, -6
6,14:-4, 4, 4, -6, -4, -8, -14, -12, -12, -14
6,14:-4, 4, 4, -6, -4, -8, -14, -12, -10, -12
6,14:-4, 4, 4, -6, -4, -8, -14, -10, -20, -8
6,14:-4, 4, 4, -6, -4, -8, -14, -10, -10, -12
6,14:-4, 4, 4, -6, -4, -8, -14, -10, -4, -14
6,14:-4, 4, 4, -6, -4, -8, -12, -10, -12, -12
6,14:-4, 4, 4, -6, -4, -8, -12, -10, -8, -16
6,14:-4, 4, 4, -6, -4, -8, -12, -10, -8, -14
6,14:-4, 4, 4, -6, -4, -8, -12, -10, -8, -12
6,14:-4, 4, 4, -6, -4, -8, -12, -8, -8, -14
6,14:-4, 4, 4, -6, -4, -8, -12, -8, -8, -8
6,14:-4, 4, 4, -6, -4, -8, -12, -8, -6, -4
6,14:-4, 4, 4, -6, -4, -6, 2, -8, 2, -4
6,14:-4, 4, 4, -6, -4, -6, 2, -8, 2, -2
6,14:-4, 4, 4, -6, -4, -6, 2, -8, 2, 0
6,14:-4, 4, 4, -6, -4, 0, 0, -10, 0, -6
6,14:-4, 4, 4, -6, -4, 0, 0, -10, 0, -4
6,14:-4, 4, 4, -6, -4, 0, 0, -10, 0, -2
6,14:-4, 4, 4, -6, -4, 0, 0, 0, 2, -6
5,-4:-4, 4, 4, -6, 4, 22, -2, 6, 10, -6
5,-4:-4, 4, 4, -6, 4, 22, -2, 6, 10, -4
5,-4:-4, 4, 4, -6, 4, 22, -2, 6, 10, -2
5,-4:-4, 4, 4, -6, 4, 22, 6, 10, -8, -14
5,-4:-4, 4, 4, -6, 4, 22, 6, 10, -8, -12
20,11:-4, 4, 4, 4, -14, -4, -4, 6, 0, 4
20,11:-4, 4, 4, 4, -14, -4, -4, 6, 0, 14
20,11:-4, 4, 4, 4, -14, -4, -4, 6, 4, 0
2,-13:-4, 4, 4, 4, 10, -10, -2, -10, -4, 22
10,-9:-4, 4, 4, 4, 14, -8, -4, -10, 6, -2
6,14:-4, 4, 4, 6, -6, -2, -10, 16, -8, -8
6,14:-4, 4, 4, 6, -6, -2, -4, -6, 16, -8
6,14:-4, 4, 4, 6, -6, -2, -4, -6, 16, -6
6,14:-4, 4, 4, 6, -6, -2, 16, -12, -20, -16
6,14:-4, 4, 4, 6, -6, -2, 16, -12, -20, -14
6,14:-4, 4, 4, 6, -6, -2, 16, -12, -20, -12
6,14:-4, 4, 4, 6, -6, -2, 16, -12, -16, -16
6,14:-4, 4, 4, 6, 6, 6, -6, -2, -10, -2
6,14:-4, 4, 4, 6, 6, 6, 6, -6, -14, 0
6,14:-4, 4, 4, 6, 6, 6, 6, -6, -14, 2
6,14:-4, 4, 4, 6, 6, 12, -6, 16, 0, 2
6,14:-4, 4, 4, 6, 6, 12, 6, -6, -14, 16
6,14:-4, 4, 4, 6, 6, 12, 6, -6, -14, 20
2,16:-4, 4, 4, 6, 6, 12, 10, 8, -14, 0
19,4:-4, 4, 6, 2, -16, 0, -12, 4, -10, 12
19,4:-4, 4, 6, 2, -16, 0, -12, 4, -10, 14
19,4:-4, 4, 6, 2, -16, 0, -12, 4, -10, 16
19,4:-4, 4, 6, 2, -16, 0, -12, 4, 12, -10
11,-11:-4, 4, 6, 6, -4, -14, -8, -12, 4, -12
1,5:-4, 4, 6, 6, -4, -14, 0, 0, -10, -2
9,1:6, -4, -4, -12, -14, 0, -4, -4, -8, -6
7,8:6, -4, -4, -12, -6, -14, 8, -2, 6, 14
1,11:6, -4, -4, -6, -6, -4, 2, 0, -10, 6
0,7:6, -4, -4, -6, 6, -8, -12, -24, -20, -4
0,7:6, -4, -4, -6, 6, -8, -12, -24, -16, -4
0,7:6, -4, -4, -6, 6, -8, -12, -16, -4, -24
0,7:6, -4, -4, -6, 6, -8, -12, -16, -4, -22
0,7:6, -4, -4, -6, 6, -8, -12, -16, -4, -20
0,7:6, -4, -4, -6, 6, -8, -12, -4, -24, -12
0,7:6, -4, -4, -6, 6, -8, -12, -4, -12, -24
0,7:6, -4, -4, -6, 6, -8, -12, -4, -8, -20
0,7:6, -4, -4, -6, 6, -8, -12, -4, -8, -18
0,7:6, -4, -4, -6, 6, -8, -12, -4, -2, -16
8,-1:6, -4, -4, -6, 6, 10, 0, 2, 12, 6
8,-1:6, -4, -4, -6, 6, 10, 0, 2, 12, 8
8,-1:6, -4, -4, -6, 6, 10, 0, 2, 12, 10
8,-1:6, -4, -4, -6, 6, 10, 0, 12, 14, 6
-6,13:6, -4, -4, -6, 6, 10, 12, 14, 4, 6
19,1:6, -4, -4, -4, -8, 2, -6, 8, 4, -8
3,5:6, -4, -4, -4, -6, -2, 8, 2, 8, -2
9,-4:6, -4, -4, -4, -4, 10, 10, 4, 0, 14
9,-4:6, -4, -4, -4, -4, 10, 10, 4, 0, 18
9,-4:6, -4, -4, -4, -4, 10, 10, 4, 14, 0
9,-4:6, -4, -4, -4, -4, 10, 10, 4, 14, 2
9,-4:6, -4, -4, -4, -4, 10, 10, 10, 14, 4
9,-4:6, -4, -4, -4, -4, 10, 10, 10, 14, 6
9,-4:6, -4, -4, -4, -4, 10, 10, 10, 14, 8
9,-4:6, -4, -4, -4, -4, 10, 10, 10, 16, 8
1,8:6, -4, -4, 0, -12, -12, -6, 6, 10, 0
0,8:6, -4, -4, 0, -12, -4, 10, 8, -2, 6
0,8:6, -4, -4, 0, -12, -4, 10, 8, -2, 8
0,8:6, -4, -4, 0, -12, -4, 10, 8, 6, -2
3,-9:6, -4, -4, 0, -12, 0, 8, 2, -4, 0
5,-2:6, -4, -4, 0, -4, 8, -6, -14, -14, 4
0,8:6, -4, -4, 0, -4, 10, 8, -2, 6, -12
0,8:6, -4, -4, 0, -4, 10, 8, -2, 6, -10
0,8:6, -4, -4, 0, -4, 10, 8, -2, 6, -8
-1,7:6, -4, -4, 0, -2, -4, -14, -22, -16, -2
6,16:6, -4, -4, 0, 2, 6, 8, -4, -8, -10
6,16:6, -4, -4, 0, 2, 6, 8, -4, -8, -6
26,7:6, -4, -4, 2, 0, -8, -14, -14, -4, -8
9,17:6, -4, -4, 4, 4, -6, -14, -2, -2, 0
9,17:6, -4, -4, 4, 4, -6, -14, -2, -2, 2
9,17:6, -4, -4, 4, 4, -6, -6, -16, -4, -10
9,17:6, -4, -4, 4, 4, -6, -6, -16, -4, -8
9,17:6, -4, -4, 4, 4, -6, -6, -16, -4, -6
9,17:6, -4, -4, 4, 4, -6, -4, -10, -10, -10
9,17:6, -4, -4, 4, 4, -6, -4, -10, -10, -8
9,17:6, -4, -4, 4, 4, -6, -4, -10, -10, -6
9,17:6, -4, -4, 4, 4, -6, -4, -10, -6, -8
9,17:6, -4, -4, 4, 4, -6, -4, -10, -6, -6
9,17:6, -4, -4, 4, 4, -6, -4, -10, -6, 0
9,17:6, -4, -4, 4, 4, -6, -4, -10, 0, -2
9,17:6, -4, -4, 4, 4, -6, -4, -8, -14, -8
9,17:6, -4, -4, 4, 4, -6, -4, -8, -12, -16
9,17:6, -4, -4, 4, 4, -6, -4, -8, -12, -14
9,17:6, -4, -4, 4, 4, -6, -4, -6, 2, -4
9,17:6, -4, -4, 4, 4, -6, -4, -6, 2, -2
9,17:6, -4, -4, 4, 4, -6, -4, -6, 2, 0
9,17:6, -4, -4, 4, 4, -6, -4, 0, 0, -6
9,17:6, -4, -4, 4, 4, -6, -4, 0, 0, -4
9,17:6, -4, -4, 4, 4, -6, -4, 0, 0, -2
9,17:6, -4, -4, 4, 4, 6, -6, -14, 0, 2
9,17:6, -4, -4, 4, 4, 6, -6, -2, -14, 16
9,17:6, -4, -4, 4, 4, 6, -6, -2, -14, 18
9,17:6, -4, -4, 4, 4, 6, -6, -2, 16, -14
9,17:6, -4, -4, 4, 4, 6, -6, -2, 16, -6
9,17:6, -4, -4, 4, 4, 6, 6, -6, -14, -2
11,2:6, -4, 6, -4, -4, -6, 6, 10, 0, 6
11,2:6, -4, 6, -4, -4, -6, 6, 10, 0, 8
11,2:6, -4, 6, -4, -4, -6, 6, 10, 0, 10
11,2:6, -4, 6, -4, -4, -6, 6, 10, 6, 0
11,2:6, -4, 6, -4, -4, -6, 6, 10, 6, 2
19,8:6, -4, 6, -4, -4, -4, -8, -10, -20, -8
19,8:6, -4, 6, -4, -4, -4, -8, -10, -8, -20
22,4:6, -4, 6, -4, -4, -4, -8, -2, 8, -8
12,20:6, -4, 6, -4, -4, 4, 4, -6, -14, -4
12,20:6, -4, 6, -4, -4, 4, 4, -6, -14, 0
12,20:6, -4, 6, -4, -4, 4, 4, -6, -4, -4
12,20:6, -4, 6, -4, -4, 4, 4, -6, -4, -2
12,20:6, -4, 6, -4, -4, 4, 4, -6, 0, -14
12,20:6, -4, 6, -4, -4, 4, 4, -6, 0, -4
18,11:6, -4, 6, 6, -2, -4, -4, -2, 8, 4
18,11:6, -4, 6, 6, -2, -2, 8, 6, 2, 4
18,11:6, -4, 6, 6, -2, -2, 8, 6, 2, 6
18,11:6, -4, 6, 6, -2, -2, 8, 6, 2, 12
18,11:6, -4, 6, 6, -2, -2, 8, 6, 8, 4
18,11:6, -4, 6, 6, -2, -2, 8, 6, 8, 6
18,11:6, -4, 6, 6, -2, -2, 8, 6, 8, 8
18,11:6, -4, 6, 6, -2, -2, 8, 6, 10, 12
18,11:6, -4, 6, 6, -2, -2, 8, 6, 12, 6
18,11:6, -4, 6, 6, -2, -2, 8, 8, 16, 6
18,11:6, -4, 6, 6, -2, -2, 8, 16, 0, 0
18,11:6, -4, 6, 6, -2, -2, 8, 16, 4, 0
3,15:6, -4, 6, 6, 2, -6, 12, 8, -10, 2
0,10:6, -4, 6, 6, 8, -4, -8, -10, -20, -14
0,10:6, -4, 6, 6, 8, -4, -8, -10, -20, -12
0,10:6, -4, 6, 6, 8, -4, -8, -10, -20, -10
0,10:6, -4, 6, 6, 8, -4, -8, -8, -4, -2
0,10:6, -4, 6, 6, 8, -4, -8, -8, -4, 0
0,10:6, -4, 6, 6, 8, -4, -8, -8, -4, 2
0,10:6, -4, 6, 6, 8, -4, -8, 0, 2, -6
0,10:6, -4, 6, 6, 8, -4, -8, 0, 2, -4
0,10:6, -4, 6, 6, 8, -4, -8, 0, 2, -2
4,7:6, 6, -4, 0, 10, 6, 18, 22, 12, 18
4,7:6, 6, -4, 0, 10, 6, 18, 22, 12, 20
4,7:6, 6, -4, 0, 10, 6, 18, 22, 12, 22
4,7:6, 6, -4, 0, 10, 6, 18, 22, 18, 12
4,7:6, 6, -4, 0, 10, 6, 18, 22, 18, 14
12,13:6, 6, -4, 0, 10, 8, 4, 2, -8, 4
12,13:6, 6, -4, 0, 10, 8, 4, 2, 4, -8
15,9:6, 6, -4, 0, 10, 8, 4, 10, 20, 4
5,25:6, 6, -4, 0, 10, 16, 16, 6, -2, 8
5,25:6, 6, -4, 0, 10, 16, 16, 6, -2, 12
5,25:6, 6, -4, 0, 10, 16, 16, 6, 8, 8
5,25:6, 6, -4, 0, 10, 16, 16, 6, 8, 10
5,25:6, 6, -4, 0, 10, 16, 16, 6, 12, -2
5,25:6, 6, -4, 0, 10, 16, 16, 6, 12, 8
5,25:6, 6, -4, 2, 10, 16, 16, 6, 8, 8
5,25:6, 6, -4, 2, 10, 16, 16, 6, 14, 6
15,8:6, 6, -2, -4, -4, -6, -4, -2, 8, 6
15,8:6, 6, -2, -4, -4, -6, -2, 8, 4, 4
15,8:6, 6, -2, -4, -4, -6, -2, 8, 6, 0
15,8:6, 6, -2, -4, -4, -6, -2, 8, 6, 2
15,8:6, 6, -2, -4, -4, -6, -2, 8, 6, 4
17,10:6, 6, -2, -4, 10, 6, 18, 0, 12, 8
17,10:6, 6, -2, -4, 10, 6, 18, 0, 12, 18
17,10:6, 6, -2, -4, 10, 6, 18, 0, 18, 12
17,10:6, 6, -2, -4, 10, 6, 18, 0, 18, 14
17,10:6, 6, -2, -4, 10, 6, 18, 0, 20, 0
-3,7:6, 6, -2, -4, 10, 16, -8, -8, 0, 18
9,4:6, 6, -2, -4, 12, -2, -8, 8, 0, 4
15,8:6, 6, -2, -2, -4, 8, 4, -20, 8, -18
15,8:6, 6, -2, -2, -4, 8, 4, -20, 8, -16
15,8:6, 6, -2, -2, -4, 8, 4, -20, 8, -14
15,8:6, 6, -2, -2, -4, 8, 4, -16, 6, 6
15,8:6, 6, -2, -2, -4, 8, 4, -16, 6, 10
15,8:6, 6, -2, -2, -4, 8, 4, -16, 6, 16
15,8:6, 6, -2, -2, -4, 8, 4, -16, 12, 12
15,8:6, 6, -2, -2, -4, 8, 4, -16, 12, 16
15,8:6, 6, -2, -2, -4, 8, 4, -16, 14, 20
15,8:6, 6, -2, -2, -4, 8, 4, -16, 14, 24
-3,7:6, 6, -2, -2, -4, 14, -8, -10, -16, -14
-3,7:6, 6, -2, -2, -4, 14, -8, -10, -16, -12
-3,7:6, 6, -2, -2, -4, 14, -8, -10, -16, -10
12,22:6, 6, -2, -2, -2, 6, 6, -4, -12, 0
-3,7:6, 6, -2, -2, 8, -2, -20, -4, -8, 0
-3,7:6, 6, -2, -2, 8, -2, -20, -4, -8, 8
-3,7:6, 6, -2, -2, 8, -2, -20, -4, 0, -8
15,8:6, 6, -2, -2, 8, 6, 2, 2, 12, 6
15,8:6, 6, -2, -2, 8, 6, 2, 2, 12, 8
15,8:6, 6, -2, -2, 8, 6, 2, 2, 12, 10
15,8:6, 6, -2, -2, 8, 6, 8, 0, 10, 4
15,8:6, 6, -2, -2, 8, 6, 8, 0, 10, 6
15,8:6, 6, -2, -2, 8, 6, 8, 0, 10, 8
15,8:6, 6, -2, -2, 8, 6, 10, 14, 6, 6
15,8:6, 6, -2, -2, 8, 6, 10, 14, 6, 8
15,8:6, 6, -2, -2, 8, 6, 10, 14, 6, 10
15,8:6, 6, -2, -2, 8, 6, 10, 14, 10, 12
15,8:6, 6, -2, -2, 8, 6, 10, 14, 12, 8
15,8:6, 6, -2, -2, 8, 6, 10, 14, 12, 12
15,8:6, 6, -2, -2, 8, 6, 12, 2, 0, 0
15,8:6, 6, -2, -2, 8, 6, 12, 2, 6, 2
15,8:6, 6, -2, -2, 8, 6, 12, 2, 6, 6
15,8:6, 6, -2, -2, 8, 6, 12, 8, 12, 6
15,8:6, 6, -2, -2, 8, 6, 12, 8, 12, 8
15,8:6, 6, -2, -2, 8, 6, 12, 8, 12, 10
15,8:6, 6, -2, -2, 8, 6, 12, 12, 4, 6
15,8:6, 6, -2, -2, 8, 6, 12, 12, 4, 8
15,8:6, 6, -2, -2, 8, 6, 12, 12, 4, 10
15,8:6, 6, -2, -2, 8, 8, 0, 0, 2, 14
15,8:6, 6, -2, -2, 8, 8, 0, 0, 2, 18
15,8:6, 6, -2, -2, 8, 8, 0, 0, 14, 2
15,8:6, 6, -2, -2, 8, 8, 0, 2, 4, 12
15,8:6, 6, -2, -2, 8, 8, 0, 2, 4, 14
15,8:6, 6, -2, -2, 8, 8, 0, 2, 14, 2
15,8:6, 6, -2, -2, 8, 8, 2, 2, 14, 4
15,8:6, 6, -2, -2, 8, 8, 14, 6, 4, 6
15,8:6, 6, -2, -2, 8, 8, 14, 6, 4, 8
15,8:6, 6, -2, -2, 8, 8, 14, 6, 4, 10
-2,3:6, 6, -2, 4, 0, -12, -10, -16, 2, 16
-1,3:6, 6, -2, 4, 8, 4, 12, 8, 4, 14
-1,3:6, 6, -2, 4, 8, 4, 12, 8, 14, 4
-5,14:6, 6, -2, 6, 16, 26, 16, 10, 20, 26
-5,14:6, 6, -2, 6, 16, 26, 16, 10, 20, 28
-5,14:6, 6, -2, 6, 16, 26, 16, 20, 26, 10
-8,30:6, 6, -2, 6, 18, 34, 34, 24, 20, 22
-8,30:6, 6, -2, 6, 18, 34, 34, 24, 24, 26
-8,30:6, 6, -2, 6, 18, 34, 34, 24, 24, 30
-8,30:6, 6, -2, 6, 18, 34, 34, 24, 26, 24
-8,30:6, 6, -2, 6, 18, 34, 34, 24, 26, 26
-8,30:6, 6, -2, 6, 18, 34, 34, 24, 26, 28
16,12:6, 6, -2, 12, 2, 10, 10, 6, 22, 6
6,28:6, 6, -2, 12, 2, 10, 18, 18, 8, 16
6,24:6, 6, -2, 12, 2, 16, 4, 16, 18, 16
16,11:6, 6, -2, 12, 8, 4, 0, 16, -6, -16
-6,8:6, 6, -2, 14, 8, 10, 4, 2, 10, 12
-6,8:6, 6, -2, 14, 8, 10, 4, 2, 10, 14
-6,8:6, 6, -2, 14, 8, 10, 4, 2, 10, 16
-6,8:6, 6, -2, 14, 8, 10, 4, 10, 12, 2
-6,8:6, 6, -2, 14, 8, 10, 4, 10, 12, 6
18,13:6, 6, -2, 14, 16, 8, 0, 0, 10, 10
18,-2:6, 6, -2, 16, 4, -6, -6, -10, 6, -10
8,14:6, 6, -2, 16, 4, -6, 2, 2, -8, 0
-1,-6:6, 6, 2, -8, 10, 18, 6, 28, 0, 8
-10,-1:6, 6, 2, -8, 10, 22, 10, 4, 2, 18
-10,-1:6, 6, 2, -8, 10, 22, 10, 4, 18, 2
-4,11:6, 6, 2, -6, 2, -10, -4, 6, 18, 8
8,6:6, 6, 2, -6, 4, -20, -10, 2, 8, 6
8,6:6, 6, 2, -6, 4, -20, -10, 2, 8, 8
8,6:6, 6, 2, -6, 4, -20, -10, 10, 2, 8
7,0:6, 6, 2, -6, 4, -2, -2, 4, -12, 18
7,0:6, 6, 2, -6, 4, -2, -2, 4, -12, 20
7,0:6, 6, 2, -6, 4, -2, -2, 4, -12, 26
7,0:6, 6, 2, -6, 4, -2, -2, 4, 18, -12
-4,9:6, 6, 2, -6, 8, 14, -10, 0, 0, -4
4,12:6, 6, 2, -4, -2, -8, -8, 2, 18, 16
6,0:6, 6, 2, -4, -2, -8, 8, 2, 8, 8
6,0:6, 6, 2, -4, -2, -8, 8, 2, 8, 12
6,0:6, 6, 2, -4, -2, -8, 8, 2, 12, 8
4,1:6, 6, 2, -4, 10, -2, -2, 0, -6, -12
13,14:6, 6, 2, -2, -2, 10, 0, 4, 2, -6
5,21:6, 6, 2, -2, 6, 0, 12, 12, 2, -4
5,21:6, 6, 2, -2, 6, 0, 12, 12, 2, 6
8,28:6, 6, 2, -2, 8, 16, 16, 6, 8, 8
8,28:6, 6, 2, -2, 8, 16, 16, 6, 8, 12
-3,3:6, 6, 2, 0, -4, -12, 8, -6, -4, 0
14,5:6, 6, 2, 0, -4, -6, 6, 10, 6, 10
14,5:6, 6, 2, 0, -4, -6, 6, 10, 6, 12
14,5:6, 6, 2, 0, -4, -6, 6, 10, 6, 14
7,9:6, 6, 2, 0, 8, -2, 18, 16, 18, 12
16,17:6, 6, 2, 2, -8, -6, -4, 2, -18, -12
12,18:6, 6, 2, 2, -8, -4, 16, 14, 8, 2
27,19:6, 6, 2, 2, 8, 8, 6, 12, -2, 2
-1,8:6, 6, 2, 4, -4, -6, 0, 2, -10, -6
5,8:6, 6, 2, 4, -2, 2, -4, -8, -10, -6
6,-1:6, 6, 2, 6, -8, -14, -8, 4, 18, 12
6,-1:6, 6, 2, 6, -8, -14, -8, 4, 18, 14
6,-1:6, 6, 2, 6, -8, -14, -8, 4, 18, 16
6,-1:6, 6, 2, 6, -8, -6, -12, 4, 10, -6
6,-1:6, 6, 2, 6, -8, -6, -10, 4, 10, -12
6,-1:6, 6, 2, 6, -8, -6, -8, 4, 10, -8
6,-1:6, 6, 2, 6, -8, -6, -8, 4, 10, -6
6,-1:6, 6, 2, 6, -8, -6, -8, 4, 10, -4
6,-1:6, 6, 2, 6, -8, -6, -2, 4, 10, -12
6,-1:6, 6, 2, 6, -8, -6, -2, 4, 10, -6
6,-1:6, 6, 2, 6, -8, -6, -2, 4, 10, -4
-5,6:6, 6, 2, 10, 6, 4, -4, 2, -6, 14
-5,6:6, 6, 2, 10, 6, 4, -4, 2, -6, 16
-5,6:6, 6, 2, 10, 6, 4, -4, 2, -6, 18
-5,6:6, 6, 2, 10, 6, 4, -4, 2, 14, -6
-5,6:6, 6, 2, 10, 6, 4, -4, 2, 14, -4
-5,6:6, 6, 2, 10, 6, 4, -4, 2, 14, -2
-6,8:6, 6, 6, -8, 6, -8, -16, -12, -10, -8
-6,8:6, 6, 6, -8, 6, -8, -16, -12, -10, -6
-6,8:6, 6, 6, -8, 6, -8, -16, -12, -10, -4
-6,8:6, 6, 6, -8, 6, -8, -16, -4, -2, -10
-6,8:6, 6, 6, -8, 6, -8, -16, -4, -2, -8
-6,8:6, 6, 6, -8, 6, -8, -16, -4, -2, -6
-6,8:6, 6, 6, -8, 6, -8, -16, -2, -2, 0
-6,8:6, 6, 6, -8, 6, -8, -16, -2, -2, 2
-6,8:6, 6, 6, -8, 6, -8, -16, -2, -2, 8
-6,8:6, 6, 6, -8, 6, -8, -16, -2, 4, 0
-6,8:6, 6, 6, -8, 6, -8, -16, -2, 4, 2
-6,8:6, 6, 6, -8, 6, -8, -16, -2, 4, 4
-6,8:6, 6, 6, -8, 6, -8, -16, -2, 6, 8
-6,8:6, 6, 6, -8, 6, -8, -16, 0, -8, -10
-6,8:6, 6, 6, -8, 6, -8, -16, 0, -8, -8
-6,8:6, 6, 6, -8, 6, -8, -16, 0, -8, -6
-6,8:6, 6, 6, -8, 6, -8, -12, -14, -4, -12
-6,8:6, 6, 6, -8, 6, -8, -12, -14, 4, -10
-6,8:6, 6, 6, -8, 6, -8, -12, -14, 4, -8
-6,8:6, 6, 6, -8, 6, -8, -12, -6, -14, -10
-6,8:6, 6, 6, -8, 6, -8, -12, -6, -14, -8
-6,8:6, 6, 6, -8, 6, -8, -12, -6, -14, -6
-6,8:6, 6, 6, -8, 6, -8, -12, -6, -10, -10
-6,8:6, 6, 6, -8, 6, -8, -12, 0, -8, 10
-6,8:6, 6, 6, -8, 6, -8, -12, 0, 2, 0
-6,8:6, 6, 6, -8, 6, -8, -4, 0, -2, 0
-6,8:6, 6, 6, -8, 6, -8, -4, 0, -2, 2
-6,8:6, 6, 6, -8, 6, -8, -4, 0, -2, 4
-6,8:6, 6, 6, -8, 6, -8, -2, -10, -8, -4
13,21:6, 6, 6, -6, 2, 4, 4, -6, -6, -4
13,21:6, 6, 6, -6, 2, 4, 4, -6, 2, 0
-3,9:6, 6, 6, -6, 10, 8, -6, 0, 18, 14
13,8:6, 6, 6, -4, 6, 8, 10, 18, 6, -2
7,23:6, 6, 6, 10, 14, 18, -4, 20, 12, 4
7,23:6, 6, 6, 10, 14, 18, 20, 12, 4, -4
-3,7:6, 6, 8, -4, -8, -10, -12, -20, -8, 0
-3,7:6, 6, 8, -4, -8, -10, -12, -20, -4, -4
-3,7:6, 6, 8, -4, -8, -10, -12, -20, 2, -10
-3,7:6, 6, 8, -4, -8, -10, -12, -20, 2, -6
-3,7:6, 6, 8, -4, -8, -10, -12, -10, -12, -2
-3,7:6, 6, 8, -4, -8, -10, -12, -10, 0, -10
-3,7:6, 6, 8, -4, -8, -10, -12, -10, 0, -8
-3,7:6, 6, 8, -4, -8, -10, -12, -6, 0, -20
-3,7:6, 6, 8, -4, -8, -10, -12, -6, 0, -10
-3,7:6, 6, 8, -4, -8, -10, -12, 0, -8, -20
-3,7:6, 6, 8, -4, -8, -10, -12, 0, -8, -12
-3,7:6, 6, 8, -4, -8, -10, -12, 0, 0, -8
-3,7:6, 6, 8, -4, -8, -10, -4, -4, 0, -18
-3,7:6, 6, 8, -4, -8, -10, -4, -4, 0, -8
-3,7:6, 6, 8, -4, -8, -10, -2, -8, -18, -22
-3,7:6, 6, 8, -4, -8, -8, -4, -4, -6, 2
-3,7:6, 6, 8, -4, -8, 0, -10, 0, 2, -6
-3,7:6, 6, 8, -4, -8, 0, -10, 0, 2, -4
-3,7:6, 6, 8, -4, -8, 0, -10, 0, 2, -2
7,-6:6, 6, 8, -4, 2, -6, -8, -10, 2, 4
-7,6:6, 6, 8, -4, 2, -6, -2, -2, -12, 0
5,-1:6, 6, 8, -4, 10, 14, 6, 4, 22, 24
5,-1:6, 6, 8, -4, 10, 14, 6, 4, 26, 14
5,-1:6, 6, 8, -4, 10, 14, 6, 4, 26, 16
5,-1:6, 6, 8, -4, 10, 14, 6, 4, 26, 18
5,-1:6, 6, 8, -4, 10, 14, 6, 10, 14, 20
5,-1:6, 6, 8, -4, 10, 14, 6, 10, 16, 14
5,-1:6, 6, 8, -4, 10, 14, 6, 10, 18, 18
5,-1:6, 6, 8, -4, 10, 14, 6, 10, 18, 20
5,-1:6, 6, 8, -4, 10, 14, 6, 10, 18, 22
5,-1:6, 6, 8, -4, 10, 14, 6, 10, 24, 14
5,-1:6, 6, 8, -4, 10, 14, 6, 10, 24, 20
5,-1:6, 6, 8, -4, 10, 14, 6, 10, 24, 22
5,-1:6, 6, 8, -4, 10, 14, 6, 14, 22, 24
5,-1:6, 6, 8, -4, 10, 14, 6, 14, 22, 26
5,-1:6, 6, 8, -4, 10, 14, 6, 14, 22, 28
5,-1:6, 6, 8, -4, 10, 14, 6, 14, 24, 28
5,-1:6, 6, 8, -4, 10, 14, 6, 16, 26, 4
5,-1:6, 6, 8, -4, 10, 14, 6, 16, 26, 14
5,-1:6, 6, 8, -4, 10, 14, 6, 22, 32, 10
5,-1:6, 6, 8, -4, 10, 14, 18, 6, 30, 24
5,-1:6, 6, 8, -4, 10, 14, 18, 6, 30, 26
5,-1:6, 6, 8, -4, 10, 14, 18, 6, 30, 28
5,-1:6, 6, 8, -4, 10, 14, 20, 6, 22, 30
11,10:6, 6, 8, 2, 10, 4, 4, 14, 8, 12
11,10:6, 6, 8, 2, 10, 4, 4, 14, 8, 22
11,10:6, 6, 8, 2, 10, 4, 4, 14, 12, 10
11,10:6, 6, 8, 2, 10, 4, 4, 14, 12, 12
11,10:6, 6, 8, 2, 10, 4, 4, 14, 22, 8
11,10:6, 6, 8, 2, 10, 4, 4, 14, 22, 12
-5,20:6, 6, 8, 2, 10, 12, 0, 10, 16, 16
-1,17:6, 6, 8, 2, 10, 12, 16, 18, 16, 28
-1,17:6, 6, 8, 2, 10, 12, 16, 18, 28, 16
-7,9:6, 6, 8, 2, 10, 14, 2, -2, -2, 6
-7,9:6, 6, 8, 2, 10, 14, 2, -2, -2, 8
-7,9:6, 6, 8, 2, 10, 14, 2, -2, 8, -2
-7,9:6, 6, 8, 2, 10, 14, 2, -2, 8, 0
-7,9:6, 6, 8, 2, 10, 14, 2, -2, 8, 2
12,9:6, 6, 8, 6, 8, 10, 2, 2, 12, 4
-4,19:6, 6, 8, 6, 8, 10, 10, -2, 14, 14
-4,6:6, 6, 8, 8, 0, -2, -6, 2, 10, -2
-4,6:6, 6, 8, 8, 0, -2, -6, 2, 10, 4
7,-3:6, 6, 8, 8, 6, 6, 4, 0, 16, 0
8,12:6, 6, 8, 8, 16, 16, 4, 4, -4, -2
1,27:6, 6, 8, 10, 2, 16, 22, 22, 12, 16
-4,27:6, 6, 8, 10, 8, 18, 10, 10, 34, 22
-4,27:6, 6, 8, 10, 8, 18, 10, 34, 22, 10
-4,27:6, 6, 8, 10, 8, 18, 10, 34, 22, 12
0,6:6, 6, 8, 10, 18, -2, 20, 16, 32, 16
-10,22:6, 6, 8, 10, 18, -2, 28, 28, 18, 26
-10,22:6, 6, 8, 10, 18, 28, 28, 18, 26, -2
-10,22:6, 6, 8, 10, 18, 28, 28, 18, 26, 8
-3,7:6, 6, 14, 2, -4, -8, -10, 6, -16, -8
-3,7:6, 6, 14, 2, -4, -8, -8, 10, 0, 12
-3,7:6, 6, 14, 2, -4, -8, -8, 10, 0, 14
-3,7:6, 6, 14, 2, -4, -8, -8, 10, 0, 16
-1,8:6, 6, 14, 2, 6, 6, 16, 10, 2, 4
-1,8:6, 6, 14, 2, 6, 6, 16, 10, 2, 6
-1,8:6, 6, 14, 2, 6, 6, 16, 10, 4, 2
-1,8:6, 6, 14, 2, 6, 6, 16, 10, 10, 0
9,4:6, 6, 14, 6, -4, -6, -2, 2, 6, 6
9,4:6, 6, 14, 6, -4, -6, -2, 2, 6, 16
9,4:6, 6, 14, 6, -4, -6, -2, 2, 16, 6
9,4:6, 6, 14, 6, -4, -6, -2, 6, 16, 2
4,9:6, 6, 14, 6, -4, -6, 16, -12, -6, 2
18,6:6, 6, 14, 6, -4, 0, -14, -12, 4, -2
18,6:6, 6, 14, 6, -4, 0, -14, -12, 4, 2
3,10:6, 6, 14, 6, -4, 0, -4, -4, -12, -12
3,10:6, 6, 14, 6, -4, 0, -4, -4, -12, -8
5,-7:6, 6, 14, 6, -4, 14, 12, 20, 18, -2
-3,7:6, 6, 14, 6, 0, -4, -8, -8, 0, 2
-3,7:6, 6, 14, 6, 0, -4, -8, -8, 0, 12
4,8:6, 6, 14, 6, 0, 16, 0, 0, -8, 2
11,5:6, 6, 14, 6, 10, 8, 8, 4, 20, 4
1,21:6, 6, 14, 6, 10, 8, 16, 16, 6, 14
0,-5:6, 6, 14, 8, 14, 8, 12, 6, 6, -2
11,10:6, 6, 16, -16, 4, 2, 14, 18, 8, 14
11,10:6, 6, 16, -16, 4, 2, 14, 18, 8, 16
11,10:6, 6, 16, -16, 4, 2, 14, 18, 8, 18
11,10:6, 6, 16, -16, 4, 2, 14, 18, 14, 8
11,10:6, 6, 16, -16, 4, 2, 14, 18, 14, 10
19,16:6, 6, 16, -16, 4, 4, 0, -2, -12, 0
19,16:6, 6, 16, -16, 4, 4, 0, -2, 0, -12
22,12:6, 6, 16, -16, 4, 4, 0, 6, 16, 0
12,28:6, 6, 16, -16, 4, 12, 12, 2, -6, 4
12,28:6, 6, 16, -16, 4, 12, 12, 2, -6, 8
12,28:6, 6, 16, -16, 4, 12, 12, 2, 4, 4
12,28:6, 6, 16, -16, 4, 12, 12, 2, 4, 6
12,28:6, 6, 16, -16, 4, 12, 12, 2, 8, -6
12,28:6, 6, 16, -16, 4, 12, 12, 2, 8, 4
21,22:6, 6, 16, -16, 14, 14, 6, 6, 16, 8
5,32:6, 6, 16, -16, 14, 14, 14, 2, 18, 18
23,2:6, 6, 16, -8, -8, -16, -16, -6, -14, 6
23,2:6, 6, 16, -8, -8, -16, -16, -6, -14, 8
23,2:6, 6, 16, -8, -8, -16, -16, -6, -14, 10
23,2:6, 6, 16, -8, -8, -16, -16, -6, 6, -14
7,12:6, 6, 16, -8, -8, -8, -20, -4, 6, -4
