2,-4:-4, -6, -4
5,-9:-4, 0, 4, 6
10,-2:-4, 4, -8, 2
-1,2:-4, -6, -6, -4, -8
2,-4:-4, -4, 4, -4, 2
2,-4:-4, -4, 4, -4, 4
2,-4:-4, -4, 4, -4, 6
2,-4:-4, -4, 6, -4, 0
2,-4:-4, -4, 6, -4, 10
-9,-5:-4, 2, 6, 10, 14
-9,-5:-4, 2, 6, 10, 18
2,-4:-4, 4, -8, -4, -10
2,-4:-4, 4, -8, -4, -8
10,-2:-4, 4, -8, -4, -4
10,-2:-4, 4, -8, -4, -2
10,-2:-4, 4, -8, 0, -4
5,-1:6, -4, -4, -6, -4
7,-2:6, 6, 2, 4, 8
7,-2:6, 6, 2, 4, 12
-3,6:6, 6, 8, 6, 10
2,-4:-4, -12, 0, -8, -4, -14
2,-4:-4, -12, 0, -8, -4, -12
2,-4:-4, -12, 0, -8, -4, -10
6,11:-4, -12, 4, 4, 6, -8
-3,18:-4, -6, -14, 2, 8, -2
8,-4:-4, -6, -8, -6, -2, -10
12,-1:-4, -6, -8, -2, -10, -20
-4,-2:-4, -6, -6, -16, 0, -4
-4,-2:-4, -6, -6, -14, -8, 2
-4,-2:-4, -6, -6, -14, 2, -8
3,7:-4, -6, -6, -4, 2, -8
3,7:-4, -6, -6, -4, 2, -6
3,7:-4, -6, -6, -4, 2, -4
-4,-2:-4, -6, -6, 0, -4, -16
-4,-2:-4, -6, -6, 0, -4, -12
4,-8:-4, -6, 0, -8, -12, -10
11,5:-4, -4, -8, -12, -14, 6
11,5:-4, -4, -8, -12, -14, 8
11,5:-4, -4, -8, -12, -14, 10
15,-2:-4, -4, -8, -12, -6, 6
15,-2:-4, -4, -8, -12, -4, 6
15,-2:-4, -4, -8, -12, -4, 8
15,-2:-4, -4, -8, -12, -4, 10
11,5:-4, -4, -8, -12, 6, -14
15,-2:-4, -4, -8, -12, 6, -4
15,-2:-4, -4, -8, -12, 6, -2
2,-4:-4, -4, 4, -4, -2, 0
2,-4:-4, -4, 4, -4, -2, 2
2,-4:-4, -4, 4, -4, -2, 4
3,12:-4, -4, 8, 6, 10, 2
2,-4:-4, -4, 10, 6, -4, 2
2,-4:-4, -4, 10, 6, -4, 4
2,-4:-4, -4, 10, 6, -4, 6
4,11:-4, 0, -8, -10, 8, 2
2,8:-4, 0, -8, 8, 10, -8
-4,4:-4, 0, -2, 4, 0, -8
21,7:-4, 0, 4, -6, 4, -6
9,1:-4, 0, 8, -2, -24, 18
9,1:-4, 0, 8, -2, 18, -24
9,1:-4, 0, 8, -2, 18, -18
9,1:-4, 0, 8, -2, 18, -16
3,21:-4, 2, 2, -14, -10, 16
-1,1:-4, 2, 2, -14, 0, 6
-1,1:-4, 2, 2, -14, 0, 14
-1,1:-4, 2, 2, -14, 6, 0
-9,-5:-4, 2, 6, 10, 12, 12
-9,-5:-4, 2, 6, 10, 16, 8
-9,-5:-4, 2, 6, 10, 16, 10
-9,-5:-4, 2, 6, 10, 16, 12
2,-2:-4, 4, -10, -12, -14, -2
10,2:-4, 4, -10, -6, -4, 0
7,2:-4, 4, -10, 0, -6, -12
10,2:-4, 4, -10, 0, -6, -4
2,-4:-4, 4, -8, -16, -4, -10
2,-4:-4, 4, -8, -14, -4, -16
2,-4:-4, 4, -8, -4, -12, -12
2,-4:-4, 4, -8, -4, -12, -10
2,-4:-4, 4, -8, -4, -12, -8
2,-4:-4, 4, -8, -4, -6, -10
2,-4:-4, 4, -8, -4, -6, -8
10,-2:-4, 4, -8, -4, 0, -4
10,-2:-4, 4, -8, -4, 0, -2
-2,-5:-4, 4, -8, 6, -4, -2
10,-2:-4, 4, -8, 6, 6, 10
23,-9:-4, 4, -4, -16, -14, -24
23,-9:-4, 4, -4, -16, -14, -22
26,-16:-4, 4, -4, -12, -10, -28
26,-16:-4, 4, -4, -12, -10, -26
26,-16:-4, 4, -4, -12, -10, -24
2,-4:-4, 4, 4, -6, -4, 14
4,10:-4, 4, 4, 6, -14, -10
4,10:-4, 4, 4, 6, -14, -8
4,10:-4, 4, 4, 6, -14, -6
8,-6:6, -4, -4, 0, 4, 6
13,1:6, -4, -4, 4, -8, 2
-1,14:6, 6, -2, 10, 0, 16
-1,14:6, 6, -2, 10, 16, 0
-8,9:6, 6, 2, -2, -4, 18
7,-2:6, 6, 2, 4, 6, 10
7,-2:6, 6, 2, 4, 6, 12
7,-2:6, 6, 2, 4, 6, 14
16,2:-4, -14, -12, 14, -12, -14, -12
-4,4:-4, -14, -8, 10, 10, 8, 10
-2,3:-4, -14, -8, 20, 16, 18, 22
-2,3:-4, -14, -8, 20, 16, 18, 26
-12,11:-4, -14, -8, 20, 22, 20, 24
-4,4:-4, -14, 10, 10, 8, 10, -8
-4,4:-4, -14, 10, 10, 8, 10, -6
-4,4:-4, -14, 10, 10, 8, 10, -4
18,1:-4, -14, 14, -2, -6, -4, 0
18,1:-4, -14, 14, -2, -6, -4, 4
8,9:-4, -14, 14, -2, 0, -2, 2
10,2:-4, -12, -14, 0, -2, -6, -12
10,2:-4, -12, -14, 0, -2, -6, -10
4,-3:-4, -12, -8, -14, -20, 0, -10
26,4:-4, -12, -8, -14, 0, -14, -4
-1,-8:-4, -12, -6, -16, -2, 0, -12
-1,-8:-4, -12, -6, -16, -2, 0, -2
9,-1:-4, -12, -6, -2, -4, -8, -2
9,-1:-4, -12, -6, -2, -4, -8, 0
0,8:-4, -12, -4, 6, -8, 16, 12
0,8:-4, -12, -4, 6, 16, 12, -8
16,4:-4, -12, 0, -10, -2, 0, 2
2,-4:-4, -12, 0, -8, -6, -4, -12
2,-4:-4, -12, 0, -8, -6, -4, -10
2,-4:-4, -12, 0, -8, -6, -4, -8
16,3:-4, -12, 0, -2, -12, -6, 2
17,-9:-4, -12, 0, -2, -6, -12, -14
7,1:-4, -12, 4, -6, -8, 4, 8
-2,5:-4, -6, -14, 2, 4, 0, 6
-2,5:-4, -6, -14, 2, 4, 6, 0
1,5:-4, -6, -14, 2, 4, 6, 8
-2,5:-4, -6, -14, 2, 4, 10, 0
0,5:-4, -6, -14, 2, 6, 10, 6
0,11:-4, -6, -14, 2, 12, 6, 8
-3,4:-4, -6, -14, 6, -4, -16, -14
-3,4:-4, -6, -14, 6, -4, -14, -12
-3,4:-4, -6, -14, 6, -4, -14, -6
-3,4:-4, -6, -14, 6, -4, -12, -18
-3,4:-4, -6, -14, 6, -4, -6, -10
-3,4:-4, -6, -14, 6, -4, -6, -8
10,-10:-4, -6, -8, -20, -20, -20, -18
8,-4:-4, -6, -8, -6, -12, -8, -4
8,-4:-4, -6, -8, -6, -12, -8, -2
8,-4:-4, -6, -8, -6, -12, -8, 0
8,-4:-4, -6, -8, -6, -12, -6, -14
8,-4:-4, -6, -8, -6, -12, -6, -10
8,-4:-4, -6, -8, -6, -12, -2, -10
8,-4:-4, -6, -8, -6, -12, -2, -8
8,-4:-4, -6, -8, -6, -12, -2, -6
8,-4:-4, -6, -8, -6, -10, -6, 2
8,-4:-4, -6, -8, -6, -2, -6, -12
8,-4:-4, -6, -8, -6, 4, -10, -2
8,-4:-4, -6, -8, -6, 4, -10, 0
8,-4:-4, -6, -8, -6, 4, -10, 2
5,-3:-4, -6, -6, -16, -6, 2, 4
-4,-2:-4, -6, -6, -16, 0, 2, -4
5,-4:-4, -6, -6, -16, 2, -8, -2
-4,-2:-4, -6, -6, -16, 2, -4, -8
-4,-2:-4, -6, -6, -16, 2, -4, -4
7,2:-4, -6, -6, -14, -14, -14, -12
8,-6:-4, -6, -6, 0, -8, -4, 2
8,-6:-4, -6, -6, 0, -8, -4, 6
8,-6:-4, -6, -6, 0, -8, 6, -4
-4,-2:-4, -6, -6, 0, -4, -14, -10
-4,-2:-4, -6, -6, 0, -4, -14, -8
-4,-2:-4, -6, -6, 0, -4, -14, -6
-4,-2:-4, -6, -6, 0, -4, -10, -10
-4,-2:-4, -6, -6, 0, 2, -8, -12
-4,-2:-4, -6, -6, 0, 2, -8, -10
8,-6:-4, -6, -6, 0, 2, -8, 4
8,-6:-4, -6, -6, 0, 2, -8, 6
8,-6:-4, -6, -6, 0, 2, 6, -8
-1,-4:-4, -6, -6, 2, -10, -12, -20
-3,-3:-4, -6, -6, 2, 2, -4, -14
-3,-3:-4, -6, -6, 2, 2, -4, -12
-3,-3:-4, -6, -6, 2, 2, -4, -10
9,-1:-4, -6, -6, 2, 4, -8, -4
3,12:-4, -6, -6, 4, -10, -4, -14
1,-3:-4, -6, -4, -10, 0, -4, -2
4,-6:-4, -6, -4, -8, -14, -12, -16
3,-7:-4, -6, -4, -6, -8, -10, -8
7,-13:-4, -6, 0, -8, -6, -2, 0
12,-6:-4, -6, 0, -8, -2, -14, -4
5,-12:-4, -6, 0, -2, -30, -16, -16
5,-12:-4, -6, 0, -2, -16, -16, -30
5,-12:-4, -6, 0, -2, -16, -16, -22
25,-8:-4, -6, 0, -2, -14, -32, -32
12,-2:-4, -6, 6, -8, -12, -12, 4
12,-2:-4, -6, 6, -8, -12, 4, -12
-5,14:-4, -6, 6, 0, -8, -16, 8
7,-3:-4, -6, 6, 10, -4, -12, 6
7,-3:-4, -6, 6, 10, -4, -12, 8
7,-3:-4, -6, 6, 10, -4, -12, 10
7,-3:-4, -6, 6, 10, -4, 6, -12
3,12:-4, -4, -14, 8, 6, 10, -4
3,12:-4, -4, -14, 8, 6, 10, 0
11,5:-4, -4, -8, -12, -14, 14, 8
11,5:-4, -4, -8, -12, -14, 14, 10
11,5:-4, -4, -8, -12, -14, 14, 12
11,5:-4, -4, -8, -12, -12, 6, -10
15,-2:-4, -4, -8, -12, -10, 0, 6
15,-2:-4, -4, -8, -12, -8, 6, -10
15,-2:-4, -4, -8, -12, -6, 0, 10
15,-2:-4, -4, -8, -12, -6, 2, 4
15,-2:-4, -4, -8, -12, -6, 8, -6
15,-2:-4, -4, -8, -12, -6, 8, -4
15,-2:-4, -4, -8, -12, -6, 8, -2
15,-2:-4, -4, -8, -12, -4, 14, 8
15,-2:-4, -4, -8, -12, -4, 14, 10
15,-2:-4, -4, -8, -12, -4, 14, 12
14,13:-4, -4, -8, -12, 0, -16, 8
14,13:-4, -4, -8, -12, 0, -16, 10
15,-2:-4, -4, -8, -12, 0, 6, -4
14,13:-4, -4, -8, -12, 0, 8, -16
15,-2:-4, -4, -8, -12, 0, 8, -10
15,-2:-4, -4, -8, -12, 0, 8, -4
15,-2:-4, -4, -8, -12, 0, 8, -2
4,16:-4, -4, -8, -10, -20, -6, 8
7,12:-4, -4, -8, -10, -20, -6, 14
7,12:-4, -4, -8, -10, -20, -6, 16
12,-2:-4, -4, -6, -2, -8, -30, -6
20,-13:-4, -4, -6, -2, -8, -18, -12
20,-13:-4, -4, -6, -2, -8, -10, -8
20,-13:-4, -4, -6, -2, -8, -10, -6
12,-2:-4, -4, -6, -2, -8, -6, -30
20,-13:-4, -4, -6, -2, -8, -6, -12
20,-13:-4, -4, -6, -2, -8, -6, -10
20,-13:-4, -4, -6, -2, -8, -2, -10
20,-13:-4, -4, -6, -2, -8, -2, -6
20,-13:-4, -4, -6, -2, -8, -2, 0
20,-13:-4, -4, -6, -2, -8, 0, -10
20,-13:-4, -4, -6, -2, -8, 0, 0
20,-13:-4, -4, -6, 2, -8, -20, 6
20,-13:-4, -4, -6, 2, -8, 6, -20
20,-13:-4, -4, -6, 2, -8, 6, -16
-1,2:-4, -4, -6, 4, -4, -8, 2
-1,2:-4, -4, -6, 4, -4, -8, 4
-1,2:-4, -4, -6, 4, -4, -8, 6
-1,2:-4, -4, -6, 6, -4, -8, 0
-1,2:-4, -4, -6, 6, -4, -8, 10
20,-13:-4, -4, -6, 8, 6, 6, -8
2,-4:-4, -4, -2, 8, -2, -4, 2
2,-4:-4, -4, -2, 8, -2, -4, 4
2,-4:-4, -4, -2, 8, -2, -4, 6
2,-4:-4, -4, -2, 8, 2, -4, 4
2,-4:-4, -4, -2, 8, 2, -4, 6
1,-3:-4, -4, -2, 8, 12, 8, 4
2,-4:-4, -4, -2, 10, 2, -4, 4
2,-4:-4, -4, -2, 10, 2, -4, 6
2,-4:-4, -4, -2, 10, 2, -4, 8
12,1:-4, -4, -2, 10, 8, 0, 2
12,1:-4, -4, -2, 10, 8, 0, 4
12,1:-4, -4, -2, 10, 8, 0, 6
2,-4:-4, -4, 2, 8, 6, -4, 0
2,-4:-4, -4, 2, 8, 6, -4, 10
2,-4:-4, -4, 2, 12, -2, -4, 14
2,-4:-4, -4, 4, -4, -2, 8, 2
2,-4:-4, -4, 4, -4, -2, 8, 4
2,-4:-4, -4, 4, -4, -2, 8, 6
2,-4:-4, -4, 6, -4, 6, 2, 10
2,-4:-4, -4, 6, -4, 12, -16, 0
2,-4:-4, -4, 6, -4, 12, -16, 8
2,-4:-4, -4, 6, -4, 12, 0, -16
2,-4:-4, -4, 6, -4, 12, 0, -8
3,12:-4, -4, 8, 6, 10, -4, -4
3,12:-4, -4, 8, 6, 10, -4, -2
2,-4:-4, -4, 8, 6, 10, -4, 12
3,12:-4, -4, 8, 6, 10, 0, -14
3,12:-4, -4, 8, 6, 10, 0, -4
20,7:-4, -4, 8, 10, 0, -4, -12
2,-4:-4, -4, 10, 6, -4, -2, 0
2,-4:-4, -4, 10, 6, -4, -2, 2
2,-4:-4, -4, 10, 6, -4, -2, 4
9,-5:-4, 0, -16, 4, 0, -12, 10
9,-5:-4, 0, -16, 4, 0, -10, 10
9,-5:-4, 0, -16, 4, 0, 4, 14
9,-5:-4, 0, -16, 4, 0, 4, 18
9,-5:-4, 0, -16, 4, 0, 10, -12
9,-5:-4, 0, -16, 4, 0, 10, -8
9,-5:-4, 0, -16, 4, 0, 14, 4
-1,6:-4, 0, -12, -12, -4, 6, 8
-1,6:-4, 0, -12, -12, 6, 4, 8
-1,6:-4, 0, -12, -12, 6, 8, -4
-1,6:-4, 0, -12, -12, 6, 8, -2
-4,6:-4, 0, -12, -12, 8, 4, 10
3,0:-4, 0, -12, -10, -4, 6, 2
2,-5:-4, 0, -12, -10, 0, 10, 12
-1,6:-4, 0, -12, -10, 6, 4, 8
15,-2:-4, 0, -12, -6, -6, -14, -6
4,-8:-4, 0, -12, -4, -14, -14, -18
3,0:-4, 0, -12, -4, 6, 2, -10
-1,6:-4, 0, -12, -4, 6, 8, -12
-1,6:-4, 0, -12, -4, 6, 8, -4
-6,5:-4, 0, -12, -4, 8, -4, 10
-6,5:-4, 0, -12, -4, 8, -4, 12
12,-3:-4, 0, -12, -4, 10, 10, -8
-1,6:-4, 0, -12, 0, 6, 8, -12
1,14:-4, 0, -12, 0, 10, -2, 14
1,14:-4, 0, -12, 0, 10, 14, -2
1,14:-4, 0, -12, 0, 10, 14, 8
-1,6:-4, 0, -12, 6, 4, 8, -10
-1,6:-4, 0, -12, 6, 4, 8, -6
3,11:-4, 0, -12, 6, 4, 8, 6
6,-18:-4, 0, -12, 10, 4, 8, 0
4,-3:-4, 0, -12, 10, 6, -16, -26
7,2:-4, 0, -8, -10, -4, 10, 4
7,2:-4, 0, -8, -10, -4, 10, 6
3,6:-4, 0, -8, -10, 0, 14, 4
7,3:-4, 0, -8, -10, 6, -4, 4
-1,6:-4, 0, -8, -10, 6, 8, -8
-1,6:-4, 0, -8, -10, 6, 8, 2
2,8:-4, 0, -8, -10, 8, 10, 0
9,-1:-4, 0, -8, -4, -12, -12, -8
-1,6:-4, 0, -8, -4, -2, 8, -12
-2,5:-4, 0, -8, -4, 2, -2, 0
7,2:-4, 0, -8, -4, 10, 4, -10
13,-9:-4, 0, -8, -2, -14, -8, -14
13,-9:-4, 0, -8, -2, -14, -8, -10
-1,4:-4, 0, -8, -2, -8, -10, 4
-1,4:-4, 0, -8, -2, -8, 4, -10
3,11:-4, 0, -8, -2, 0, 8, 6
7,3:-4, 0, -8, 6, -4, 4, -10
2,8:-4, 0, -8, 8, 10, 0, -10
2,8:-4, 0, -8, 8, 10, 0, -6
-4,-2:-4, 0, -4, 10, 6, -4, 6
-4,-2:-4, 0, -4, 10, 6, -4, 8
-4,-2:-4, 0, -4, 10, 6, -4, 10
-4,-2:-4, 0, -4, 10, 6, 6, -4
-4,4:-4, 0, -2, -10, 4, 6, 2
-4,4:-4, 0, -2, 4, -8, -10, 8
-4,4:-4, 0, -2, 4, -8, 8, -10
-4,4:-4, 0, -2, 4, -8, 8, -8
-4,4:-4, 0, -2, 4, -8, 8, -6
-1,-2:-4, 0, -2, 4, 2, -4, -10
-1,-2:-4, 0, -2, 4, 2, -4, -6
-4,4:-4, 0, -2, 4, 6, 2, -10
-4,4:-4, 0, -2, 4, 6, 2, -6
-4,4:-4, 0, -2, 4, 6, 8, -8
1,14:-4, 0, 0, 10, -2, 14, -12
1,14:-4, 0, 0, 10, -2, 14, -10
1,14:-4, 0, 0, 10, -2, 14, -8
14,19:-4, 0, 2, -6, -14, -10, 6
-1,6:-4, 0, 6, -6, -18, 8, -4
12,-2:-4, 0, 6, -6, -6, -6, 4
-1,6:-4, 0, 6, -6, -4, 8, -18
14,-4:-4, 0, 6, 4, -6, 6, -6
10,7:-4, 0, 6, 10, 6, 4, 10
9,1:-4, 0, 8, -2, -24, 2, 10
9,1:-4, 0, 8, -2, -24, 2, 20
9,1:-4, 0, 8, -2, -24, 10, 2
9,1:-4, 0, 8, -2, -24, 10, 6
9,1:-4, 0, 8, -2, -14, 18, -20
9,1:-4, 0, 8, -2, -14, 18, -18
9,1:-4, 0, 8, -2, -14, 18, -16
-11,7:-4, 0, 8, 8, 12, -2, -2
6,-18:-4, 0, 10, 4, 8, 0, -12
6,-18:-4, 0, 10, 4, 8, 0, -10
6,-18:-4, 0, 10, 4, 8, 0, -8
-1,1:-4, 2, 2, -14, 0, 8, 10
-1,1:-4, 2, 2, -14, 0, 8, 12
-1,1:-4, 2, 2, -14, 0, 8, 14
3,21:-4, 2, 2, -14, 0, 16, 4
3,21:-4, 2, 2, -14, 0, 16, 6
-1,1:-4, 2, 2, -14, 0, 16, 20
-1,1:-4, 2, 2, -14, 0, 16, 22
15,-6:-4, 2, 2, -8, -10, -8, -4
15,-6:-4, 2, 2, -8, -10, -8, 0
5,2:-4, 2, 2, -8, -4, -6, -2
0,4:-4, 2, 6, -14, -2, -8, -14
9,7:-4, 2, 6, -8, 10, 10, 6
9,-14:-4, 2, 6, 0, 14, -14, -30
9,-14:-4, 2, 6, 0, 14, -14, -28
9,-14:-4, 2, 6, 0, 14, -14, -26
2,-5:-4, 2, 6, 2, -2, -6, 10
2,-5:-4, 2, 6, 2, -2, 10, -6
8,-10:-4, 2, 6, 2, 0, -10, -18
0,7:-4, 2, 6, 2, 0, -4, -2
2,-5:-4, 2, 6, 2, 6, 4, 4
2,-5:-4, 2, 6, 2, 6, 6, 2
2,-5:-4, 2, 6, 2, 6, 6, 4
-9,-5:-4, 2, 6, 10, 8, 8, 16
-9,-5:-4, 2, 6, 10, 8, 10, 8
-9,-5:-4, 2, 6, 10, 8, 10, 10
-9,-5:-4, 2, 6, 10, 8, 10, 12
-9,-5:-4, 2, 6, 10, 8, 14, 2
-9,-5:-4, 2, 6, 10, 8, 14, 12
-9,-5:-4, 2, 6, 10, 12, 4, -2
-9,-5:-4, 2, 6, 10, 12, 4, 0
-9,-5:-4, 2, 6, 10, 12, 4, 2
-9,-5:-4, 2, 6, 10, 16, 16, 10
-9,-5:-4, 2, 6, 10, 16, 16, 12
-9,-5:-4, 2, 6, 10, 16, 16, 14
9,2:-4, 4, -10, -6, -2, 0, -6
12,4:-4, 4, -10, -6, 2, -2, -4
-1,16:-4, 4, -10, -6, 6, 12, 16
-1,16:-4, 4, -10, -6, 6, 12, 18
-1,16:-4, 4, -10, -6, 6, 12, 20
18,-4:-4, 4, -10, 0, -14, -12, 0
18,-4:-4, 4, -10, 0, -14, 0, -12
7,2:-4, 4, -10, 0, -6, -14, -10
7,2:-4, 4, -10, 0, -6, -8, -12
7,2:-4, 4, -10, 0, -6, -8, -10
2,-4:-4, 4, -8, -16, -16, -4, -16
2,-4:-4, 4, -8, -16, -16, -4, -14
2,-4:-4, 4, -8, -16, -16, -4, -12
2,-4:-4, 4, -8, -16, -12, -4, -14
2,-4:-4, 4, -8, -16, -12, -4, -12
2,-9:-4, 4, -8, -16, -10, -18, -14
2,-9:-4, 4, -8, -16, -10, -18, -12
2,-9:-4, 4, -8, -16, -10, -18, -10
2,-9:-4, 4, -8, -16, -10, -14, -18
5,-9:-4, 4, -8, -16, -10, -14, -10
9,-4:-4, 4, -8, -16, -6, 0, 2
9,-4:-4, 4, -8, -16, -6, 0, 6
9,-4:-4, 4, -8, -16, -6, 0, 12
9,-4:-4, 4, -8, -16, -6, 6, 8
9,-4:-4, 4, -8, -16, -6, 12, 0
9,-4:-4, 4, -8, -16, -6, 12, 2
2,-4:-4, 4, -8, -16, -4, -6, 0
2,-4:-4, 4, -8, -14, -20, -4, -14
2,-4:-4, 4, -8, -14, -18, -4, -22
2,-4:-4, 4, -8, -14, -18, -4, -20
2,-4:-4, 4, -8, -4, -12, -4, -10
2,-4:-4, 4, -8, -4, -12, -4, -8
2,-4:-4, 4, -8, -4, -12, -4, -6
10,-2:-4, 4, -8, -4, 0, 0, -4
-3,4:-4, 4, -8, 6, -4, -4, -10
10,-2:-4, 4, -8, 6, -4, 0, 2
10,-2:-4, 4, -8, 6, -4, 0, 12
10,-2:-4, 4, -8, 6, -4, 4, 2
10,-2:-4, 4, -8, 6, -4, 4, 4
10,-2:-4, 4, -8, 6, -4, 4, 6
10,-2:-4, 4, -8, 6, -4, 6, -2
8,-17:-4, 4, -4, -16, -34, -20, -26
8,-17:-4, 4, -4, -16, -34, -20, -16
23,-9:-4, 4, -4, -16, -14, -18, -24
23,-9:-4, 4, -4, -16, -14, -18, -22
23,-9:-4, 4, -4, -16, -14, -18, -20
26,-16:-4, 4, -4, -12, -10, -32, -30
26,-16:-4, 4, -4, -12, -10, -32, -28
26,-16:-4, 4, -4, -12, -10, -32, -26
9,-2:-4, 4, -2, -14, -4, 0, -2
9,-2:-4, 4, -2, -14, -4, 0, 0
9,-2:-4, 4, -2, -14, -4, 0, 2
-1,0:-4, 4, -2, 2, 4, 6, -16
0,11:-4, 4, -2, 2, 12, 6, -16
2,-4:-4, 4, 4, -6, -4, 4, 10
2,-4:-4, 4, 4, -6, -4, 4, 20
2,-4:-4, 4, 4, -6, -4, 8, 6
2,-4:-4, 4, 4, -6, -4, 8, 8
2,-4:-4, 4, 4, -6, -4, 8, 10
2,-4:-4, 4, 4, 4, 6, -4, 4
2,-4:-4, 4, 4, 4, 6, -4, 14
3,-7:-4, 4, 4, 4, 10, -10, -4
4,10:-4, 4, 4, 6, -14, -14, -12
4,10:-4, 4, 4, 6, -14, -14, -10
4,10:-4, 4, 4, 6, -14, -14, -8
-9,-5:-4, 4, 4, 6, 10, 12, 4
-9,-5:-4, 4, 4, 6, 10, 14, -2
-9,-5:-4, 4, 4, 6, 10, 14, 0
-9,-5:-4, 4, 4, 6, 10, 14, 2
2,5:6, -4, -4, -6, -6, -4, -8
5,-1:6, -4, -4, -4, 4, -4, 2
5,-1:6, -4, -4, -4, 4, -4, 4
5,-1:6, -4, -4, -4, 4, -4, 6
5,-1:6, -4, -4, -4, 6, -4, 0
5,-1:6, -4, -4, -4, 6, -4, 10
-6,-2:6, -4, -4, 2, 6, 10, 14
-6,-2:6, -4, -4, 2, 6, 10, 18
5,-1:6, -4, -4, 4, -8, -4, -10
5,-1:6, -4, -4, 4, -8, -4, -8
13,1:6, -4, -4, 4, -8, -4, -4
13,1:6, -4, -4, 4, -8, -4, -2
13,1:6, -4, -4, 4, -8, 0, -4
8,2:6, -4, 6, -4, -4, -6, -4
10,1:6, -4, 6, 6, 2, 4, 8
10,1:6, -4, 6, 6, 2, 4, 12
0,9:6, -4, 6, 6, 8, 6, 10
-4,-5:6, 6, -4, -4, -8, -16, 0
-4,-5:6, 6, -4, -4, -8, 0, -16
-4,-5:6, 6, -4, -4, -8, 0, -12
5,-6:6, 6, -4, -4, 0, 4, 2
1,7:6, 6, -4, 0, 10, 6, 8
-1,14:6, 6, -2, 10, 2, 16, 6
-1,14:6, 6, -2, 10, 6, 16, 4
-1,14:6, 6, -2, 10, 6, 16, 6
1,11:6, 6, -2, 12, 2, 8, 4
9,8:6, 6, -2, 12, 2, 16, 22
1,11:6, 6, -2, 12, 8, 4, 2
4,2:6, 6, -2, 16, 0, -4, -8
5,1:6, 6, 2, -6, -4, 8, 14
5,1:6, 6, 2, -4, 0, 2, 14
5,1:6, 6, 2, -4, 0, 6, 8
5,1:6, 6, 2, -4, 0, 6, 12
5,1:6, 6, 2, -4, 2, 12, 14
3,20:6, 6, 2, -4, 8, -2, 6
11,14:6, 6, 2, -4, 8, -2, 20
3,20:6, 6, 2, -4, 8, 6, -2
3,20:6, 6, 2, -4, 8, 6, 0
5,1:6, 6, 2, -4, 8, 6, 20
11,14:6, 6, 2, -4, 8, 20, -2
5,1:6, 6, 2, -4, 8, 20, 6
5,1:6, 6, 2, -4, 10, 12, 10
5,1:6, 6, 2, -4, 12, 14, 4
5,1:6, 6, 2, -4, 12, 14, 6
18,16:6, 6, 2, 0, 8, 6, 8
18,16:6, 6, 2, 0, 8, 6, 12
13,3:6, 6, 2, 2, -8, 4, 10
13,3:6, 6, 2, 2, -8, 4, 12
13,3:6, 6, 2, 2, -8, 4, 14
13,3:6, 6, 2, 2, -8, 10, 4
5,1:6, 6, 2, 2, 12, 14, -4
7,-2:6, 6, 2, 4, 6, 6, 8
7,-2:6, 6, 2, 4, 6, 6, 10
7,-2:6, 6, 2, 4, 6, 6, 12
5,1:6, 6, 2, 10, 6, 4, 14
6,22:6, 6, 6, -6, -8, 2, 6
2,15:6, 6, 6, -6, 0, 14, 6
-3,6:6, 6, 6, -4, 6, 10, -8
-3,6:6, 6, 6, -4, 6, 10, 2
-3,6:6, 6, 6, -2, 6, 10, -4
-3,6:6, 6, 6, -2, 6, 10, -2
-3,6:6, 6, 6, -2, 6, 10, 0
8,1:6, 6, 6, 10, 14, 18, 6
8,1:6, 6, 6, 10, 14, 18, 12
-9,27:6, 6, 8, 2, 4, 8, 34
-13,7:6, 6, 8, 2, 4, 18, 24
-13,7:6, 6, 8, 2, 4, 18, 32
-13,7:6, 6, 8, 2, 4, 24, 18
-4,13:6, 6, 8, 8, 14, 4, -6
11,0:6, 6, 14, 8, 16, -6, -2
11,0:6, 6, 14, 8, 16, -6, 0
-13,2:6, 6, 14, 10, -4, 2, 30
8,10:6, 6, 16, -16, 4, 2, 4
