4,-6:-4, 0, -2, 8
4,-6:-4, 0, 2, -8
4,-6:-4, 0, 4, 10
4,-11:-4, -6, -8, -2, -20
4,-6:-4, 0, -16, 4, 2
4,-6:-4, 0, -12, -4, -2
4,-6:-4, 0, -12, 2, 0
4,-6:-4, 0, -12, 2, 2
4,-6:-4, 0, -12, 2, 4
4,-6:-4, 0, -12, 4, -2
4,-6:-4, 0, -12, 4, 8
4,-6:-4, 0, -12, 6, 6
4,-6:-4, 0, -8, 8, 4
4,-6:-4, 0, -4, -2, -12
4,-6:-4, 0, -4, -2, -10
4,-6:-4, 0, -4, -2, -8
4,-6:-4, 0, -2, 4, 10
4,-6:-4, 0, -2, 6, 2
4,-6:-4, 0, -2, 6, 4
4,-6:-4, 0, 2, -4, -6
4,-6:-4, 0, 2, -2, -12
4,-6:-4, 0, 6, 4, -8
4,-6:-4, 0, 8, 4, -8
-5,6:6, 6, 2, -2, -8
-5,6:6, 6, 2, 0, 10
-5,6:6, 6, 2, 4, -6
-2,-1:-4, -12, -8, -18, -20, 2
-2,-1:-4, -12, -8, -18, -20, 4
-2,-1:-4, -12, -8, -18, -20, 6
-2,-1:-4, -12, -8, -18, 2, -20
-2,-1:-4, -12, -8, -18, 2, -10
3,4:-4, -6, -14, 6, 12, 20
3,4:-4, -6, -14, 6, 12, 22
3,4:-4, -6, -14, 6, 12, 24
11,5:-4, -4, -8, -12, -8, -16
4,-6:-4, 0, -16, -6, 2, -2
4,-6:-4, 0, -16, -4, -2, -14
4,-6:-4, 0, -16, -4, -2, -12
4,-6:-4, 0, -16, -4, -2, -10
4,-6:-4, 0, -16, 2, -4, -2
6,5:-4, 0, -12, -12, -6, -4
-1,4:-4, 0, -12, -12, -2, -4
-1,4:-4, 0, -12, -12, -2, 0
4,-6:-4, 0, -12, -4, 6, 6
4,-6:-4, 0, -12, 0, 6, 6
4,-6:-4, 0, -12, 2, -4, -2
4,-6:-4, 0, -12, 2, -4, 0
4,-6:-4, 0, -12, 2, -4, 2
4,-6:-4, 0, -12, 6, 10, -2
4,-6:-4, 0, -12, 8, 4, 0
4,-6:-4, 0, -12, 8, 4, 2
4,-6:-4, 0, -12, 8, 4, 4
4,-6:-4, 0, -8, -4, -4, -8
4,-6:-4, 0, -8, -4, -4, -6
4,-6:-4, 0, -8, -4, -4, -4
4,-6:-4, 0, -8, 2, -4, 2
4,-6:-4, 0, -8, 2, -4, 4
4,-6:-4, 0, -8, 2, -4, 6
4,-6:-4, 0, -8, 4, 0, 14
4,-6:-4, 0, -8, 4, 14, 0
4,-6:-4, 0, -8, 4, 14, 2
4,-6:-4, 0, -8, 6, -8, 2
4,-6:-4, 0, -8, 6, -8, 4
4,-6:-4, 0, -8, 6, 0, -2
4,-6:-4, 0, -8, 6, 0, 0
4,-6:-4, 0, -8, 6, 0, 2
4,-6:-4, 0, -8, 8, 8, -6
4,-6:-4, 0, -8, 8, 8, 4
4,-6:-4, 0, -4, 8, 6, -4
4,-6:-4, 0, -2, 4, 2, -2
4,-6:-4, 0, -2, 4, 2, 0
4,-6:-4, 0, -2, 6, 8, 8
4,-6:-4, 0, -2, 6, 8, 12
4,-6:-4, 0, -2, 6, 10, 8
4,-6:-4, 0, -2, 6, 14, 10
4,-6:-4, 0, -2, 6, 14, 12
4,-6:-4, 0, -2, 6, 14, 14
4,-6:-4, 0, 2, -6, -14, 0
4,-6:-4, 0, 2, -6, -14, 2
4,-6:-4, 0, 2, -6, 0, -14
4,-6:-4, 0, 2, -6, 0, -4
4,-6:-4, 0, 2, -4, -8, 0
4,-6:-4, 0, 2, -2, -14, 0
4,-6:-4, 0, 2, -2, -14, 2
4,-6:-4, 0, 2, -2, -14, 4
4,-6:-4, 0, 2, -2, -10, -16
4,-6:-4, 0, 2, -2, -10, -12
4,-6:-4, 0, 2, -2, -6, -12
4,-6:-4, 0, 2, -2, -6, -10
4,-6:-4, 0, 2, -2, -6, -8
4,-6:-4, 0, 2, -2, -4, -16
4,-6:-4, 0, 2, -2, -4, -6
4,-6:-4, 0, 4, -6, -8, -2
4,-6:-4, 0, 4, -6, -8, 0
4,-6:-4, 0, 4, -6, -8, 2
4,-6:-4, 0, 4, -6, -4, -10
4,-6:-4, 0, 4, -6, -4, -6
4,-6:-4, 0, 4, -6, 4, -12
4,-6:-4, 0, 4, -6, 4, -10
4,-6:-4, 0, 6, 4, 10, -8
4,-6:-4, 0, 8, 4, -4, -2
4,-6:-4, 0, 8, 4, -4, 0
4,-6:-4, 0, 8, 4, -4, 2
7,-3:6, -4, -4, 0, -2, 8
7,-3:6, -4, -4, 0, 2, -8
7,-3:6, -4, -4, 0, 4, 10
-5,6:6, 6, 2, -6, -2, 10
-5,6:6, 6, 2, -6, 10, -2
-5,6:6, 6, 2, -4, -4, 10
-5,6:6, 6, 2, -4, -4, 12
-5,6:6, 6, 2, -4, -4, 14
-5,6:6, 6, 2, -4, -2, 10
-5,6:6, 6, 2, -4, 12, -4
-5,6:6, 6, 2, -2, 10, -6
-5,6:6, 6, 2, -2, 10, 4
-5,6:6, 6, 2, -2, 18, 0
-5,6:6, 6, 2, 0, 4, 14
-5,6:6, 6, 2, 0, 6, 8
-5,6:6, 6, 2, 0, 12, -2
-5,6:6, 6, 2, 0, 12, 0
-5,6:6, 6, 2, 0, 12, 2
-5,6:6, 6, 2, 4, -4, -2
-5,6:6, 6, 2, 4, -4, 0
-5,6:6, 6, 2, 4, -2, -8
-5,6:6, 6, 2, 6, 10, 4
-10,6:6, 6, 8, 10, 4, 22
-14,11:-4, -14, -8, 20, 16, 12, 6
-14,11:-4, -14, -8, 20, 16, 14, 24
-14,11:-4, -14, -8, 20, 16, 18, 8
6,9:-4, -14, 14, -2, -6, -10, -16
6,9:-4, -14, 14, -2, -6, -8, 2
6,9:-4, -14, 14, -2, -6, -4, -14
-2,-1:-4, -12, -8, -18, -20, -2, 0
-2,-1:-4, -12, -8, -18, -20, -2, 2
-2,-1:-4, -12, -8, -18, -20, -2, 4
5,1:-4, -12, -4, 6, 2, 2, 10
5,1:-4, -12, -4, 6, 2, 2, 12
5,1:-4, -12, -4, 6, 2, 10, 2
3,4:-4, -6, -14, 6, 12, 28, 22
3,4:-4, -6, -14, 6, 12, 28, 24
3,4:-4, -6, -14, 6, 12, 28, 26
-12,0:-4, -6, -6, 0, -2, -4, 6
9,-2:-4, -6, -6, 4, -6, 0, 8
9,-2:-4, -6, -6, 4, -6, 0, 10
9,-2:-4, -6, -6, 4, -6, 0, 12
6,-10:-4, -6, 0, -8, -6, -8, 2
6,-10:-4, -6, 0, -8, -6, -4, -14
6,-10:-4, -6, 0, -8, -6, -2, 4
-1,0:-4, -6, 6, 10, -6, -10, 6
-1,0:-4, -6, 6, 10, -6, -10, 8
-1,0:-4, -6, 6, 10, -6, -10, 10
-1,0:-4, -6, 6, 10, -6, 6, -10
-1,0:-4, -6, 6, 10, -6, 6, -6
9,5:-4, -4, -14, 2, 10, 4, 8
10,6:-4, -4, -8, -4, -12, -4, 4
4,-11:-4, -4, -8, 6, -2, -20, 0
4,-11:-4, -4, -8, 6, -2, -20, 10
9,5:-4, -4, 2, 10, 4, 8, -14
4,-6:-4, 0, -16, -6, -4, -2, -12
4,-6:-4, 0, -16, -6, -4, -2, -10
4,-6:-4, 0, -16, -6, -4, -2, -8
4,-6:-4, 0, -16, -6, 2, -4, -8
4,-6:-4, 0, -16, -6, 2, -4, -2
4,-6:-4, 0, -16, -6, 8, 4, -2
4,-6:-4, 0, -16, 2, -4, -16, -26
4,-6:-4, 0, -16, 2, -4, -4, -6
4,-6:-4, 0, -16, 2, -4, -4, 4
4,-6:-4, 0, -16, 8, 4, -4, -2
0,3:-4, 0, -12, -12, -6, 4, 6
-1,4:-4, 0, -12, -12, -2, -2, 2
-1,4:-4, 0, -12, -12, -2, -2, 4
-1,4:-4, 0, -12, -12, -2, -2, 6
-1,4:-4, 0, -12, -12, -2, 2, 2
3,12:-4, 0, -12, -12, 8, 12, -6
4,-6:-4, 0, -12, -6, -6, 0, 0
4,-6:-4, 0, -12, -6, -6, 0, 4
4,-6:-4, 0, -12, -6, 6, 6, -4
4,-6:-4, 0, -12, -6, 6, 6, -2
4,-6:-4, 0, -12, -4, 6, 2, 0
4,-6:-4, 0, -12, -4, 6, 8, -2
4,-6:-4, 0, -12, -4, 8, 0, 2
4,-6:-4, 0, -12, -4, 8, 0, 4
4,-6:-4, 0, -12, -4, 8, 0, 6
4,-6:-4, 0, -12, -4, 8, 10, 4
4,-6:-4, 0, -12, -4, 8, 12, 14
4,-6:-4, 0, -12, 0, 6, 4, -2
4,-6:-4, 0, -12, 0, 6, 4, 8
4,-6:-4, 0, -12, 0, 8, 12, 6
-1,2:-4, 0, -12, 2, -4, -8, -10
-1,2:-4, 0, -12, 2, -4, -8, -8
4,-6:-4, 0, -12, 2, -4, 6, 0
4,-6:-4, 0, -12, 2, -4, 6, 2
4,-6:-4, 0, -12, 2, -4, 6, 4
4,-6:-4, 0, -12, 2, 6, 8, 0
4,-6:-4, 0, -12, 4, 4, 0, 8
4,-6:-4, 0, -12, 6, 2, 6, -2
4,-6:-4, 0, -12, 6, 4, 8, 10
4,-6:-4, 0, -8, -4, -4, -12, -10
4,-6:-4, 0, -8, -4, -4, -12, -8
4,-6:-4, 0, -8, -4, -4, -12, -6
4,-6:-4, 0, -8, -4, -2, 2, -2
4,-6:-4, 0, -8, -4, -2, 2, 0
4,-6:-4, 0, -8, -4, -2, 6, 2
4,-6:-4, 0, -8, -4, -2, 10, 2
4,-6:-4, 0, -8, -4, 2, 2, 2
4,-6:-4, 0, -8, -4, 2, 10, 2
4,-6:-4, 0, -8, -4, 10, -2, 4
4,-6:-4, 0, -8, -4, 10, -2, 6
4,-6:-4, 0, -8, -4, 10, 4, -2
4,-6:-4, 0, -8, -2, -4, 4, -4
4,-6:-4, 0, -8, -2, -4, 8, 12
4,-6:-4, 0, -8, -2, -4, 10, 10
4,-6:-4, 0, -8, -2, 0, 4, -6
4,-6:-4, 0, -8, -2, 0, 4, -4
4,-6:-4, 0, -8, -2, 4, 4, -4
4,-6:-4, 0, -8, -2, 8, -4, 2
4,-6:-4, 0, -8, -2, 8, -4, 4
4,-6:-4, 0, -8, -2, 8, -4, 6
4,-6:-4, 0, -8, 2, -4, 10, 4
4,-6:-4, 0, -8, 2, -4, 10, 6
4,-6:-4, 0, -8, 2, -4, 10, 8
4,-6:-4, 0, -8, 4, 0, 10, 8
4,-6:-4, 0, -8, 4, 0, 12, 12
4,-6:-4, 0, -8, 4, 0, 12, 18
4,-6:-4, 0, -8, 6, -8, 0, 2
4,-6:-4, 0, -8, 6, -8, 0, 4
4,-6:-4, 0, -8, 6, -8, 0, 10
4,-6:-4, 0, -8, 6, -8, 6, 2
4,-6:-4, 0, -8, 6, -8, 6, 4
4,-6:-4, 0, -8, 6, -8, 6, 6
4,-6:-4, 0, -8, 6, -8, 10, 4
4,-6:-4, 0, -8, 6, -4, 4, -2
4,-6:-4, 0, -8, 6, -4, 4, 0
4,-6:-4, 0, -8, 6, -4, 6, -2
4,-6:-4, 0, -8, 6, -2, 6, -6
4,-6:-4, 0, -8, 6, -2, 6, -2
4,-6:-4, 0, -8, 6, 8, 4, -14
4,-6:-4, 0, -8, 6, 8, 10, -8
4,-6:-4, 0, -8, 6, 8, 10, 2
4,-6:-4, 0, -8, 8, -8, 10, 12
4,-6:-4, 0, -8, 8, -8, 10, 16
4,-6:-4, 0, -8, 8, -8, 10, 22
4,-6:-4, 0, -8, 8, -8, 12, 10
4,-6:-4, 0, -8, 8, -4, -6, 0
4,-6:-4, 0, -8, 8, -4, -6, 4
4,-6:-4, 0, -8, 8, -4, 0, -6
4,-6:-4, 0, -8, 8, -4, 0, -4
4,-6:-4, 0, -8, 8, -4, 0, -2
4,-6:-4, 0, -8, 8, -4, 2, -2
4,-6:-4, 0, -8, 8, 10, 0, 8
4,-6:-4, 0, -8, 8, 10, 0, 10
4,-6:-4, 0, -8, 8, 10, 2, 4
4,-6:-4, 0, -8, 8, 10, 8, 0
4,-6:-4, 0, -8, 8, 10, 8, 4
4,-6:-4, 0, -4, -2, -6, -4, -12
4,-4:-4, 0, -2, 4, 2, 4, -6
4,-6:-4, 0, -2, 4, 2, 4, -2
4,-6:-4, 0, -2, 4, 2, 4, 0
4,-6:-4, 0, -2, 4, 2, 4, 2
4,-6:-4, 0, -2, 4, 6, 2, 10
4,-6:-4, 0, -2, 4, 6, 2, 12
4,-6:-4, 0, -2, 4, 6, 6, 4
4,-6:-4, 0, -2, 4, 6, 8, 6
4,-6:-4, 0, -2, 4, 8, -2, 10
4,-6:-4, 0, -2, 4, 8, 8, 6
4,-6:-4, 0, -2, 4, 8, 14, 4
4,-6:-4, 0, -2, 6, 6, 0, 8
4,-6:-4, 0, -2, 6, 8, 6, 6
4,-6:-4, 0, -2, 6, 8, 10, 2
4,-6:-4, 0, -2, 6, 8, 10, 4
4,-6:-4, 0, -2, 6, 8, 10, 6
4,-6:-4, 0, -2, 6, 10, 10, 4
4,-6:-4, 0, -2, 6, 10, 10, 10
4,-6:-4, 0, -2, 6, 10, 12, 14
4,-6:-4, 0, -2, 6, 14, 18, 12
4,-6:-4, 0, -2, 6, 14, 18, 14
4,-6:-4, 0, -2, 6, 14, 18, 16
4,-6:-4, 0, 0, -6, 6, 6, -14
4,-6:-4, 0, 0, -6, 6, 6, -12
4,-6:-4, 0, 0, 6, 4, -8, -2
4,-6:-4, 0, 0, 6, 4, -8, 8
4,-6:-4, 0, 0, 6, 4, 2, 10
4,-6:-4, 0, 2, -6, -14, -2, 0
4,-6:-4, 0, 2, -6, -14, -2, 2
4,-6:-4, 0, 2, -6, -14, -2, 8
4,-6:-4, 0, 2, -6, -14, 4, 0
4,-6:-4, 0, 2, -6, -14, 4, 2
4,-6:-4, 0, 2, -6, -14, 4, 4
4,-6:-4, 0, 2, -6, 4, -8, -14
4,-6:-4, 0, 2, -6, 4, -8, -4
4,-6:-4, 0, 2, -4, -8, -10, -14
4,-6:-4, 0, 2, -4, -8, -10, -12
4,-6:-4, 0, 2, -4, -8, -10, -10
4,-6:-4, 0, 2, -4, -8, -6, -4
4,-6:-4, 0, 2, -4, -8, -4, -8
4,-6:-4, 0, 2, -4, -8, -4, -6
4,-6:-4, 0, 2, -4, -4, -12, 4
4,-6:-4, 0, 2, -4, -4, -8, -6
4,-6:-4, 0, 2, -4, -4, -6, 2
4,-6:-4, 0, 2, -4, -4, -6, 6
4,-6:-4, 0, 2, -4, -4, 2, -10
4,-6:-4, 0, 2, -4, 6, -8, -8
4,-6:-4, 0, 2, -4, 6, -8, -4
4,-6:-4, 0, 2, -4, 6, -6, -16
4,-6:-4, 0, 2, -4, 6, -6, -6
4,-6:-4, 0, 2, -2, -14, 8, 2
4,-6:-4, 0, 2, -2, -14, 8, 4
4,-6:-4, 0, 2, -2, -14, 8, 6
4,-6:-4, 0, 2, -2, -10, -14, -10
4,-6:-4, 0, 2, -2, -10, -14, -8
4,-6:-4, 0, 2, -2, -10, -14, -6
4,-6:-4, 0, 2, -2, -10, -10, -10
4,-6:-4, 0, 2, -2, -8, -10, -2
4,-6:-4, 0, 2, -2, -6, -4, -10
4,-6:-4, 0, 2, -2, -6, -4, -8
4,-6:-4, 0, 2, -2, -6, -4, -6
4,-6:-4, 0, 2, 6, -8, 4, 6
4,-6:-4, 0, 2, 6, -8, 4, 16
4,-6:-4, 0, 2, 6, -4, -8, 16
4,-6:-4, 0, 2, 6, 14, 16, -8
4,-6:-4, 0, 4, -6, -16, -10, -8
4,-6:-4, 0, 4, -6, -16, -10, 2
4,-6:-4, 0, 4, -6, -16, 0, -6
4,-6:-4, 0, 4, -6, -8, -6, -4
4,-6:-4, 0, 4, -6, -8, -6, -2
4,-6:-4, 0, 4, -6, -8, -6, 0
4,-6:-4, 0, 4, -6, -4, -12, -12
4,-6:-4, 0, 4, -6, -4, -8, -16
4,-6:-4, 0, 4, -6, -4, -8, -14
4,-6:-4, 0, 4, -6, -4, -8, -12
4,-6:-4, 0, 4, -6, 0, -10, -4
4,-6:-4, 0, 4, -6, 0, -10, 0
4,-6:-4, 0, 4, -6, 4, -18, -12
4,-6:-4, 0, 4, -6, 4, -16, -18
4,-6:-4, 0, 4, -6, 4, -8, -18
4,-6:-4, 0, 4, -6, 4, -8, -12
4,-6:-4, 0, 4, -6, 4, -8, -10
4,-6:-4, 0, 4, 4, 6, 4, 14
4,-6:-4, 0, 6, 2, -2, -4, 2
4,-6:-4, 0, 6, 2, -2, -2, 6
4,-6:-4, 0, 6, 2, -2, -2, 14
4,-6:-4, 0, 6, 2, -2, 6, -2
4,-6:-4, 0, 6, 2, 6, 4, -4
4,-6:-4, 0, 6, 4, -6, -4, -4
4,-6:-4, 0, 6, 4, -6, -4, -2
4,-6:-4, 0, 6, 4, -6, -2, -2
4,-6:-4, 0, 6, 4, -6, -2, 0
4,-6:-4, 0, 6, 4, -6, -2, 2
4,-6:-4, 0, 6, 4, -6, 0, 0
4,-6:-4, 0, 6, 4, -6, 0, 6
4,-6:-4, 0, 6, 4, -6, 6, -4
4,-6:-4, 0, 6, 4, -6, 6, -2
4,-6:-4, 0, 6, 4, -6, 6, 0
4,-6:-4, 0, 6, 4, -6, 8, 6
4,-6:-4, 0, 6, 4, 0, 10, -4
4,-6:-4, 0, 6, 8, 4, 8, -4
4,-6:-4, 0, 6, 8, 10, 2, -4
4,-6:-4, 0, 6, 10, 10, -2, -4
4,-6:-4, 0, 6, 10, 10, -2, 4
4,-6:-4, 0, 8, 4, -4, 6, 0
4,-6:-4, 0, 8, 4, -4, 6, 2
4,-6:-4, 0, 8, 4, -4, 6, 4
4,-6:-4, 0, 8, 10, -6, -8, 2
3,2:-4, 2, 2, -8, -10, -14, -20
3,2:-4, 2, 2, -8, -10, -12, -2
3,2:-4, 2, 2, -8, -10, -8, -18
7,-8:6, -4, -4, -6, -8, -2, -20
7,-3:6, -4, -4, 0, -16, 4, 2
7,-3:6, -4, -4, 0, -12, -4, -2
7,-3:6, -4, -4, 0, -12, 2, 0
7,-3:6, -4, -4, 0, -12, 2, 2
7,-3:6, -4, -4, 0, -12, 2, 4
7,-3:6, -4, -4, 0, -12, 4, -2
7,-3:6, -4, -4, 0, -12, 4, 8
7,-3:6, -4, -4, 0, -12, 6, 6
7,-3:6, -4, -4, 0, -8, 8, 4
7,-3:6, -4, -4, 0, -4, -2, -12
7,-3:6, -4, -4, 0, -4, -2, -10
7,-3:6, -4, -4, 0, -4, -2, -8
7,-3:6, -4, -4, 0, -2, 4, 10
7,-3:6, -4, -4, 0, -2, 6, 2
7,-3:6, -4, -4, 0, -2, 6, 4
7,-3:6, -4, -4, 0, 2, -4, -6
7,-3:6, -4, -4, 0, 2, -2, -12
7,-3:6, -4, -4, 0, 6, 4, -8
7,-3:6, -4, -4, 0, 8, 4, -8
-2,9:6, -4, 6, 6, 2, -2, -8
-2,9:6, -4, 6, 6, 2, 0, 10
-2,9:6, -4, 6, 6, 2, 4, -6
5,5:6, 6, -2, -4, 16, -10, -22
5,5:6, 6, -2, -4, 16, -10, -20
5,5:6, 6, -2, -4, 16, -10, -18
-5,6:6, 6, 2, -6, -4, 6, 6
-5,6:6, 6, 2, -6, -2, 6, 0
-5,6:6, 6, 2, -6, -2, 6, 2
-5,6:6, 6, 2, -6, -2, 6, 4
-5,6:6, 6, 2, -6, -2, 12, -2
-5,6:6, 6, 2, -6, -2, 12, 0
-5,6:6, 6, 2, -6, -2, 12, 2
-5,6:6, 6, 2, -6, 10, -6, -2
-5,6:6, 6, 2, -6, 10, -6, 8
-5,6:6, 6, 2, -4, -8, 12, 4
-5,6:6, 6, 2, -4, -4, 18, 12
-5,6:6, 6, 2, -4, -4, 18, 14
-5,6:6, 6, 2, -4, -4, 18, 16
-5,6:6, 6, 2, -4, -2, -8, 10
-5,6:6, 6, 2, -4, 0, 2, -4
-5,6:6, 6, 2, -4, 0, 6, -2
-5,6:6, 6, 2, -4, 0, 6, 0
-5,6:6, 6, 2, -4, 2, 12, -4
-5,6:6, 6, 2, -4, 10, 2, 0
-5,6:6, 6, 2, -4, 10, 2, 2
-5,6:6, 6, 2, -4, 10, 2, 4
-5,6:6, 6, 2, -2, 8, -2, 12
-5,6:6, 6, 2, -2, 8, -2, 14
-5,6:6, 6, 2, -2, 8, 6, 8
-5,6:6, 6, 2, -2, 8, 6, 12
-5,6:6, 6, 2, -2, 8, 10, 0
-5,6:6, 6, 2, -2, 8, 10, 2
-5,6:6, 6, 2, -2, 8, 10, 4
-5,6:6, 6, 2, 0, 4, 6, 8
-5,6:6, 6, 2, 0, 4, 6, 18
-5,6:6, 6, 2, 0, 4, 8, 10
-5,6:6, 6, 2, 0, 4, 8, 12
-5,6:6, 6, 2, 0, 4, 8, 14
-5,6:6, 6, 2, 0, 4, 12, 14
-5,6:6, 6, 2, 0, 4, 12, 18
-5,6:6, 6, 2, 0, 4, 16, -2
-5,6:6, 6, 2, 0, 4, 16, 0
-5,6:6, 6, 2, 0, 4, 16, 2
-5,6:6, 6, 2, 0, 6, 10, 2
-5,6:6, 6, 2, 0, 6, 12, 0
-5,6:6, 6, 2, 0, 6, 12, 2
-5,6:6, 6, 2, 0, 6, 12, 4
-5,6:6, 6, 2, 0, 6, 18, 4
-5,6:6, 6, 2, 0, 8, 0, 6
-5,6:6, 6, 2, 0, 8, 0, 16
-5,6:6, 6, 2, 0, 8, 6, 0
-5,6:6, 6, 2, 0, 8, 6, 2
-5,6:6, 6, 2, 0, 18, 8, 4
-5,6:6, 6, 2, 4, -4, -12, -12
-5,6:6, 6, 2, 4, -4, -12, -10
-5,6:6, 6, 2, 4, -4, -12, -8
-5,6:6, 6, 2, 4, -4, -8, -6
-5,6:6, 6, 2, 4, -4, -6, -10
-5,6:6, 6, 2, 4, -4, -6, -6
-5,6:6, 6, 2, 4, -2, 0, 2
-5,6:6, 6, 2, 4, -2, 0, 4
-5,6:6, 6, 2, 10, -2, -12, 0
-5,6:6, 6, 2, 10, -2, -12, 2
-5,6:6, 6, 2, 10, -2, 0, -12
-5,6:6, 6, 2, 10, 0, -4, -4
-5,6:6, 6, 2, 10, 0, -4, -2
-5,6:6, 6, 2, 10, 0, -4, 0
-5,6:6, 6, 2, 10, 6, 6, 6
-5,6:6, 6, 2, 10, 6, 6, 8
-5,6:6, 6, 2, 10, 6, 6, 10
6,8:6, 6, 2, 12, 8, 14, 6
5,1:6, 6, 2, 12, 14, 4, 2
5,1:6, 6, 2, 12, 14, 4, 6
6,13:6, 6, 6, 10, 14, 10, 18
0,0:6, 6, 14, 10, -4, 10, 12
0,0:6, 6, 14, 10, -4, 10, 22
0,0:6, 6, 14, 10, 10, 12, -4
0,0:6, 6, 14, 10, 10, 12, -2
0,0:6, 6, 14, 10, 10, 12, 0
