1,2:6
3,3:6, -4
-8,7:-4, -14, -8
-8,7:-4, -14, -6
-8,7:-4, -14, -4
12,5:-4, -14, 14
12,5:-4, -14, 16
12,5:-4, -14, 18
4,5:6, -4, 6
-8,7:-4, -14, -12, -10
-8,7:-4, -14, -12, -8
-8,7:-4, -14, -12, -6
14,6:-4, -14, -12, 14
14,6:-4, -14, -12, 16
14,6:-4, -14, -12, 18
-6,8:-4, -14, -8, 10
-6,8:-4, -14, 10, -8
-6,8:-4, -14, 10, -6
-6,8:-4, -14, 10, -4
12,5:-4, -14, 10, 12
12,5:-4, -14, 10, 14
12,5:-4, -14, 10, 16
14,6:-4, -14, 14, -12
5,-6:-4, -12, -4, -8
-2,1:-4, -6, -14, -2
1,-3:-4, -6, -4, -6
6,6:6, -4, 6, -4
6,14:6, 6, 16, -16
6,14:6, 6, 16, -14
6,14:6, 6, 16, -12
8,-6:6, 6, 16, 6
8,-6:6, 6, 16, 8
8,-6:6, 6, 16, 10
-8,7:-4, -14, -12, -2, -8
-8,7:-4, -14, -12, -2, -6
-8,7:-4, -14, -12, -2, -4
15,8:-4, -14, -12, -2, 14
15,8:-4, -14, -12, -2, 16
15,8:-4, -14, -12, -2, 18
-6,8:-4, -14, -12, 10, -10
-6,8:-4, -14, -12, 10, -8
-6,8:-4, -14, -12, 10, -6
14,6:-4, -14, -12, 10, 12
14,6:-4, -14, -12, 10, 14
14,6:-4, -14, -12, 10, 16
15,8:-4, -14, -12, 14, -2
-5,10:-4, -14, -8, 10, 20
-5,10:-4, -14, 10, 20, -8
-5,10:-4, -14, 10, 20, -6
-5,10:-4, -14, 10, 20, -4
12,5:-4, -14, 10, 20, 14
12,5:-4, -14, 10, 20, 16
12,5:-4, -14, 10, 20, 18
6,4:-4, -12, -6, -14, 4
7,-5:-4, -12, -4, -8, -16
11,-1:-4, -12, 0, -8, 2
0,2:-4, -6, -14, -2, -2
-6,7:-4, -6, -14, 2, 10
0,4:-4, -6, -14, 6, 4
0,-8:-4, -6, -6, -16, -4
4,-5:-4, -6, -6, -14, 4
4,-5:-4, -6, -6, 4, -14
3,-5:-4, -6, -4, -10, -10
2,-1:-4, -6, -4, -6, 2
4,-1:-4, -6, -4, 0, 0
-14,2:-4, -6, 6, -2, -14
-14,2:-4, -6, 6, -2, -6
0,4:-4, -6, 6, 4, -14
0,4:-4, -6, 6, 4, -4
11,14:-4, -4, -14, 4, -4
11,14:-4, -4, 4, -4, -4
7,8:-4, 0, -12, -10, 2
7,8:-4, 0, -12, 2, -10
7,8:-4, 0, -12, 2, -6
4,-6:-4, 0, -2, -4, 8
4,-6:-4, 0, -2, 8, -4
12,1:-4, 0, 0, 10, 12
4,-6:-4, 0, 4, -4, 10
4,-8:-4, 0, 4, 6, -14
12,1:-4, 0, 6, -2, 10
4,12:-4, 0, 6, -2, 14
12,1:-4, 0, 8, 12, 10
12,1:-4, 0, 8, 12, 14
7,-8:-4, 4, -10, -2, -14
10,-2:-4, 4, -10, 2, -4
9,-1:-4, 4, -8, -12, 2
9,-1:-4, 4, -8, 2, -12
-5,10:6, -4, -4, -14, -8
-5,10:6, -4, -4, -14, -6
-5,10:6, -4, -4, -14, -4
15,8:6, -4, -4, -14, 14
15,8:6, -4, -4, -14, 16
15,8:6, -4, -4, -14, 18
7,8:6, -4, 6, -4, 6
2,0:6, 6, -2, 16, 4
-2,3:6, 6, 8, 6, 8
-5,7:6, 6, 14, 6, 10
7,16:6, 6, 16, -16, 14
6,14:6, 6, 16, -8, -14
6,14:6, 6, 16, -8, -12
6,14:6, 6, 16, -8, -10
9,-4:6, 6, 16, -8, 6
9,-4:6, 6, 16, -8, 8
9,-4:6, 6, 16, -8, 10
9,-4:6, 6, 16, 6, -8
7,16:6, 6, 16, 14, -16
7,16:6, 6, 16, 14, -14
7,16:6, 6, 16, 14, -12
8,-6:6, 6, 16, 14, 8
8,-6:6, 6, 16, 14, 10
8,-6:6, 6, 16, 14, 12
-6,8:-4, -14, -12, -2, 10, -8
-6,8:-4, -14, -12, -2, 10, -6
-6,8:-4, -14, -12, -2, 10, -4
15,8:-4, -14, -12, -2, 10, 12
15,8:-4, -14, -12, -2, 10, 14
15,8:-4, -14, -12, -2, 10, 16
17,9:-4, -14, -12, -2, 14, -12
-5,10:-4, -14, -12, 10, 20, -10
-5,10:-4, -14, -12, 10, 20, -8
-5,10:-4, -14, -12, 10, 20, -6
14,6:-4, -14, -12, 10, 20, 14
14,6:-4, -14, -12, 10, 20, 16
14,6:-4, -14, -12, 10, 20, 18
-3,11:-4, -14, -8, 10, 20, 10
-3,19:-4, -14, -8, 20, 30, -2
-3,19:-4, -14, -8, 20, 30, 0
-3,19:-4, -14, -8, 20, 30, 2
-1,-1:-4, -14, -8, 20, 30, 20
-1,-1:-4, -14, -8, 20, 30, 22
-1,-1:-4, -14, -8, 20, 30, 24
-6,8:-4, -14, 10, -2, 0, -8
12,5:-4, -14, 10, 10, 8, 16
-3,11:-4, -14, 10, 20, 10, -8
-3,11:-4, -14, 10, 20, 10, -6
-3,11:-4, -14, 10, 20, 10, -4
12,5:-4, -14, 10, 20, 10, 12
12,5:-4, -14, 10, 20, 10, 14
12,5:-4, -14, 10, 20, 10, 16
17,17:-4, -14, 14, -2, 8, -24
17,17:-4, -14, 14, -2, 8, -22
17,17:-4, -14, 14, -2, 8, -20
19,-3:-4, -14, 14, -2, 8, -2
19,-3:-4, -14, 14, -2, 8, 0
19,-3:-4, -14, 14, -2, 8, 2
11,-1:-4, -12, -14, 0, -8, -4
11,-1:-4, -12, -14, 0, -8, 0
8,7:-4, -12, -14, 4, -6, -10
-1,-1:-4, -12, -14, 4, 6, 4
14,-1:-4, -12, -8, -14, -4, -6
7,6:-4, -12, -6, -14, 4, 4
0,3:-4, -12, -6, -14, 8, 10
-7,-9:-4, -12, -6, 4, -10, -4
-7,-9:-4, -12, -6, 4, -10, -2
-7,-9:-4, -12, -6, 4, -10, 0
-7,-9:-4, -12, -6, 4, -4, -10
-7,-9:-4, -12, -6, 4, -4, -8
-6,-15:-4, -12, -6, 4, -4, -2
-6,-15:-4, -12, -6, 4, -4, 0
8,-3:-4, -12, -4, -8, -16, -6
8,3:-4, -12, -4, -4, 0, 2
12,1:-4, -12, 0, -8, -6, 2
11,-1:-4, -12, 0, -8, -4, -4
11,-1:-4, -12, 0, -8, -4, -2
11,-1:-4, -12, 0, -8, 0, -4
12,1:-4, -12, 0, -8, 2, -6
0,-4:-4, -12, 4, -6, 2, -6
-1,-1:-4, -12, 4, 6, 4, -14
-1,-1:-4, -12, 4, 6, 4, -4
5,0:-4, -12, 4, 6, 10, -14
1,4:-4, -6, -14, -2, -2, 8
-4,8:-4, -6, -14, 2, 10, 8
1,6:-4, -6, -14, 6, 4, 10
-2,4:-4, -6, -14, 6, 6, 2
-1,-1:-4, -6, -14, 6, 6, 6
-1,-1:-4, -6, -14, 6, 6, 8
2,24:-4, -6, -14, 6, 12, -2
2,24:-4, -6, -14, 6, 12, 2
8,0:-4, -6, -8, -18, -20, -2
8,0:-4, -6, -8, -18, -2, -20
6,1:-4, -6, -8, -10, -20, -14
6,1:-4, -6, -8, -10, -20, -4
6,1:-4, -6, -8, -10, -14, -20
4,-11:-4, -6, -8, -2, -20, -20
10,-1:-4, -6, -8, -2, -12, -20
1,-6:-4, -6, -6, -16, -4, -2
6,-4:-4, -6, -6, -14, -14, 4
6,-4:-4, -6, -6, -14, 4, -14
7,1:-4, -6, -6, -4, 2, 6
7,1:-4, -6, -6, -4, 2, 8
-5,-2:-4, -6, -6, 0, -6, 6
1,-6:-4, -6, -6, 0, 2, 4
0,1:-4, -6, -6, 4, -10, -2
6,-2:-4, -6, -6, 4, -6, -8
4,-3:-4, -6, -4, -10, -10, -2
4,-2:-4, -6, -4, -10, -6, -10
8,-12:-4, -6, -4, -8, -14, -16
3,-3:-4, -6, -4, -8, -12, -4
4,0:-4, -6, -4, -6, 2, -8
6,0:-4, -6, -4, 0, 0, -10
-6,3:-4, -6, 0, -8, -20, -14
-6,3:-4, -6, 0, -8, -20, -12
-6,3:-4, -6, 0, -8, -20, -10
14,1:-4, -6, 0, -8, -20, 8
14,1:-4, -6, 0, -8, -20, 10
14,1:-4, -6, 0, -8, -20, 12
0,-12:-4, -6, 0, -2, -30, -10
0,-12:-4, -6, 0, -2, -30, -8
20,-8:-4, -6, 0, -2, -26, -14
20,-8:-4, -6, 0, -2, -26, -6
20,-8:-4, -6, 0, -2, -14, -26
20,-8:-4, -6, 0, -2, -14, -24
0,-12:-4, -6, 0, -2, -10, -30
0,-12:-4, -6, 0, -2, -10, -22
11,-7:-4, -6, 6, -8, -20, -2
-13,4:-4, -6, 6, -2, -14, 22
-14,2:-4, -6, 6, -2, -10, -14
-14,2:-4, -6, 6, -2, -10, -10
-14,2:-4, -6, 6, -2, -4, -14
-14,2:-4, -6, 6, -2, -4, -8
-14,2:-4, -6, 6, -2, -4, -4
-13,4:-4, -6, 6, -2, 22, -14
-13,4:-4, -6, 6, -2, 22, -6
1,6:-4, -6, 6, 4, 10, -14
1,6:-4, -6, 6, 4, 10, -4
-2,4:-4, -6, 6, 6, 2, -14
-2,4:-4, -6, 6, 6, 2, -4
7,0:-4, -6, 6, 10, -14, -2
-1,6:-4, -6, 6, 10, -14, 0
-1,-1:-4, -6, 6, 10, -14, 6
-1,-1:-4, -6, 6, 10, -14, 8
-1,-1:-4, -6, 6, 10, -14, 10
-1,6:-4, -6, 6, 10, -4, -10
-2,5:-4, -6, 6, 10, -4, 0
-1,6:-4, -6, 6, 10, 0, -14
-1,-1:-4, -6, 6, 10, 6, -14
13,15:-4, -4, -14, 4, -4, -2
13,15:-4, -4, -14, 4, -2, -4
-2,1:-4, -4, -14, 6, -2, 0
-2,1:-4, -4, -14, 6, -2, 10
10,13:-4, -4, -14, 10, 6, -4
11,14:-4, -4, -8, -20, -16, 4
11,14:-4, -4, -8, -20, 4, -16
11,14:-4, -4, -8, -20, 4, -14
3,11:-4, -4, -8, -12, -14, -4
3,11:-4, -4, -8, -12, -14, -2
3,11:-4, -4, -8, -12, -4, -14
8,-3:-4, -4, -8, 2, 8, -8
16,-2:-4, -4, -8, 8, -8, -18
16,-2:-4, -4, -8, 8, -8, -16
5,11:-4, -4, -8, 8, -6, -8
11,14:-4, -4, -6, -14, 4, -4
11,14:-4, -4, 4, -4, -10, -4
11,14:-4, -4, 4, -4, -8, -10
11,14:-4, -4, 4, -4, -6, -6
11,14:-4, -4, 4, -4, -6, -4
1,-3:-4, -4, 4, -4, -6, 2
1,-3:-4, -4, 4, -4, -6, 4
1,-3:-4, -4, 4, -4, -6, 6
13,15:-4, -4, 4, -4, -2, -4
1,-3:-4, -4, 6, -4, -6, 0
1,-3:-4, -4, 6, -4, -6, 10
10,13:-4, -4, 10, 6, -4, -4
14,2:-4, 0, -16, 0, 10, 12
4,-6:-4, 0, -16, 4, -4, 2
14,2:-4, 0, -16, 6, -2, 10
14,2:-4, 0, -16, 8, 12, 10
14,2:-4, 0, -16, 8, 12, 14
9,9:-4, 0, -12, -10, 2, -4
6,7:-4, 0, -12, -10, 8, 4
8,-14:-4, 0, -12, -4, -14, -18
9,9:-4, 0, -12, 2, -4, -10
9,9:-4, 0, -12, 2, -4, -6
4,-6:-4, 0, -12, 4, -4, -2
4,-6:-4, 0, -12, 4, -4, 8
2,6:-4, 0, -12, 4, 6, 10
6,7:-4, 0, -12, 8, 4, -10
6,7:-4, 0, -12, 8, 4, -6
-9,8:-4, 0, -12, 8, 12, 12
9,2:-4, 0, -8, -10, -4, -4
4,8:-4, 0, -8, -10, 2, -4
4,8:-4, 0, -8, -10, 2, 6
5,5:-4, 0, -8, -10, 6, 0
2,-9:-4, 0, -8, -4, -12, -10
2,-9:-4, 0, -8, -4, -12, -6
2,-9:-4, 0, -8, -4, -12, 0
7,3:-4, 0, -8, -4, 2, -14
4,8:-4, 0, -8, 2, -4, -10
4,8:-4, 0, -8, 2, -4, -6
5,5:-4, 0, -8, 6, 0, -10
5,5:-4, 0, -8, 6, 0, -6
4,-6:-4, 0, -4, -2, -4, -12
4,-6:-4, 0, -4, -2, -4, -10
4,-6:-4, 0, -4, -2, -4, -8
0,-2:-4, 0, -2, -10, 4, 2
-5,7:-4, 0, -2, -10, 6, 14
5,-4:-4, 0, -2, -4, -4, 8
4,-6:-4, 0, -2, -4, 4, 10
4,-6:-4, 0, -2, -4, 6, 2
4,-6:-4, 0, -2, -4, 6, 4
5,-4:-4, 0, -2, -4, 8, -4
0,-2:-4, 0, -2, 4, 2, -10
0,-2:-4, 0, -2, 4, 2, -6
-5,7:-4, 0, -2, 6, 14, -10
-5,7:-4, 0, -2, 6, 14, -6
12,1:-4, 0, 0, 10, -2, 8
12,1:-4, 0, 0, 10, -2, 10
12,1:-4, 0, 0, 10, 8, -2
12,1:-4, 0, 0, 10, 8, 8
11,3:-4, 0, 0, 10, 8, 10
14,2:-4, 0, 0, 10, 12, -16
9,11:-4, 0, 2, -2, -14, -10
9,11:-4, 0, 2, -2, -14, -6
7,6:-4, 0, 4, -6, -8, -10
5,-4:-4, 0, 4, -4, -4, 2
5,-4:-4, 0, 4, -4, -4, 10
10,3:-4, 0, 4, -4, 2, -4
10,2:-4, 0, 4, -4, 2, 8
6,-10:-4, 0, 4, 6, -18, -18
5,-6:-4, 0, 4, 6, -14, -6
7,-6:-4, 0, 4, 6, -8, -8
5,14:-4, 0, 6, -2, 14, 14
8,8:-4, 0, 8, 4, -4, -10
8,8:-4, 0, 8, 4, -4, -6
12,1:-4, 0, 8, 8, 0, 16
12,1:-4, 0, 8, 8, 16, 0
-9,8:-4, 0, 8, 12, 12, -12
-9,8:-4, 0, 8, 12, 12, -10
-9,8:-4, 0, 8, 12, 12, -8
12,1:-4, 0, 8, 12, 12, 16
12,1:-4, 0, 8, 12, 12, 18
12,1:-4, 0, 8, 12, 12, 20
12,1:-4, 0, 8, 12, 16, 16
12,1:-4, 0, 10, -22, -18, 0
12,1:-4, 0, 10, -22, 0, -18
5,16:-4, 2, 2, -14, -10, 8
5,16:-4, 2, 2, -14, -10, 10
1,-4:-4, 2, 2, -14, -8, 6
1,-4:-4, 2, 2, -14, -8, 14
1,-4:-4, 2, 2, -14, 6, -8
1,-4:-4, 2, 2, -14, 6, -6
5,16:-4, 2, 2, -14, 8, -10
5,16:-4, 2, 2, -14, 8, -2
14,10:-4, 2, 2, -8, 4, -28
14,10:-4, 2, 2, -8, 4, -26
14,10:-4, 2, 2, -8, 4, -24
16,-10:-4, 2, 2, -8, 4, -6
16,-10:-4, 2, 2, -8, 4, -4
16,-10:-4, 2, 2, -8, 4, -2
-10,-4:-4, 2, 6, 10, 4, 14
-10,-4:-4, 2, 6, 10, 4, 18
-4,6:-4, 2, 6, 10, 6, 16
-10,-4:-4, 2, 6, 10, 14, 4
8,0:-4, 4, -10, -12, -12, 2
4,-1:-4, 4, -10, -12, 0, -14
9,-7:-4, 4, -10, -2, -20, -14
7,-8:-4, 4, -10, -2, -18, -12
7,-8:-4, 4, -10, -2, -16, -20
7,-8:-4, 4, -10, -2, -16, -18
9,-7:-4, 4, -10, -2, -14, -20
11,0:-4, 4, -10, 2, -6, -4
11,0:-4, 4, -10, 2, -4, -6
9,-3:-4, 4, -10, 6, 6, 10
11,-3:-4, 4, -8, -16, -16, 2
11,-3:-4, 4, -8, -16, 2, -16
9,4:-4, 4, -8, -14, -12, 2
10,1:-4, 4, -8, -12, -4, 2
10,1:-4, 4, -8, -12, 2, -4
0,-1:-4, 4, -8, -6, 0, -16
12,1:-4, 4, -8, -6, 2, -6
9,-1:-4, 4, -8, -4, -12, -2
3,11:-4, 4, -8, 6, -4, 2
7,-6:-4, 4, -8, 6, 0, 10
4,-17:-4, 4, -4, -26, -10, -16
4,-11:-4, 4, -4, -22, -22, -26
4,-11:-4, 4, -4, -22, -22, -24
4,-11:-4, 4, -4, -22, -22, -22
6,-18:-4, 4, -4, -22, -22, -16
6,-18:-4, 4, -4, -22, -22, -14
6,-18:-4, 4, -4, -22, -22, -12
9,-10:-4, 4, -4, -16, -26, -26
6,-18:-4, 4, -4, -16, -26, -20
6,-18:-4, 4, -4, -16, -26, -18
6,-18:-4, 4, -4, -16, -26, -16
6,-18:-4, 4, -4, -16, -22, -28
6,-18:-4, 4, -4, -16, -22, -24
6,-18:-4, 4, -4, -16, -14, -30
6,-18:-4, 4, -4, -16, -14, -28
6,-18:-4, 4, -4, -14, -10, -30
6,-18:-4, 4, -4, -14, -10, -20
11,-16:-4, 4, -4, -12, -10, -40
11,-16:-4, 4, -4, -12, -10, -38
4,-17:-4, 4, -4, -10, -16, -26
4,-17:-4, 4, -4, -10, -16, -24
-2,1:-4, 4, -2, -12, -2, -14
-2,1:-4, 4, -2, -12, -2, -4
9,4:-4, 4, -2, -8, 0, -16
9,4:-4, 4, -2, -8, 0, -12
8,0:-4, 4, -2, 6, 4, -16
6,14:-4, 4, 4, -6, 2, 8
6,14:-4, 4, 4, -6, 2, 10
6,14:-4, 4, 4, -6, 8, 2
4,-5:-4, 4, 4, 6, -14, 8
4,-5:-4, 4, 4, 6, -14, 10
6,12:-4, 4, 6, 4, -8, 0
-1,-1:-4, 4, 6, 6, 6, -14
-5,10:6, -4, -4, -14, -12, -10
-5,10:6, -4, -4, -14, -12, -8
-5,10:6, -4, -4, -14, -12, -6
17,9:6, -4, -4, -14, -12, 14
17,9:6, -4, -4, -14, -12, 16
17,9:6, -4, -4, -14, -12, 18
-3,11:6, -4, -4, -14, 10, -8
-3,11:6, -4, -4, -14, 10, -6
-3,11:6, -4, -4, -14, 10, -4
15,8:6, -4, -4, -14, 10, 12
15,8:6, -4, -4, -14, 10, 14
15,8:6, -4, -4, -14, 10, 16
8,-3:6, -4, -4, -12, -4, -8
1,4:6, -4, -4, -6, -14, -2
4,0:6, -4, -4, -6, -4, -6
9,17:6, -4, 6, 6, 16, -16
9,17:6, -4, 6, 6, 16, -14
9,17:6, -4, 6, 6, 16, -12
11,-3:6, -4, 6, 6, 16, 6
11,-3:6, -4, 6, 6, 16, 8
11,-3:6, -4, 6, 6, 16, 10
5,2:6, 6, -2, -4, 16, -2
0,11:6, 6, -2, 10, 0, 14
0,11:6, 6, -2, 10, 14, 0
-1,12:6, 6, -2, 12, 0, 6
-7,9:6, 6, -2, 12, 4, 16
8,-4:6, 6, -2, 16, 0, -8
3,2:6, 6, -2, 16, 4, 4
2,14:6, 6, 2, -6, -10, -12
2,14:6, 6, 2, -6, -10, -8
13,6:6, 6, 2, -4, 4, -12
2,14:6, 6, 2, -4, 4, -8
-5,6:6, 6, 2, -2, -8, 6
-7,6:6, 6, 2, -2, -4, 16
-5,6:6, 6, 2, -2, 6, -8
9,9:6, 6, 2, 0, 12, 8
9,9:6, 6, 2, 0, 12, 12
2,14:6, 6, 2, 2, -8, -10
-5,6:6, 6, 2, 4, 6, -6
9,9:6, 6, 2, 12, 12, 0
15,13:6, 6, 6, -2, 6, 6
15,13:6, 6, 6, -2, 16, 6
5,2:6, 6, 8, -4, -2, 6
5,2:6, 6, 8, -4, -2, 16
3,-12:6, 6, 8, -4, 4, 8
3,-12:6, 6, 8, -4, 4, 16
0,6:6, 6, 8, 6, 2, 2
0,4:6, 6, 8, 6, 8, 0
-4,5:6, 6, 8, 6, 12, 12
-7,2:6, 6, 8, 8, 14, 6
-4,6:6, 6, 8, 8, 16, -2
0,13:6, 6, 14, 2, 10, 0
-4,9:6, 6, 14, 6, 10, 18
5,8:6, 6, 14, 8, 16, -2
9,17:6, 6, 16, -16, 14, 4
6,14:6, 6, 16, -8, -18, -16
6,14:6, 6, 16, -8, -18, -14
6,14:6, 6, 16, -8, -18, -12
11,-3:6, 6, 16, -8, -18, 6
11,-3:6, 6, 16, -8, -18, 8
11,-3:6, 6, 16, -8, -18, 10
11,-3:6, 6, 16, -8, 6, -18
7,16:6, 6, 16, -8, 14, -14
7,16:6, 6, 16, -8, 14, -12
7,16:6, 6, 16, -8, 14, -10
9,-4:6, 6, 16, -8, 14, 8
9,-4:6, 6, 16, -8, 14, 10
9,-4:6, 6, 16, -8, 14, 12
9,17:6, 6, 16, 14, 4, -16
9,17:6, 6, 16, 14, 4, -14
9,17:6, 6, 16, 14, 4, -12
8,-6:6, 6, 16, 14, 4, 6
8,-6:6, 6, 16, 14, 4, 8
8,-6:6, 6, 16, 14, 4, 10
-6,8:-4, -14, -12, -2, 10, -12, -10
-6,8:-4, -14, -12, -2, 10, -12, -8
-6,8:-4, -14, -12, -2, 10, -12, -6
17,9:-4, -14, -12, -2, 10, -12, 12
17,9:-4, -14, -12, -2, 10, -12, 14
17,9:-4, -14, -12, -2, 10, -12, 16
18,11:-4, -14, -12, -2, 14, -12, -2
14,6:-4, -14, -12, 10, 10, 8, 16
-3,11:-4, -14, -12, 10, 20, 10, -10
-3,11:-4, -14, -12, 10, 20, 10, -8
-3,11:-4, -14, -12, 10, 20, 10, -6
14,6:-4, -14, -12, 10, 20, 10, 12
14,6:-4, -14, -12, 10, 20, 10, 14
14,6:-4, -14, -12, 10, 20, 10, 16
6,13:-4, -14, -12, 14, -12, -22, -16
6,13:-4, -14, -12, 14, -12, -22, -14
6,13:-4, -14, -12, 14, -12, -22, -12
26,11:-4, -14, -12, 14, -12, -22, 6
26,11:-4, -14, -12, 14, -12, -22, 8
26,11:-4, -14, -12, 14, -12, -22, 10
-14,15:-4, -14, -8, 10, 10, 0, 6
-14,15:-4, -14, -8, 10, 10, 0, 8
-14,15:-4, -14, -8, 10, 10, 0, 10
6,13:-4, -14, -8, 10, 10, 0, 28
6,13:-4, -14, -8, 10, 10, 0, 30
6,13:-4, -14, -8, 10, 10, 0, 32
-2,13:-4, -14, -8, 10, 20, 10, 20
-7,5:-4, -14, -8, 20, 12, 30, 18
-11,8:-4, -14, -8, 20, 22, 20, 22
-14,12:-4, -14, -8, 20, 28, 20, 24
-2,21:-4, -14, -8, 20, 30, -2, 28
-3,19:-4, -14, -8, 20, 30, 6, 0
-3,19:-4, -14, -8, 20, 30, 6, 2
-3,19:-4, -14, -8, 20, 30, 6, 4
0,1:-4, -14, -8, 20, 30, 6, 20
0,1:-4, -14, -8, 20, 30, 6, 22
0,1:-4, -14, -8, 20, 30, 6, 24
0,1:-4, -14, -8, 20, 30, 20, 6
-2,21:-4, -14, -8, 20, 30, 28, -2
-2,21:-4, -14, -8, 20, 30, 28, 0
-2,21:-4, -14, -8, 20, 30, 28, 2
-1,-1:-4, -14, -8, 20, 30, 28, 22
-1,-1:-4, -14, -8, 20, 30, 28, 24
-1,-1:-4, -14, -8, 20, 30, 28, 26
-6,8:-4, -14, 10, -2, -12, -8, -4
-6,8:-4, -14, 10, -2, -12, -8, 6
-6,8:-4, -14, 10, -2, -10, 8, -6
-6,8:-4, -14, 10, -2, -10, 8, -2
-6,8:-4, -14, 10, -2, 0, -6, -2
-6,8:-4, -14, 10, -2, 0, -6, 8
-6,8:-4, -14, 10, -2, 0, -2, -4
-6,8:-4, -14, 10, -2, 0, -2, -2
-5,10:-4, -14, 10, -2, 0, 20, -8
12,5:-4, -14, 10, 10, 8, 0, 10
12,5:-4, -14, 10, 10, 8, 0, 14
12,5:-4, -14, 10, 10, 8, 10, 10
12,5:-4, -14, 10, 10, 8, 10, 12
12,5:-4, -14, 10, 10, 8, 14, 0
12,5:-4, -14, 10, 10, 8, 14, 10
12,5:-4, -14, 10, 10, 16, 16, 2
12,5:-4, -14, 10, 10, 16, 16, 12
-2,13:-4, -14, 10, 20, 10, 20, -8
-2,13:-4, -14, 10, 20, 10, 20, -6
-2,13:-4, -14, 10, 20, 10, 20, -4
12,5:-4, -14, 10, 20, 10, 20, 14
12,5:-4, -14, 10, 20, 10, 20, 16
12,5:-4, -14, 10, 20, 10, 20, 18
12,5:-4, -14, 10, 20, 20, 22, 14
13,3:-4, -14, 14, -2, -10, 8, -4
9,6:-4, -14, 14, -2, 0, -2, 0
6,10:-4, -14, 14, -2, 6, -2, 2
18,19:-4, -14, 14, -2, 8, -24, 6
17,17:-4, -14, 14, -2, 8, -16, -22
17,17:-4, -14, 14, -2, 8, -16, -20
17,17:-4, -14, 14, -2, 8, -16, -18
20,-1:-4, -14, 14, -2, 8, -16, -2
20,-1:-4, -14, 14, -2, 8, -16, 0
20,-1:-4, -14, 14, -2, 8, -16, 2
20,-1:-4, -14, 14, -2, 8, -2, -16
18,19:-4, -14, 14, -2, 8, 6, -24
18,19:-4, -14, 14, -2, 8, 6, -22
18,19:-4, -14, 14, -2, 8, 6, -20
19,-3:-4, -14, 14, -2, 8, 6, 0
19,-3:-4, -14, 14, -2, 8, 6, 2
19,-3:-4, -14, 14, -2, 8, 6, 4
5,5:-4, -12, -14, -4, -6, -18, -8
5,5:-4, -12, -14, -4, -6, -18, -6
5,-2:-4, -12, -14, -4, -6, -18, -2
5,-2:-4, -12, -14, -4, -6, -18, 0
5,-2:-4, -12, -14, -4, -6, -18, 2
6,4:-4, -12, -14, -4, -6, -14, -18
6,4:-4, -12, -14, -4, -6, -14, -16
6,4:-4, -12, -14, -4, -6, -14, -14
15,-2:-4, -12, -14, -4, -6, -14, -4
15,-2:-4, -12, -14, -4, -6, -14, -2
15,-2:-4, -12, -14, -4, -6, -14, 0
5,5:-4, -12, -14, -4, -6, -10, -14
5,5:-4, -12, -14, -4, -6, -10, -12
14,-3:-4, -12, -14, -4, -6, -10, -2
5,5:-4, -12, -14, -4, -6, -8, -18
5,-2:-4, -12, -14, -4, -6, -2, -18
12,1:-4, -12, -14, 0, -8, -6, -4
12,1:-4, -12, -14, 0, -8, -6, 0
-2,1:-4, -12, -14, 0, -8, -2, -14
-2,1:-4, -12, -14, 0, -8, -2, -12
-2,1:-4, -12, -14, 0, -8, -2, -10
11,-1:-4, -12, -14, 0, -8, -2, 2
11,-1:-4, -12, -14, 0, -8, -2, 4
11,-1:-4, -12, -14, 0, -8, -2, 6
11,-1:-4, -12, -14, 0, -8, 2, 2
10,8:-4, -12, -14, 4, -6, -10, -6
-2,-1:-4, -12, -8, -18, -20, -4, 2
-2,-1:-4, -12, -8, -18, -20, -4, 4
-2,-1:-4, -12, -8, -18, -20, -4, 6
-2,-1:-4, -12, -8, -18, -20, 2, -4
-2,-1:-4, -12, -8, -18, -4, 2, -20
-2,-1:-4, -12, -8, -18, -4, 2, -10
-5,1:-4, -12, -8, -14, -14, 2, 8
9,4:-4, -12, -8, -14, -10, -6, -14
4,6:-4, -12, -8, -14, -10, -2, -14
-2,-14:-4, -12, -8, -14, -6, -24, 0
2,-2:-4, -12, -8, -14, -6, -16, -6
-4,-2:-4, -12, -8, -14, -6, -8, -16
-2,-14:-4, -12, -8, -14, -6, 0, -24
16,0:-4, -12, -8, -14, -4, -6, -20
12,3:-4, -12, -8, -14, 0, -14, -16
10,-3:-4, -12, -8, -14, 0, -8, -20
10,-3:-4, -12, -8, -14, 0, -8, -18
6,1:-4, -12, -8, -4, -2, -2, -20
2,-5:-4, -12, -6, -16, -6, -8, 8
5,-7:-4, -12, -6, -16, -4, -6, -2
8,5:-4, -12, -6, -16, -4, -2, 4
11,-1:-4, -12, -6, -16, 0, -8, 4
3,-6:-4, -12, -6, -14, -2, 0, -12
3,-6:-4, -12, -6, -14, -2, 0, -2
9,7:-4, -12, -6, -14, 4, 4, -6
2,4:-4, -12, -6, -14, 8, -2, 10
0,3:-4, -12, -6, -14, 8, 8, 6
0,3:-4, -12, -6, -14, 8, 8, 12
2,4:-4, -12, -6, -14, 8, 10, -2
8,5:-4, -12, -6, -4, -2, 4, -16
8,5:-4, -12, -6, -4, -2, 4, -12
-3,-6:-4, -12, -6, -2, -4, -8, -8
-3,-6:-4, -12, -6, -2, -4, -8, -6
-4,0:-4, -12, -6, -2, 4, -10, -14
1,-6:-4, -12, -6, -2, 4, 4, -4
3,4:-4, -12, -6, 0, -4, -2, -4
-7,-9:-4, -12, -6, 4, -14, -4, -12
-7,-9:-4, -12, -6, 4, -14, -4, -10
-7,-9:-4, -12, -6, 4, -14, -4, -8
-4,-14:-4, -12, -6, 4, -14, -4, -2
-4,-14:-4, -12, -6, 4, -14, -4, 0
-6,-7:-4, -12, -6, 4, -10, -4, 4
-7,-9:-4, -12, -6, 4, -10, 4, -2
-7,-9:-4, -12, -6, 4, -10, 4, 0
-7,-9:-4, -12, -6, 4, -10, 4, 2
-4,-14:-4, -12, -6, 4, -4, -2, -14
-6,-7:-4, -12, -6, 4, -4, 4, -10
-6,-7:-4, -12, -6, 4, -4, 4, -8
-6,-15:-4, -12, -6, 4, -4, 4, -2
-6,-15:-4, -12, -6, 4, -4, 4, 0
-6,-15:-4, -12, -6, 4, -4, 4, 2
10,-2:-4, -12, -4, -8, -16, -6, -16
10,6:-4, -12, -4, -8, -6, 4, -28
10,6:-4, -12, -4, -8, -6, 4, -26
10,6:-4, -12, -4, -8, -6, 4, -24
12,-14:-4, -12, -4, -8, -6, 4, -6
12,-14:-4, -12, -4, -8, -6, 4, -4
12,-14:-4, -12, -4, -8, -6, 4, -2
10,4:-4, -12, -4, -4, 0, -10, 2
10,4:-4, -12, -4, -4, 0, 2, -10
4,6:-4, -12, -4, -2, 6, 2, 6
8,5:-4, -12, -4, -2, 6, 6, 10
14,2:-4, -12, 0, -8, -6, -16, 2
12,1:-4, -12, 0, -8, -6, -4, -4
12,1:-4, -12, 0, -8, -6, -4, -2
12,1:-4, -12, 0, -8, -6, 0, -4
11,-1:-4, -12, 0, -8, -4, 0, -4
11,-1:-4, -12, 0, -8, -4, 0, -2
6,-9:-4, -12, 0, -8, 0, -2, -30
6,-9:-4, -12, 0, -8, 0, -2, -22
11,-1:-4, -12, 0, -8, 6, 6, -2
11,-1:-4, -12, 0, -8, 6, 6, 10
10,2:-4, -12, 0, -4, -12, -6, 2
12,6:-4, -12, 0, -2, 4, 4, 2
11,-1:-4, -12, 0, 6, 6, 10, -8
0,-8:-4, -12, 4, -6, -14, -8, -16
0,-8:-4, -12, 4, -6, -14, -8, -14
4,-11:-4, -12, 4, -6, -14, -8, -8
4,-11:-4, -12, 4, -6, -14, -8, -6
1,-2:-4, -12, 4, -6, 2, -6, 2
7,-3:-4, -12, 4, -6, 2, 6, 10
6,5:-4, -12, 4, 4, 6, 6, 10
-1,-1:-4, -12, 4, 6, 4, -2, -14
-1,-1:-4, -12, 4, 6, 4, -2, -6
0,1:-4, -12, 4, 6, 4, 6, -14
7,1:-4, -12, 4, 6, 10, -14, -10
7,1:-4, -12, 4, 6, 10, -10, -14
3,5:-4, -6, -14, -2, -2, 8, -2
3,13:-4, -6, -14, -2, 8, 18, -14
3,13:-4, -6, -14, -2, 8, 18, -12
3,13:-4, -6, -14, -2, 8, 18, -10
5,-7:-4, -6, -14, -2, 8, 18, 8
5,-7:-4, -6, -14, -2, 8, 18, 10
5,-7:-4, -6, -14, -2, 8, 18, 12
1,-2:-4, -6, -14, 2, 4, -2, -4
1,8:-4, -6, -14, 2, 4, -2, -2
7,12:-4, -6, -14, 2, 4, 2, 6
1,2:-4, -6, -14, 2, 6, 10, 4
-3,6:-4, -6, -14, 2, 6, 14, 8
-3,10:-4, -6, -14, 2, 10, 8, 18
-4,3:-4, -6, -14, 2, 14, 10, 8
3,7:-4, -6, -14, 6, 4, 10, 0
-1,6:-4, -6, -14, 6, 6, 2, 12
2,24:-4, -6, -14, 6, 12, -4, 0
2,24:-4, -6, -14, 6, 12, -4, 2
2,24:-4, -6, -14, 6, 12, -4, 4
3,4:-4, -6, -14, 6, 12, -4, 20
3,4:-4, -6, -14, 6, 12, -4, 22
3,4:-4, -6, -14, 6, 12, -4, 24
3,26:-4, -6, -14, 6, 12, -2, 28
3,4:-4, -6, -14, 6, 12, 20, -4
3,26:-4, -6, -14, 6, 12, 28, -2
3,26:-4, -6, -14, 6, 12, 28, 2
0,1:-4, -6, -8, -20, -20, -28, -22
0,1:-4, -6, -8, -20, -20, -28, -20
0,1:-4, -6, -8, -20, -20, -28, -18
20,-1:-4, -6, -8, -20, -20, -28, 0
20,-1:-4, -6, -8, -20, -20, -28, 2
20,-1:-4, -6, -8, -20, -20, -28, 4
11,2:-4, -6, -8, -18, -20, -10, -8
14,-4:-4, -6, -8, -18, -20, -6, -14
9,2:-4, -6, -8, -18, -20, -2, -2
11,2:-4, -6, -8, -18, -10, -8, -20
14,-4:-4, -6, -8, -18, -6, -14, -10
9,2:-4, -6, -8, -18, -2, -2, -20
11,-5:-4, -6, -8, -16, -6, -8, -40
11,-5:-4, -6, -8, -16, -6, -8, -38
11,-5:-4, -6, -8, -16, -6, -8, -36
13,-25:-4, -6, -8, -16, -6, -8, -18
13,-25:-4, -6, -8, -16, -6, -8, -16
13,-25:-4, -6, -8, -16, -6, -8, -14
8,2:-4, -6, -8, -10, -20, -14, -10
2,-15:-4, -6, -8, -10, -20, -12, -32
6,-8:-4, -6, -8, -10, -20, -12, -4
10,9:-4, -6, -8, -10, -20, -10, -8
9,3:-4, -6, -8, -10, -20, -2, 4
8,2:-4, -6, -8, -10, -14, -10, -20
10,-16:-4, -6, -8, -10, -12, -30, -6
14,-15:-4, -6, -8, -10, -12, -20, -6
10,-16:-4, -6, -8, -10, -12, -6, -30
10,-16:-4, -6, -8, -10, -12, -6, -28
14,-15:-4, -6, -8, -10, -12, -6, -20
10,9:-4, -6, -8, -10, -10, -8, -20
10,9:-4, -6, -8, -10, -10, -8, -10
9,3:-4, -6, -8, -10, -2, 4, -20
12,10:-4, -6, -8, -6, -16, -16, -10
12,10:-4, -6, -8, -6, -12, -8, -10
12,10:-4, -6, -8, -6, -12, -8, -8
7,-3:-4, -6, -8, -6, -2, -10, -12
13,12:-4, -6, -8, -6, 4, -10, -10
13,12:-4, -6, -8, -6, 4, -10, -8
6,-10:-4, -6, -8, -2, -20, -20, -20
12,0:-4, -6, -8, -2, -12, -20, -16
12,0:-4, -6, -8, -2, -12, -16, -20
7,-4:-4, -6, -8, -2, -2, -16, -24
7,-4:-4, -6, -8, -2, -2, -16, -14
-4,-6:-4, -6, -6, -16, -8, -4, -2
3,-5:-4, -6, -6, -16, -4, -2, -12
-1,-5:-4, -6, -6, -16, 0, -8, -2
-5,-1:-4, -6, -6, -16, 0, -4, 2
5,5:-4, -6, -6, -16, 2, 4, 0
1,-1:-4, -6, -6, -16, 2, 8, 8
-9,-1:-4, -6, -6, -16, 2, 8, 10
-9,-3:-4, -6, -6, -14, -14, -6, -6
0,-8:-4, -6, -6, -14, -14, -4, -12
0,-8:-4, -6, -6, -14, -14, -4, -10
0,-8:-4, -6, -6, -14, -14, -4, -8
7,-2:-4, -6, -6, -14, -14, 4, -4
-3,-3:-4, -6, -6, -14, -8, 0, -2
-5,-1:-4, -6, -6, -14, -8, 0, 8
5,-2:-4, -6, -6, -14, 0, 0, -4
4,-5:-4, -6, -6, -14, 0, 0, -2
-9,-1:-4, -6, -6, -14, 2, 8, 10
0,1:-4, -6, -6, -4, -8, 8, 0
-9,6:-4, -6, -6, -4, -8, 10, 12
-2,3:-4, -6, -6, -4, -4, -4, -8
-2,3:-4, -6, -6, -4, -4, -4, -6
2,8:-4, -6, -6, -4, 2, -8, 4
7,1:-4, -6, -6, -4, 2, 2, 0
2,8:-4, -6, -6, -4, 2, 4, -8
2,8:-4, -6, -6, -4, 2, 4, -6
2,8:-4, -6, -6, -4, 2, 4, -4
8,3:-4, -6, -6, -4, 2, 4, 0
7,1:-4, -6, -6, -4, 2, 4, 6
7,1:-4, -6, -6, -4, 2, 4, 8
8,3:-4, -6, -6, -4, 2, 6, 0
7,1:-4, -6, -6, -4, 2, 10, 0
7,1:-4, -6, -6, -4, 2, 10, 6
7,1:-4, -6, -6, -4, 2, 10, 8
0,1:-4, -6, -6, -4, 8, 0, -8
-9,6:-4, -6, -6, -4, 10, 12, -8
-9,6:-4, -6, -6, -4, 10, 12, 2
-2,0:-4, -6, -6, -4, 10, 16, -2
5,-7:-4, -6, -6, 0, -6, -6, -4
5,-7:-4, -6, -6, 0, -6, -6, 4
-3,-1:-4, -6, -6, 0, -6, 6, -2
4,-5:-4, -6, -6, 0, -4, -14, 4
4,-5:-4, -6, -6, 0, -4, -14, 6
-5,-1:-4, -6, -6, 0, -4, 2, -16
-5,-1:-4, -6, -6, 0, -4, 2, -12
-1,-3:-4, -6, -6, 0, 2, -2, 0
-1,-8:-4, -6, -6, 0, 2, 6, -2
-1,-9:-4, -6, -6, 2, -10, -18, 6
10,-12:-4, -6, -6, 2, -10, -16, 8
3,-10:-4, -6, -6, 2, -10, -10, 8
-1,-9:-4, -6, -6, 2, -10, 6, -18
-1,-9:-4, -6, -6, 2, -10, 6, -14
10,-12:-4, -6, -6, 2, -10, 8, -16
11,7:-4, -6, -6, 2, 2, -6, 6
6,-6:-4, -6, -6, 2, 2, -4, 2
6,-6:-4, -6, -6, 2, 2, -4, 4
5,-2:-4, -6, -6, 2, 4, -8, 0
5,5:-4, -6, -6, 2, 4, 0, -16
5,5:-4, -6, -6, 2, 4, 0, -12
4,-5:-4, -6, -6, 2, 6, -4, -8
-1,-5:-4, -6, -6, 2, 6, -4, -6
-6,1:-4, -6, -6, 2, 8, 6, -8
-9,-1:-4, -6, -6, 2, 8, 10, -16
-9,-1:-4, -6, -6, 2, 8, 10, -12
2,2:-4, -6, -6, 4, -10, -2, -4
7,0:-4, -6, -6, 4, -6, -8, -2
4,-2:-4, -6, -6, 4, -6, -6, -10
5,-7:-4, -6, -6, 4, -6, -6, -6
5,-7:-4, -6, -6, 4, -6, -6, -4
8,18:-4, -6, -6, 4, -6, 0, -14
8,18:-4, -6, -6, 4, -6, 0, -10
6,-2:-4, -6, -4, -10, -10, -2, -12
5,0:-4, -6, -4, -10, -6, -10, 0
0,-2:-4, -6, -4, -10, 0, 2, 4
-1,5:-4, -6, -4, -10, 0, 4, 12
9,-10:-4, -6, -4, -8, -14, -16, -14
10,-4:-4, -6, -4, -8, -12, -10, -8
4,-1:-4, -6, -4, -8, -12, -4, 0
-7,4:-4, -6, -4, -6, -8, -18, -12
-7,4:-4, -6, -4, -6, -8, -18, -10
-7,4:-4, -6, -4, -6, -8, -18, -8
13,2:-4, -6, -4, -6, -8, -18, 10
13,2:-4, -6, -4, -6, -8, -18, 12
13,2:-4, -6, -4, -6, -8, -18, 14
5,2:-4, -6, -4, -6, 2, -8, 2
7,2:-4, -6, -4, 0, 0, -10, 0
-6,3:-4, -6, 0, -8, -20, -18, -16
-6,3:-4, -6, 0, -8, -20, -18, -14
-6,3:-4, -6, 0, -8, -20, -18, -12
16,2:-4, -6, 0, -8, -20, -18, 8
16,2:-4, -6, 0, -8, -20, -18, 10
16,2:-4, -6, 0, -8, -20, -18, 12
-4,4:-4, -6, 0, -8, -20, -14, 4
-4,4:-4, -6, 0, -8, -20, 4, -14
-4,4:-4, -6, 0, -8, -20, 4, -12
-4,4:-4, -6, 0, -8, -20, 4, -10
14,1:-4, -6, 0, -8, -20, 4, 6
14,1:-4, -6, 0, -8, -20, 4, 8
14,1:-4, -6, 0, -8, -20, 4, 10
16,2:-4, -6, 0, -8, -20, 8, -18
7,-10:-4, -6, 0, -8, -18, -10, -14
0,-3:-4, -6, 0, -8, -12, -20, -8
3,-7:-4, -6, 0, -8, -12, -10, -12
6,-15:-4, -6, 0, -2, -30, -16, -18
1,-10:-4, -6, 0, -2, -30, -10, -6
6,-3:-4, -6, 0, -2, -30, -4, -6
6,-4:-4, -6, 0, -2, -30, -4, 6
21,-6:-4, -6, 0, -2, -26, -22, -14
21,-6:-4, -6, 0, -2, -26, -22, -6
20,-8:-4, -6, 0, -2, -26, -16, -20
21,-6:-4, -6, 0, -2, -26, -14, -22
0,-12:-4, -6, 0, -2, -26, -10, -30
0,-12:-4, -6, 0, -2, -26, -10, -28
0,-12:-4, -6, 0, -2, -26, -10, -26
20,-8:-4, -6, 0, -2, -26, -10, -14
20,-8:-4, -6, 0, -2, -26, -10, -12
20,-8:-4, -6, 0, -2, -26, -10, -10
6,-15:-4, -6, 0, -2, -16, -18, -30
6,-15:-4, -6, 0, -2, -16, -18, -22
26,-11:-4, -6, 0, -2, -14, -32, -34
26,1:-4, -6, 0, -2, -14, -20, -22
26,0:-4, -6, 0, -2, -14, -20, -10
1,-10:-4, -6, 0, -2, -10, -6, -30
1,-10:-4, -6, 0, -2, -10, -6, -22
11,-7:-4, -6, 6, -8, -20, -10, 2
11,-7:-4, -6, 6, -8, -20, -8, 4
-3,4:-4, -6, 6, -8, -20, -6, 10
12,-5:-4, -6, 6, -8, -20, -2, -12
10,1:-4, -6, 6, -8, -20, 0, -14
11,-7:-4, -6, 6, -8, -20, 4, -8
10,1:-4, -6, 6, -8, -20, 10, -14
-3,4:-4, -6, 6, -8, -20, 10, -6
6,0:-4, -6, 6, -8, -18, -20, 4
6,0:-4, -6, 6, -8, -18, 4, -20
-3,4:-4, -6, 6, -8, -12, 10, -14
10,0:-4, -6, 6, -8, -10, -20, 4
10,0:-4, -6, 6, -8, -10, 4, -20
10,-9:-4, -6, 6, -8, -8, -16, 4
10,-9:-4, -6, 6, -8, -8, 4, -16
-3,4:-4, -6, 6, -8, -8, 10, -18
-3,4:-4, -6, 6, -8, -8, 10, -12
-11,5:-4, -6, 6, -2, -14, 22, 12
-14,2:-4, -6, 6, -2, -10, -12, -8
-14,2:-4, -6, 6, -2, -10, -12, -6
-14,2:-4, -6, 6, -2, -10, -12, -4
5,-2:-4, -6, 6, -2, -10, -12, 14
5,-2:-4, -6, 6, -2, -10, -12, 16
5,-2:-4, -6, 6, -2, -10, -12, 18
5,-2:-4, -6, 6, -2, -10, 14, -12
-13,4:-4, -6, 6, -2, -10, 22, -14
-13,4:-4, -6, 6, -2, -10, 22, -10
-14,2:-4, -6, 6, -2, -4, -6, -8
-14,2:-4, -6, 6, -2, -4, -6, -6
-13,4:-4, -6, 6, -2, -4, 22, -14
-13,4:-4, -6, 6, -2, -4, 22, -8
-13,4:-4, -6, 6, -2, -4, 22, -4
12,-3:-4, -6, 6, -2, 14, -12, -20
-11,5:-4, -6, 6, -2, 22, 12, -14
-11,5:-4, -6, 6, -2, 22, 12, -6
6,-15:-4, -6, 6, 0, -8, 6, -8
15,3:-4, -6, 6, 0, 14, -10, 0
15,3:-4, -6, 6, 0, 14, 0, -10
15,3:-4, -6, 6, 0, 14, 0, -8
0,4:-4, -6, 6, 4, -8, -12, -4
0,4:-4, -6, 6, 4, -2, -30, -14
0,4:-4, -6, 6, 4, -2, -30, -6
0,4:-4, -6, 6, 4, -2, -14, -30
0,4:-4, -6, 6, 4, -2, -14, -22
3,7:-4, -6, 6, 4, 10, 0, -14
3,7:-4, -6, 6, 4, 10, 0, -4
-1,6:-4, -6, 6, 6, 2, 12, -14
-1,6:-4, -6, 6, 6, 2, 12, -4
9,1:-4, -6, 6, 10, -14, -2, -12
1,7:-4, -6, 6, 10, -14, 0, 2
1,7:-4, -6, 6, 10, -14, 2, -2
1,7:-4, -6, 6, 10, -14, 2, 0
-1,-1:-4, -6, 6, 10, -14, 2, 4
-1,-1:-4, -6, 6, 10, -14, 2, 6
-1,-1:-4, -6, 6, 10, -14, 2, 8
4,18:-4, -6, 6, 10, -14, 12, 22
2,2:-4, -6, 6, 10, -10, -14, -2
-1,6:-4, -6, 6, 10, -10, 0, -10
-1,6:-4, -6, 6, 10, -10, 0, -8
-1,6:-4, -6, 6, 10, -10, 0, -6
5,-4:-4, -6, 6, 10, -10, 0, 6
5,-4:-4, -6, 6, 10, -10, 0, 8
5,-4:-4, -6, 6, 10, -10, 0, 10
1,7:-4, -6, 6, 10, -10, 2, -2
-1,-1:-4, -6, 6, 10, -10, 6, -10
-1,-1:-4, -6, 6, 10, -10, 6, -8
-1,-1:-4, -6, 6, 10, -10, 6, -6
-1,-1:-4, -6, 6, 10, -10, 6, -4
5,-4:-4, -6, 6, 10, -10, 6, 0
5,-4:-4, -6, 6, 10, -10, 6, 2
-1,6:-4, -6, 6, 10, -6, -10, -2
11,-3:-4, -6, 6, 10, -6, -8, 2
-1,6:-4, -6, 6, 10, -6, -2, -10
-1,6:-4, -6, 6, 10, -6, -2, -6
11,-3:-4, -6, 6, 10, -6, 2, -8
-1,6:-4, -6, 6, 10, -4, -12, -8
-1,6:-4, -6, 6, 10, -4, -12, -6
-1,6:-4, -6, 6, 10, -4, -6, -12
-1,6:-4, -6, 6, 10, -4, -6, -10
-1,6:-4, -6, 6, 10, -4, -6, -4
5,-5:-4, -6, 6, 10, -4, -2, -14
0,6:-4, -6, 6, 10, -4, 0, 2
1,7:-4, -6, 6, 10, -4, 2, -10
-1,6:-4, -6, 6, 10, 0, -4, -20
-1,6:-4, -6, 6, 10, 0, -4, -10
1,7:-4, -6, 6, 10, 0, 2, -14
5,-4:-4, -6, 6, 10, 0, 6, -10
5,-4:-4, -6, 6, 10, 0, 6, -8
0,1:-4, -6, 6, 10, 6, 6, -14
4,18:-4, -6, 6, 10, 12, 22, -14
2,6:-4, -4, -14, -2, 8, -2, -4
3,8:-4, -4, -14, -2, 10, 2, -4
14,17:-4, -4, -14, 4, -4, -2, 8
14,17:-4, -4, -14, 4, -2, 8, -4
0,2:-4, -4, -14, 6, -2, -2, 0
0,2:-4, -4, -14, 6, -2, -2, 10
16,-3:-4, -4, -14, 10, 0, 16, 4
12,14:-4, -4, -14, 10, 6, -4, -2
12,14:-4, -4, -14, 10, 6, -2, -4
10,13:-4, -4, -8, -20, -16, 10, 6
13,15:-4, -4, -8, -20, 4, -2, -16
13,15:-4, -4, -8, -20, 4, -2, -14
10,13:-4, -4, -8, -20, 10, 6, -16
10,13:-4, -4, -8, -20, 10, 6, -14
14,12:-4, -4, -8, -18, -20, 2, 2
11,14:-4, -4, -8, -18, -20, 4, -4
14,12:-4, -4, -8, -18, 2, 2, -20
14,12:-4, -4, -8, -18, 2, 2, -10
17,4:-4, -4, -8, -12, -16, -6, 6
17,4:-4, -4, -8, -12, -16, 6, -6
3,11:-4, -4, -8, -12, -14, -10, -4
3,11:-4, -4, -8, -12, -14, -8, -10
3,11:-4, -4, -8, -12, -14, -6, -6
3,11:-4, -4, -8, -12, -14, -6, -4
3,11:-4, -4, -8, -12, -14, -6, -2
10,6:-4, -4, -8, -12, -14, -6, 8
10,6:-4, -4, -8, -12, -14, -6, 10
4,13:-4, -4, -8, -12, -14, -4, 14
3,11:-4, -4, -8, -12, -14, 0, -10
3,11:-4, -4, -8, -12, -14, 0, -4
3,11:-4, -4, -8, -12, -14, 0, -2
10,6:-4, -4, -8, -12, -14, 6, -6
4,13:-4, -4, -8, -12, -14, 14, -4
4,13:-4, -4, -8, -12, -14, 14, -2
3,11:-4, -4, -8, -12, -12, -16, -14
3,11:-4, -4, -8, -12, -12, -14, -8
3,11:-4, -4, -8, -12, -12, -12, -18
3,11:-4, -4, -8, -12, -12, -12, -16
3,11:-4, -4, -8, -12, -12, -12, -14
15,-1:-4, -4, -8, -12, -12, -12, 6
15,-1:-4, -4, -8, -12, -12, -12, 8
15,-1:-4, -4, -8, -12, -12, -12, 10
3,11:-4, -4, -8, -12, -12, -8, -10
3,11:-4, -4, -8, -12, -12, -8, -8
3,11:-4, -4, -8, -12, -12, -8, -6
14,5:-4, -4, -8, -12, -12, -8, 6
14,5:-4, -4, -8, -12, -12, -8, 8
14,5:-4, -4, -8, -12, -12, -8, 10
3,11:-4, -4, -8, -12, -12, -4, -10
3,11:-4, -4, -8, -12, -12, -4, -8
15,-1:-4, -4, -8, -12, -12, 6, -12
14,5:-4, -4, -8, -12, -12, 6, -8
3,11:-4, -4, -8, -12, -10, -18, 0
3,11:-4, -4, -8, -12, -10, -18, 2
3,11:-4, -4, -8, -12, -10, -18, 4
10,12:-4, -4, -8, -12, -10, -18, 10
10,12:-4, -4, -8, -12, -10, 6, -18
11,5:-4, -4, -8, -12, -8, -16, 0
3,11:-4, -4, -8, -12, -6, -10, -8
3,11:-4, -4, -8, -12, -6, 2, -16
10,6:-4, -4, -8, -12, -6, 8, -14
3,11:-4, -4, -8, -12, -4, -10, -16
4,13:-4, -4, -8, -12, -4, 14, -14
3,11:-4, -4, -8, -12, 0, -16, 2
3,15:-4, -4, -8, -12, 0, -6, -4
3,15:-4, -4, -8, -12, 0, -6, -2
9,10:-4, -4, -8, -12, 0, 6, -16
13,2:-4, -4, -8, -10, -20, -8, -12
13,2:-4, -4, -8, -10, -20, -8, -10
13,2:-4, -4, -8, -10, -8, -12, -20
8,3:-4, -4, -8, -2, -12, -16, 8
12,2:-4, -4, -8, -2, -12, -10, 8
12,-2:-4, -4, -8, -2, -12, -6, 8
8,3:-4, -4, -8, -2, -12, 8, -16
8,3:-4, -4, -8, -2, -12, 8, -14
8,3:-4, -4, -8, -2, -12, 8, -12
12,2:-4, -4, -8, -2, -12, 8, -10
12,-2:-4, -4, -8, -2, -12, 8, -6
12,-2:-4, -4, -8, -2, -12, 8, -4
12,-2:-4, -4, -8, -2, -12, 8, -2
17,0:-4, -4, -8, 8, -8, -18, -12
5,11:-4, -4, -8, 8, -6, -10, 0
6,13:-4, -4, -8, 8, -6, -8, 12
5,11:-4, -4, -8, 8, -6, 0, -10
5,11:-4, -4, -8, 8, -6, 0, -8
6,13:-4, -4, -8, 8, -6, 12, -8
11,14:-4, -4, -6, -16, 4, -4, -10
11,14:-4, -4, -6, -16, 4, -4, -8
11,14:-4, -4, -6, -16, 4, -4, -6
0,-8:-4, -4, -6, -16, 4, -4, 2
0,-8:-4, -4, -6, -16, 4, -4, 4
0,-8:-4, -4, -6, -16, 4, -4, 6
0,-8:-4, -4, -6, -16, 6, -4, 0
0,-8:-4, -4, -6, -16, 6, -4, 10
13,15:-4, -4, -6, -14, 4, -2, -4
10,13:-4, -4, -6, -14, 10, 6, -4
15,10:-4, -4, -4, 10, 8, -6, 2
2,6:-4, -4, -2, 8, -2, -4, -4
2,6:-4, -4, -2, 8, -2, -4, -2
3,8:-4, -4, -2, 10, 2, -4, -4
3,8:-4, -4, -2, 10, 2, -4, -2
-5,-2:-4, -4, -2, 10, 8, 0, -8
2,11:-4, -4, -2, 10, 12, 2, 2
4,-15:-4, -4, 2, 12, 14, -8, -20
2,5:-4, -4, 2, 12, 14, 0, 4
11,14:-4, -4, 4, -4, -10, -10, -10
11,14:-4, -4, 4, -4, -10, -10, -8
11,14:-4, -4, 4, -4, -10, -10, -6
3,-5:-4, -4, 4, -4, -10, -10, 2
3,-5:-4, -4, 4, -4, -10, -10, 4
3,-5:-4, -4, 4, -4, -10, -10, 6
11,14:-4, -4, 4, -4, -10, -6, -8
11,14:-4, -4, 4, -4, -10, -6, -6
13,15:-4, -4, 4, -4, -10, -2, -4
11,14:-4, -4, 4, -4, -8, -14, -8
11,14:-4, -4, 4, -4, -8, -12, -16
11,14:-4, -4, 4, -4, -8, -12, -14
13,15:-4, -4, 4, -4, -8, -2, -10
13,15:-4, -4, 4, -4, -6, -2, -6
13,15:-4, -4, 4, -4, -6, -2, -4
1,-3:-4, -4, 4, -4, -6, -2, 0
1,-3:-4, -4, 4, -4, -6, -2, 2
1,-3:-4, -4, 4, -4, -6, -2, 4
14,17:-4, -4, 4, -4, -2, 8, -4
3,-5:-4, -4, 6, -4, -10, -10, 0
3,-5:-4, -4, 6, -4, -10, -10, 10
10,18:-4, -4, 8, 0, 16, -4, -4
10,18:-4, -4, 8, 0, 16, -4, 0
6,15:-4, -4, 8, 6, 0, 10, 0
6,15:-4, -4, 8, 6, 0, 10, 4
21,4:-4, -4, 8, 10, 0, -4, -14
10,13:-4, -4, 10, 6, -4, -10, -4
10,13:-4, -4, 10, 6, -4, -8, -10
10,13:-4, -4, 10, 6, -4, -6, -6
10,13:-4, -4, 10, 6, -4, -6, -4
1,-3:-4, -4, 10, 6, -4, -6, 2
1,-3:-4, -4, 10, 6, -4, -6, 4
1,-3:-4, -4, 10, 6, -4, -6, 6
12,14:-4, -4, 10, 6, -4, -2, -4
15,4:-4, 0, -16, -6, 0, 10, 12
15,4:-4, 0, -16, -6, 6, -2, 10
4,-6:-4, 0, -16, -4, -2, -4, -14
4,-6:-4, 0, -16, -4, -2, -4, -12
4,-6:-4, 0, -16, -4, -2, -4, -10
10,2:-4, 0, -16, -4, 8, 10, -4
1,14:-4, 0, -16, -4, 10, -4, -12
14,2:-4, 0, -16, 0, 10, -2, 8
14,2:-4, 0, -16, 0, 10, -2, 10
14,2:-4, 0, -16, 0, 10, 8, -2
14,2:-4, 0, -16, 0, 10, 8, 8
15,4:-4, 0, -16, 0, 10, 12, -6
5,-4:-4, 0, -16, 4, -4, -4, 2
1,-7:-4, 0, -16, 6, 4, 4, 6
-9,8:-4, 0, -16, 8, 12, 12, -14
-9,8:-4, 0, -16, 8, 12, 12, -12
-9,8:-4, 0, -16, 8, 12, 12, -10
14,2:-4, 0, -16, 8, 12, 12, 16
14,2:-4, 0, -16, 8, 12, 12, 18
14,2:-4, 0, -16, 8, 12, 12, 20
14,2:-4, 0, -16, 8, 12, 16, 16
14,2:-4, 0, -16, 10, -22, -18, 0
14,2:-4, 0, -16, 10, -22, 0, -18
6,5:-4, 0, -12, -12, -6, -4, -6
-2,5:-4, 0, -12, -12, -6, 8, 10
0,3:-4, 0, -12, -12, -4, 6, 6
0,3:-4, 0, -12, -12, -4, 8, 0
-2,5:-4, 0, -12, -12, -4, 8, 10
-1,4:-4, 0, -12, -12, -2, -4, 0
15,9:-4, 0, -12, -12, 0, 0, -6
6,3:-4, 0, -12, -12, 0, 6, 4
0,3:-4, 0, -12, -12, 6, 6, -4
0,3:-4, 0, -12, -12, 6, 6, -2
-5,12:-4, 0, -12, -12, 8, 4, 16
-2,0:-4, 0, -12, -10, -4, 6, -4
-1,2:-4, 0, -12, -10, -4, 8, 0
5,7:-4, 0, -12, -10, 0, 4, 14
10,11:-4, 0, -12, -10, 2, -4, 6
8,8:-4, 0, -12, -10, 8, 4, -4
4,-6:-4, 0, -12, -6, 6, 6, 4
9,-12:-4, 0, -12, -4, -14, -18, -16
-1,2:-4, 0, -12, -4, 8, 0, -10
-1,2:-4, 0, -12, -4, 8, 0, -6
-2,5:-4, 0, -12, -4, 8, 10, -12
-2,5:-4, 0, -12, -4, 8, 10, -4
3,5:-4, 0, -12, 0, 8, 2, -10
-2,5:-4, 0, -12, 0, 8, 10, -12
2,11:-4, 0, -12, 0, 10, -2, 12
10,11:-4, 0, -12, 2, -4, 6, -10
10,11:-4, 0, -12, 2, -4, 6, -6
11,7:-4, 0, -12, 2, -2, -20, -20
11,-9:-4, 0, -12, 2, 6, 14, -8
5,-4:-4, 0, -12, 4, -4, -4, -2
5,-4:-4, 0, -12, 4, -4, -4, 8
5,8:-4, 0, -12, 4, 6, 2, 4
8,2:-4, 0, -12, 4, 6, 6, -2
3,8:-4, 0, -12, 4, 6, 10, 10
4,1:-4, 0, -12, 6, 2, -8, -2
-11,5:-4, 0, -12, 8, 8, -8, 12
-11,5:-4, 0, -12, 8, 8, 12, -8
-11,5:-4, 0, -12, 8, 8, 12, 0
-7,9:-4, 0, -12, 8, 12, 12, 12
-13,14:-4, 0, -12, 8, 12, 16, 24
-7,11:-4, 0, -12, 8, 12, 20, 18
-3,-9:-4, 0, -12, 10, 0, -12, -8
4,-2:-4, 0, -12, 10, 4, -16, -26
11,3:-4, 0, -8, -10, -4, -4, -12
-2,2:-4, 0, -8, -10, -2, 8, -4
-7,11:-4, 0, -8, -10, 0, -2, 26
-7,11:-4, 0, -8, -10, 0, 26, -2
-7,11:-4, 0, -8, -10, 0, 26, 0
-7,11:-4, 0, -8, -10, 0, 26, 2
9,8:-4, 0, -8, -10, 0, 26, 16
9,8:-4, 0, -8, -10, 0, 26, 18
9,8:-4, 0, -8, -10, 0, 26, 20
-7,11:-4, 0, -8, -10, 0, 28, 2
5,10:-4, 0, -8, -10, 2, -4, 10
5,10:-4, 0, -8, -10, 2, 10, -4
5,10:-4, 0, -8, -10, 2, 10, 6
6,7:-4, 0, -8, -10, 6, 0, 6
11,6:-4, 0, -8, -10, 8, -4, 0
11,6:-4, 0, -8, -10, 8, -4, 4
-1,12:-4, 0, -8, -10, 8, 6, 0
4,-8:-4, 0, -8, -4, -12, -16, -10
4,-8:-4, 0, -8, -4, -12, -16, -6
4,-8:-4, 0, -8, -4, -12, -16, 0
4,-8:-4, 0, -8, -4, -12, -10, -16
2,-9:-4, 0, -8, -4, -12, -8, -8
2,-9:-4, 0, -8, -4, -12, -8, -6
0,3:-4, 0, -8, -4, -2, 6, -12
8,5:-4, 0, -8, -4, 2, -14, 2
0,4:-4, 0, -8, -4, 2, 0, -8
16,-12:-4, 0, -8, -4, 10, 4, -14
8,-14:-4, 0, -8, -2, -14, -18, -6
8,-14:-4, 0, -8, -2, -14, -18, -2
7,8:-4, 0, -8, -2, -14, -10, -4
7,8:-4, 0, -8, -2, -14, -4, -10
1,-7:-4, 0, -8, -2, -4, -6, -20
1,-7:-4, 0, -8, -2, -4, -6, -18
1,-7:-4, 0, -8, -2, -4, -6, -16
18,-1:-4, 0, -8, -2, -4, -6, -10
18,-1:-4, 0, -8, -2, -4, -6, -8
18,-1:-4, 0, -8, -2, -4, -6, -6
-2,2:-4, 0, -8, -2, 8, -4, -10
-2,2:-4, 0, -8, -2, 8, -4, -6
4,8:-4, 0, -8, 2, -4, -4, -12
4,8:-4, 0, -8, 2, -4, -4, -10
4,8:-4, 0, -8, 2, -4, -4, -8
4,-6:-4, 0, -8, 2, -4, -4, 2
4,-6:-4, 0, -8, 2, -4, -4, 4
4,-6:-4, 0, -8, 2, -4, -4, 6
5,10:-4, 0, -8, 2, -4, 10, -10
5,10:-4, 0, -8, 2, -4, 10, -6
4,-6:-4, 0, -8, 4, -4, 0, 14
4,-6:-4, 0, -8, 4, -4, 14, 0
4,-6:-4, 0, -8, 4, -4, 14, 2
-12,-8:-4, 0, -8, 6, -14, -20, -12
-12,-8:-4, 0, -8, 6, -14, -18, -12
-12,-8:-4, 0, -8, 6, -14, -18, -10
-12,-8:-4, 0, -8, 6, -14, -18, -8
-6,-16:-4, 0, -8, 6, -14, -18, 2
-6,-16:-4, 0, -8, 6, -14, -18, 4
-6,-16:-4, 0, -8, 6, -14, -18, 6
-12,-8:-4, 0, -8, 6, -14, -10, -18
-6,-16:-4, 0, -8, 6, -14, 2, -18
4,-8:-4, 0, -8, 6, -12, -18, 12
4,-8:-4, 0, -8, 6, -12, -18, 14
0,12:-4, 0, -8, 6, -12, -12, 6
0,12:-4, 0, -8, 6, -12, -12, 8
0,12:-4, 0, -8, 6, -12, 6, -12
0,12:-4, 0, -8, 6, -12, 6, -10
4,-8:-4, 0, -8, 6, -12, 12, -18
4,-8:-4, 0, -8, 6, -12, 12, -16
4,-6:-4, 0, -8, 6, -8, -4, 2
4,-6:-4, 0, -8, 6, -8, -4, 4
0,3:-4, 0, -8, 6, -8, 6, -10
0,3:-4, 0, -8, 6, -8, 6, -6
-1,7:-4, 0, -8, 6, 8, 0, -8
-1,0:-4, 0, -8, 6, 10, -14, -6
-5,-10:-4, 0, -8, 6, 10, -14, 0
-5,-10:-4, 0, -8, 6, 10, -14, 2
-5,-10:-4, 0, -8, 6, 10, -14, 4
1,9:-4, 0, -8, 8, 10, -8, 6
6,8:-4, 0, -8, 8, 10, 4, -6
1,9:-4, 0, -8, 8, 10, 6, -8
8,-3:-4, 0, -4, -6, 8, -22, -4
5,-4:-4, 0, -4, -2, -4, -4, -12
5,-4:-4, 0, -4, -2, -4, -4, -10
5,-4:-4, 0, -4, -2, -4, -4, -8
12,1:-4, 0, -4, 6, 10, 6, 2
1,0:-4, 0, -2, -10, 4, 2, 4
7,-3:-4, 0, -2, -4, -4, -14, 8
5,-4:-4, 0, -2, -4, -4, 4, 10
5,-4:-4, 0, -2, -4, -4, 6, 2
5,-4:-4, 0, -2, -4, -4, 6, 4
7,-3:-4, 0, -2, -4, -4, 8, -14
0,-2:-4, 0, -2, -4, 4, 2, -12
0,-2:-4, 0, -2, -4, 4, 2, -10
0,-2:-4, 0, -2, -4, 4, 2, -8
4,-6:-4, 0, -2, -4, 4, 2, -2
4,-6:-4, 0, -2, -4, 4, 2, 0
4,-6:-4, 0, -2, -4, 6, 8, 8
4,-6:-4, 0, -2, -4, 6, 8, 12
4,-6:-4, 0, -2, -4, 6, 10, 8
-5,7:-4, 0, -2, -4, 6, 14, -12
-5,7:-4, 0, -2, -4, 6, 14, -10
-5,7:-4, 0, -2, -4, 6, 14, -8
4,-6:-4, 0, -2, -4, 6, 14, 10
4,-6:-4, 0, -2, -4, 6, 14, 12
4,-6:-4, 0, -2, -4, 6, 14, 14
6,-3:-4, 0, -2, 4, -8, 8, 10
6,-3:-4, 0, -2, 4, -8, 8, 12
3,-7:-4, 0, -2, 4, -2, -2, -12
-5,5:-4, 0, -2, 4, 0, -8, 8
8,-6:-4, 0, -2, 4, 2, 4, -12
1,0:-4, 0, -2, 4, 2, 4, -10
6,-3:-4, 0, -2, 4, 8, 12, -8
3,-7:-4, 0, -2, 6, 6, 10, 2
2,6:-4, 0, -2, 6, 8, 10, -10
2,6:-4, 0, -2, 6, 8, 10, -6
-4,9:-4, 0, -2, 6, 14, 18, -10
-4,9:-4, 0, -2, 6, 14, 18, -6
-2,0:-4, 0, 0, -6, -14, -10, -4
25,8:-4, 0, 0, -6, -10, 2, -24
10,2:-4, 0, 0, 8, 2, -12, 0
10,2:-4, 0, 0, 8, 2, 0, -12
12,1:-4, 0, 0, 10, -2, 6, 8
12,1:-4, 0, 0, 10, -2, 6, 10
12,1:-4, 0, 0, 10, -2, 6, 16
2,11:-4, 0, 0, 10, -2, 12, -12
2,11:-4, 0, 0, 10, -2, 12, -10
2,11:-4, 0, 0, 10, -2, 12, -8
12,1:-4, 0, 0, 10, -2, 12, 8
12,1:-4, 0, 0, 10, -2, 12, 10
12,1:-4, 0, 0, 10, -2, 12, 12
12,1:-4, 0, 0, 10, -2, 14, 16
12,1:-4, 0, 0, 10, -2, 16, 10
12,14:-4, 0, 0, 10, 6, -14, 0
12,14:-4, 0, 0, 10, 6, 0, -14
13,11:-4, 0, 0, 10, 8, 6, 8
13,11:-4, 0, 0, 10, 8, 6, 10
11,12:-4, 0, 0, 10, 8, 6, 14
12,5:-4, 0, 0, 10, 8, 10, -2
17,-8:-4, 0, 0, 10, 10, -8, -14
17,-8:-4, 0, 0, 10, 10, -8, -12
12,1:-4, 0, 0, 10, 16, 8, 6
12,1:-4, 0, 0, 10, 16, 10, 16
12,1:-4, 0, 0, 10, 16, 12, 14
15,16:-4, 0, 2, -6, -14, -10, 4
4,-6:-4, 0, 2, -6, -14, -4, 0
4,-6:-4, 0, 2, -6, -14, -4, 2
15,16:-4, 0, 2, -6, -14, 4, -10
15,16:-4, 0, 2, -6, -14, 4, -6
10,13:-4, 0, 2, -2, -14, -10, 8
9,11:-4, 0, 2, -2, -14, -4, -12
9,11:-4, 0, 2, -2, -14, -4, -10
9,11:-4, 0, 2, -2, -14, -4, -8
4,-6:-4, 0, 2, -2, -14, -4, 0
4,-6:-4, 0, 2, -2, -14, -4, 2
4,-6:-4, 0, 2, -2, -14, -4, 4
10,13:-4, 0, 2, -2, -14, 8, -10
10,13:-4, 0, 2, -2, -14, 8, -6
4,-6:-4, 0, 2, -2, -10, -4, -16
4,-6:-4, 0, 2, -2, -10, -4, -12
9,7:-4, 0, 4, -6, -8, -6, -10
13,-1:-4, 0, 4, -6, -4, -8, -6
4,-6:-4, 0, 4, -6, -4, -4, -10
4,-6:-4, 0, 4, -6, -4, -4, -6
20,8:-4, 0, 4, -6, 4, -6, -14
4,-6:-4, 0, 4, -6, 4, -4, -12
4,-6:-4, 0, 4, -6, 4, -4, -10
7,6:-4, 0, 4, -4, -6, -8, -12
7,6:-4, 0, 4, -4, -6, -8, -10
7,6:-4, 0, 4, -4, -6, -8, -8
4,-6:-4, 0, 4, -4, -6, -8, -2
4,-6:-4, 0, 4, -4, -6, -8, 0
4,-6:-4, 0, 4, -4, -6, -8, 2
12,4:-4, 0, 4, -4, 2, -4, -12
6,8:-4, 0, 4, -4, 2, 4, -6
11,4:-4, 0, 4, -4, 2, 8, -2
12,1:-4, 0, 4, 4, -8, 2, 6
4,-4:-4, 0, 4, 4, 0, -6, -4
11,3:-4, 0, 4, 4, 0, -2, 14
7,-8:-4, 0, 4, 6, -18, -18, -10
7,-7:-4, 0, 4, 6, -18, -14, -18
11,-17:-4, 0, 4, 6, -16, -22, -24
6,-8:-4, 0, 4, 6, -16, -20, -12
9,-5:-4, 0, 4, 6, -8, -8, -18
0,3:-4, 0, 6, -6, -18, 6, -4
22,11:-4, 0, 6, -6, -14, -10, 2
22,11:-4, 0, 6, -6, -14, -10, 4
22,11:-4, 0, 6, -6, -14, 2, -10
0,3:-4, 0, 6, -6, -4, 6, -18
8,5:-4, 0, 6, -2, -8, -12, 6
8,5:-4, 0, 6, -2, -8, 6, -12
12,1:-4, 0, 6, -2, -4, 14, -4
12,1:-4, 0, 6, -2, 6, -4, 4
12,1:-4, 0, 6, -2, 6, -4, 14
7,15:-4, 0, 6, -2, 14, 14, 4
2,2:-4, 0, 6, 4, -6, -12, 10
2,-1:-4, 0, 6, 4, -6, -10, -4
2,1:-4, 0, 6, 4, -6, -10, -2
4,1:-4, 0, 6, 4, -6, -10, 6
5,8:-4, 0, 6, 4, -6, -8, -10
5,8:-4, 0, 6, 4, -6, -8, -8
2,-1:-4, 0, 6, 4, -6, -4, -10
2,1:-4, 0, 6, 4, -6, -2, -10
7,4:-4, 0, 6, 4, -6, -2, -8
12,-4:-4, 0, 6, 4, -6, 4, -12
4,1:-4, 0, 6, 4, -6, 6, -10
11,-9:-4, 0, 6, 4, -2, -14, 2
11,-9:-4, 0, 6, 4, -2, -14, 12
11,-9:-4, 0, 6, 4, -2, 2, -14
-2,5:-4, 0, 8, -6, -18, 10, -4
-2,5:-4, 0, 8, -6, -4, 10, -18
8,2:-4, 0, 8, -2, -24, -8, 18
8,2:-4, 0, 8, -2, -24, 18, -8
19,0:-4, 0, 8, -2, -14, -6, 18
19,0:-4, 0, 8, -2, -14, 18, -6
19,0:-4, 0, 8, -2, -14, 18, -4
8,2:-4, 0, 8, -2, -8, 18, -24
8,2:-4, 0, 8, -2, -8, 18, -18
8,2:-4, 0, 8, -2, -8, 18, -16
19,0:-4, 0, 8, -2, -6, 18, -14
17,-2:-4, 0, 8, -2, -2, -10, 18
17,-2:-4, 0, 8, -2, -2, 18, -10
9,10:-4, 0, 8, 4, -4, -10, 6
9,10:-4, 0, 8, 4, -4, 6, -10
9,10:-4, 0, 8, 4, -4, 6, -6
6,11:-4, 0, 8, 6, -2, -4, -6
12,16:-4, 0, 8, 6, 4, 6, -10
12,1:-4, 0, 8, 8, -4, 16, -4
-11,5:-4, 0, 8, 8, 0, 12, -12
-11,5:-4, 0, 8, 8, 0, 12, -10
-11,5:-4, 0, 8, 8, 0, 12, -8
12,1:-4, 0, 8, 8, 0, 12, 14
12,1:-4, 0, 8, 8, 0, 12, 16
12,1:-4, 0, 8, 8, 0, 12, 18
12,1:-4, 0, 8, 8, 0, 14, 18
12,1:-4, 0, 8, 8, 2, 16, -2
12,1:-4, 0, 8, 8, 2, 16, 2
14,2:-4, 0, 8, 8, 16, -16, 0
0,8:-4, 0, 8, 10, -6, -8, -8
-7,9:-4, 0, 8, 12, 12, 12, -12
-7,9:-4, 0, 8, 12, 12, 12, -10
-7,9:-4, 0, 8, 12, 12, 12, -8
12,1:-4, 0, 8, 12, 12, 12, 14
12,1:-4, 0, 8, 12, 12, 12, 16
12,1:-4, 0, 8, 12, 12, 12, 18
12,1:-4, 0, 8, 12, 20, 14, 16
12,1:-4, 0, 8, 12, 20, 14, 26
-7,11:-4, 0, 8, 12, 20, 18, -12
-7,11:-4, 0, 8, 12, 20, 18, -10
-7,11:-4, 0, 8, 12, 20, 18, -8
12,1:-4, 0, 8, 12, 20, 18, 16
12,1:-4, 0, 8, 12, 20, 18, 18
12,1:-4, 0, 8, 12, 20, 18, 20
12,1:-4, 0, 8, 12, 20, 20, 12
12,1:-4, 0, 10, -2, -18, 12, 0
12,1:-4, 0, 10, -2, -18, 12, 2
12,1:-4, 0, 10, -2, 12, 0, -18
12,1:-4, 0, 10, 4, 8, 0, -22
12,1:-4, 0, 10, 4, 8, 0, -20
3,-19:-4, 2, 0, -8, 4, -36, -22
3,-19:-4, 2, 0, -8, 4, -36, -12
3,-19:-4, 2, 0, -8, 4, -22, -36
3,-19:-4, 2, 0, -8, 4, -22, -34
13,22:-4, 2, 2, -14, -10, 4, -6
14,22:-4, 2, 2, -14, -10, 4, 6
7,17:-4, 2, 2, -14, -10, 8, 6
2,22:-4, 2, 2, -14, -10, 16, 18
3,-3:-4, 2, 2, -14, -8, -10, 6
3,-3:-4, 2, 2, -14, -8, -10, 14
3,-3:-4, 2, 2, -14, -8, 6, -10
5,16:-4, 2, 2, -14, -8, 8, -6
5,16:-4, 2, 2, -14, -8, 8, -4
5,16:-4, 2, 2, -14, -8, 8, -2
1,-4:-4, 2, 2, -14, -8, 8, 10
1,-4:-4, 2, 2, -14, -8, 8, 12
1,-4:-4, 2, 2, -14, -8, 8, 14
-2,2:-4, 2, 2, -14, 0, 2, 6
-2,2:-4, 2, 2, -14, 0, 2, 14
-2,2:-4, 2, 2, -14, 0, 6, 2
5,16:-4, 2, 2, -14, 0, 8, 4
9,2:-4, 2, 2, -14, 6, -12, -22
10,2:-4, 2, 2, -14, 6, -12, -10
7,17:-4, 2, 2, -14, 8, 6, -10
7,17:-4, 2, 2, -14, 8, 6, -2
6,-1:-4, 2, 2, -8, -4, -6, -4
3,3:-4, 2, 2, -8, 2, -6, -2
15,12:-4, 2, 2, -8, 4, -28, 2
14,10:-4, 2, 2, -8, 4, -20, -26
14,10:-4, 2, 2, -8, 4, -20, -24
14,10:-4, 2, 2, -8, 4, -20, -22
17,-8:-4, 2, 2, -8, 4, -20, -6
17,-8:-4, 2, 2, -8, 4, -20, -4
17,-8:-4, 2, 2, -8, 4, -20, -2
17,-8:-4, 2, 2, -8, 4, -6, -20
15,12:-4, 2, 2, -8, 4, 2, -28
15,12:-4, 2, 2, -8, 4, 2, -26
15,12:-4, 2, 2, -8, 4, 2, -24
16,-10:-4, 2, 2, -8, 4, 2, -4
16,-10:-4, 2, 2, -8, 4, 2, -2
16,-10:-4, 2, 2, -8, 4, 2, 0
9,-6:-4, 2, 6, -14, -18, -8, 2
11,-6:-4, 2, 6, -14, -18, 2, 4
11,-6:-4, 2, 6, -14, -18, 4, 2
11,-6:-4, 2, 6, -14, 2, 4, -18
11,-6:-4, 2, 6, -14, 2, 4, -16
11,-6:-4, 2, 6, -14, 2, 4, -14
-1,-1:-4, 2, 6, -8, -14, -6, -4
10,16:-4, 2, 6, 0, -4, -10, -12
10,16:-4, 2, 6, 0, -4, -10, -10
12,8:-4, 2, 6, 0, 4, 6, 6
10,-4:-4, 2, 6, 0, 14, -16, -4
28,-1:-4, 2, 6, 0, 14, -14, -20
10,-4:-4, 2, 6, 0, 14, -4, -16
8,8:-4, 2, 6, 2, -8, -20, -18
8,8:-4, 2, 6, 2, -8, -14, -16
8,8:-4, 2, 6, 2, -8, -14, -14
8,8:-4, 2, 6, 2, -8, -14, -12
13,-2:-4, 2, 6, 2, -8, -14, -2
13,-2:-4, 2, 6, 2, -8, -14, 0
13,-2:-4, 2, 6, 2, -8, -14, 2
8,8:-4, 2, 6, 2, -8, -12, -18
8,8:-4, 2, 6, 2, -8, -12, -8
8,8:-4, 2, 6, 2, -8, -10, -10
13,-2:-4, 2, 6, 2, -8, -2, -14
8,8:-4, 2, 6, 2, -6, -10, -6
4,8:-4, 2, 6, 2, -4, -8, -14
4,8:-4, 2, 6, 2, -4, -8, -12
7,-5:-4, 2, 6, 2, -2, -10, 10
7,-5:-4, 2, 6, 2, -2, 10, -10
7,-4:-4, 2, 6, 2, 0, -10, -12
8,5:-4, 2, 6, 4, 0, -4, -14
-4,-1:-4, 2, 6, 6, 12, -8, -16
-4,-1:-4, 2, 6, 6, 12, -8, -12
-8,-6:-4, 2, 6, 10, 0, 0, 14
-8,-6:-4, 2, 6, 10, 0, 0, 18
-8,-6:-4, 2, 6, 10, 0, 14, 0
-4,6:-4, 2, 6, 10, 2, 16, 0
-10,-4:-4, 2, 6, 10, 4, 12, 12
-9,-2:-4, 2, 6, 10, 4, 14, 12
-4,6:-4, 2, 6, 10, 4, 16, 4
-10,-4:-4, 2, 6, 10, 4, 16, 8
-10,-4:-4, 2, 6, 10, 4, 16, 10
-10,-4:-4, 2, 6, 10, 4, 16, 12
-1,8:-4, 2, 6, 10, 6, 8, 10
2,2:-4, 2, 6, 10, 6, 12, 4
-3,8:-4, 2, 6, 10, 6, 16, 16
2,2:-4, 2, 6, 10, 12, 4, 8
-7,-2:-4, 2, 6, 10, 14, 10, 10
1,-1:-4, 4, -10, -12, -14, -2, -4
8,0:-4, 4, -10, -12, -12, -14, 0
9,2:-4, 4, -10, -12, -12, -2, 2
8,0:-4, 4, -10, -12, -12, 0, -14
4,-1:-4, 4, -10, -12, 6, -14, 4
19,-9:-4, 4, -10, -8, 2, -8, -4
19,-9:-4, 4, -10, -8, 2, -8, 0
10,-1:-4, 4, -10, -6, -8, -2, -4
10,-1:-4, 4, -10, -6, -8, -2, 0
9,3:-4, 4, -10, -6, -4, 0, -8
2,24:-4, 4, -10, -6, -4, 6, 12
-2,1:-4, 4, -10, -6, -2, -2, -12
-2,1:-4, 4, -10, -6, -2, -2, -10
10,-1:-4, 4, -10, -6, -2, 0, -8
5,-3:-4, 4, -10, -6, 0, -4, 0
5,-3:-4, 4, -10, -6, 0, -4, 6
9,3:-4, 4, -10, -6, 0, 0, 8
9,3:-4, 4, -10, -6, 0, 0, 10
12,6:-4, 4, -10, -6, 2, -10, 4
9,-7:-4, 4, -10, -2, -20, -18, -12
9,-7:-4, 4, -10, -2, -20, -16, -20
9,-7:-4, 4, -10, -2, -20, -16, -18
10,-5:-4, 4, -10, -2, -20, -14, -10
7,-8:-4, 4, -10, -2, -18, -20, -26
7,-8:-4, 4, -10, -2, -18, -20, -24
7,-8:-4, 4, -10, -2, -18, -20, -22
18,-6:-4, 4, -10, -2, -18, -20, -16
18,-6:-4, 4, -10, -2, -18, -20, -14
18,-6:-4, 4, -10, -2, -18, -20, -12
7,-8:-4, 4, -10, -2, -16, -14, -14
7,-8:-4, 4, -10, -2, -16, -14, -10
7,-8:-4, 4, -10, -2, -16, -12, -14
13,3:-4, 4, -10, -2, -16, -8, -16
7,-8:-4, 4, -10, -2, -16, -8, -12
7,-8:-4, 4, -10, -2, -16, -8, -10
7,-8:-4, 4, -10, -2, -16, -8, -8
18,-7:-4, 4, -10, 0, -14, -26, 0
18,-7:-4, 4, -10, 0, -14, 0, -26
17,11:-4, 4, -10, 0, -8, 2, -30
17,11:-4, 4, -10, 0, -8, 2, -28
17,11:-4, 4, -10, 0, -8, 2, -26
19,-9:-4, 4, -10, 0, -8, 2, -8
19,-9:-4, 4, -10, 0, -8, 2, -6
19,-9:-4, 4, -10, 0, -8, 2, -4
10,-1:-4, 4, -10, 0, -6, -8, -2
14,7:-4, 4, -10, 2, -16, -26, -46
14,7:-4, 4, -10, 2, -16, -26, -38
13,1:-4, 4, -10, 2, -6, -16, -4
13,1:-4, 4, -10, 2, -6, -4, -16
10,-2:-4, 4, -10, 6, 0, -4, 2
10,-2:-4, 4, -10, 6, 0, -4, 12
0,13:-4, 4, -10, 6, 4, 0, 8
10,-1:-4, 4, -10, 6, 6, 10, -6
10,-2:-4, 4, -10, 6, 10, -2, 6
10,-2:-4, 4, -10, 6, 10, 6, -2
12,-1:-4, 4, -8, -16, -16, -8, 2
11,-3:-4, 4, -8, -16, -16, -4, -4
11,-3:-4, 4, -8, -16, -16, -4, -2
11,-3:-4, 4, -8, -16, -16, 0, -4
12,-1:-4, 4, -8, -16, -16, 2, -8
12,0:-4, 4, -8, -16, -12, -16, 2
-2,1:-4, 4, -8, -16, -12, -6, -10
-2,1:-4, 4, -8, -16, -12, -6, 0
12,0:-4, 4, -8, -16, -12, 2, -16
3,3:-4, 4, -8, -16, -6, -10, 12
8,-4:-4, 4, -8, -16, -6, -2, 2
8,-4:-4, 4, -8, -16, -6, -2, 6
8,-4:-4, 4, -8, -16, -6, -2, 12
3,3:-4, 4, -8, -16, -6, 12, -10
8,-4:-4, 4, -8, -16, -6, 12, -2
10,-2:-4, 4, -8, -16, -4, -6, -6
9,-9:-4, 4, -8, -14, -20, -22, -10
16,-10:-4, 4, -8, -14, -20, -22, 2
16,-10:-4, 4, -8, -14, -20, 2, -22
2,-7:-4, 4, -8, -14, -18, 0, -2
11,-1:-4, 4, -8, -14, -18, 2, -10
11,5:-4, 4, -8, -14, -12, -10, 2
-10,0:-4, 4, -8, -14, -12, -6, 12
11,5:-4, 4, -8, -14, -12, 2, -10
9,4:-4, 4, -8, -14, -12, 6, 6
9,4:-4, 4, -8, -14, -12, 6, 10
9,4:-4, 4, -8, -14, -12, 8, 6
-10,0:-4, 4, -8, -14, -12, 12, -6
-10,0:-4, 4, -8, -14, -12, 12, -4
-10,0:-4, 4, -8, -14, -12, 12, -2
9,4:-4, 4, -8, -14, -12, 12, 8
9,4:-4, 4, -8, -14, -12, 12, 10
9,4:-4, 4, -8, -14, -12, 12, 12
1,-3:-4, 4, -8, -14, -4, -6, -16
4,-1:-4, 4, -8, -14, 0, -12, 4
12,3:-4, 4, -8, -12, -14, -18, 0
12,3:-4, 4, -8, -12, -14, 0, -18
12,2:-4, 4, -8, -12, -4, -14, 2
12,2:-4, 4, -8, -12, -4, 2, -14
1,-1:-4, 4, -8, -12, 6, 2, -14
1,-1:-4, 4, -8, -12, 6, 2, -4
2,0:-4, 4, -8, -6, 0, -16, -6
-1,6:-4, 4, -8, -6, 6, -12, -4
10,1:-4, 4, -8, -4, -12, -4, -2
9,-1:-4, 4, -8, -4, -12, 0, -2
4,-1:-4, 4, -8, -4, 0, 0, -8
0,4:-4, 4, -8, 6, -4, 4, -10
0,4:-4, 4, -8, 6, -4, 4, -8
12,-1:-4, 4, -8, 6, 4, 0, 6
12,-1:-4, 4, -8, 6, 4, 0, 10
4,-11:-4, 4, -4, -28, -26, -22, -28
4,-11:-4, 4, -4, -28, -26, -22, -24
6,-18:-4, 4, -4, -28, -26, -16, -28
6,-18:-4, 4, -4, -28, -26, -16, -24
4,-17:-4, 4, -4, -28, -10, -16, -26
4,-17:-4, 4, -4, -28, -10, -16, -24
4,-17:-4, 4, -4, -28, -10, -16, -18
4,-11:-4, 4, -4, -26, -22, -26, -16
6,-18:-4, 4, -4, -26, -18, -16, -14
6,-18:-4, 4, -4, -26, -16, -16, -22
5,-4:-4, 4, -4, -26, -12, -22, -32
5,-4:-4, 4, -4, -26, -12, -22, -30
5,-4:-4, 4, -4, -26, -12, -22, -28
19,-12:-4, 4, -4, -26, -12, -22, -10
19,-12:-4, 4, -4, -26, -12, -22, -8
19,-12:-4, 4, -4, -26, -12, -22, -6
3,-14:-4, 4, -4, -26, -12, -18, -24
3,-14:-4, 4, -4, -26, -12, -18, -20
13,-8:-4, 4, -4, -26, -12, -8, -10
6,-18:-4, 4, -4, -26, -10, -26, -28
7,-17:-4, 4, -4, -26, -10, -18, -18
6,-16:-4, 4, -4, -26, -10, -16, -26
6,-10:-4, 4, -4, -22, -22, -20, -26
6,-10:-4, 4, -4, -22, -22, -20, -24
6,-10:-4, 4, -4, -22, -22, -20, -22
6,-18:-4, 4, -4, -22, -22, -20, -18
6,-18:-4, 4, -4, -22, -22, -20, -16
6,-18:-4, 4, -4, -22, -22, -20, -14
7,-16:-4, 4, -4, -22, -22, -16, -18
9,1:-4, 4, -4, -22, -22, -10, 0
6,-18:-4, 4, -4, -22, -16, -16, -22
6,-18:-4, 4, -4, -22, -16, -16, -18
18,-7:-4, 4, -4, -22, -10, -18, -16
4,-17:-4, 4, -4, -22, -10, -16, -26
4,-17:-4, 4, -4, -22, -10, -16, -24
4,-17:-4, 4, -4, -22, -10, -16, -22
18,-7:-4, 4, -4, -22, -10, -16, -18
6,-18:-4, 4, -4, -20, -14, -8, -22
4,-11:-4, 4, -4, -20, -12, -26, -24
4,-11:-4, 4, -4, -20, -12, -26, -20
6,-18:-4, 4, -4, -20, -12, -12, -24
6,-18:-4, 4, -4, -20, -12, -12, -20
4,-11:-4, 4, -4, -18, -20, -26, -16
6,-18:-4, 4, -4, -18, -14, -14, -20
6,-18:-4, 4, -4, -16, -34, -28, -26
6,-18:-4, 4, -4, -16, -34, -28, -16
11,-9:-4, 4, -4, -16, -26, -26, -24
11,-9:-4, 4, -4, -16, -26, -24, -26
6,-18:-4, 4, -4, -16, -26, -24, -22
6,-18:-4, 4, -4, -16, -26, -24, -20
6,-18:-4, 4, -4, -16, -26, -24, -18
6,-18:-4, 4, -4, -16, -22, -30, -30
6,-18:-4, 4, -4, -16, -22, -26, -34
6,-18:-4, 4, -4, -16, -22, -26, -32
6,-18:-4, 4, -4, -16, -22, -26, -30
15,-17:-4, 4, -4, -16, -22, -26, -24
15,-17:-4, 4, -4, -16, -22, -26, -22
15,-17:-4, 4, -4, -16, -22, -22, -26
7,-16:-4, 4, -4, -16, -22, -18, -28
7,-16:-4, 4, -4, -16, -22, -18, -24
6,-18:-4, 4, -4, -16, -18, -28, -22
6,-18:-4, 4, -4, -16, -18, -28, -18
6,-18:-4, 4, -4, -16, -14, -36, -30
6,-18:-4, 4, -4, -16, -14, -34, -36
6,-18:-4, 4, -4, -16, -14, -32, -32
6,-18:-4, 4, -4, -16, -14, -32, -30
6,-18:-4, 4, -4, -16, -14, -32, -28
22,-8:-4, 4, -4, -16, -14, -32, -22
6,-18:-4, 4, -4, -16, -14, -26, -36
6,-18:-4, 4, -4, -16, -14, -26, -30
6,-18:-4, 4, -4, -16, -14, -26, -28
22,-8:-4, 4, -4, -16, -14, -24, -32
7,-16:-4, 4, -4, -16, -14, -18, -30
7,-16:-4, 4, -4, -16, -14, -18, -28
6,-18:-4, 4, -4, -14, -14, -14, -20
7,-16:-4, 4, -4, -14, -10, -18, -30
7,-16:-4, 4, -4, -14, -10, -18, -20
11,-16:-4, 4, -4, -12, -10, -46, -40
11,-16:-4, 4, -4, -12, -10, -44, -46
11,-16:-4, 4, -4, -12, -10, -42, -42
11,-16:-4, 4, -4, -12, -10, -42, -40
11,-16:-4, 4, -4, -12, -10, -42, -38
25,-15:-4, 4, -4, -12, -10, -42, -28
25,-15:-4, 4, -4, -12, -10, -42, -26
25,-15:-4, 4, -4, -12, -10, -42, -24
13,-15:-4, 4, -4, -12, -10, -40, -32
11,-16:-4, 4, -4, -12, -10, -36, -46
11,-16:-4, 4, -4, -12, -10, -36, -40
11,-16:-4, 4, -4, -12, -10, -36, -38
13,-15:-4, 4, -4, -12, -10, -32, -40
13,-15:-4, 4, -4, -12, -10, -32, -38
25,-15:-4, 4, -4, -12, -10, -28, -42
4,-17:-4, 4, -4, -10, -16, -20, -18
4,-17:-4, 4, -4, -10, -16, -18, -24
-5,-6:-4, 4, -2, -14, -4, -14, -6
-5,-6:-4, 4, -2, -14, -4, 0, -8
-3,3:-4, 4, -2, -14, 2, 12, 10
0,4:-4, 4, -2, -14, 6, 4, -12
0,4:-4, 4, -2, -14, 6, 4, -6
1,-3:-4, 4, -2, -12, -2, -2, -16
0,2:-4, 4, -2, -12, -2, -2, -14
0,-8:-4, 4, -2, -12, -2, 8, 18
-6,7:-4, 4, -2, -12, 2, 10, -14
-6,7:-4, 4, -2, -12, 2, 10, -4
-9,-1:-4, 4, -2, -12, 6, -12, 14
-4,-3:-4, 4, -2, -12, 6, -2, 8
0,4:-4, 4, -2, -12, 6, 4, -14
0,4:-4, 4, -2, -12, 6, 4, -4
17,-6:-4, 4, -2, -8, -12, -10, -4
17,-6:-4, 4, -2, -8, -12, -10, 0
17,-6:-4, 4, -2, -8, -12, -4, -10
11,5:-4, 4, -2, -8, 0, -10, -16
11,5:-4, 4, -2, -8, 0, -10, -12
0,5:-4, 4, -2, -8, 2, 6, -16
14,4:-4, 4, -2, -8, 6, 2, -2
5,6:-4, 4, -2, 2, 6, -16, 2
4,11:-4, 4, -2, 2, 12, 2, -22
4,11:-4, 4, -2, 2, 12, 2, -20
4,11:-4, 4, -2, 2, 12, 2, -18
12,-8:-4, 4, -2, 2, 12, 2, 6
12,-8:-4, 4, -2, 2, 12, 2, 8
12,-8:-4, 4, -2, 2, 12, 2, 10
-3,3:-4, 4, -2, 2, 12, 10, -14
-3,3:-4, 4, -2, 2, 12, 10, -12
-3,3:-4, 4, -2, 2, 12, 10, -10
13,0:-4, 4, -2, 2, 12, 10, 4
13,0:-4, 4, -2, 2, 12, 10, 6
13,0:-4, 4, -2, 2, 12, 10, 8
0,4:-4, 4, -2, 2, 14, 4, 2
2,10:-4, 4, -2, 6, 0, -24, 6
2,10:-4, 4, -2, 6, 0, 6, -24
2,10:-4, 4, -2, 6, 0, 6, -20
5,-1:-4, 4, -2, 6, 2, -28, -2
9,-12:-4, 4, -2, 6, 2, -26, 6
5,-1:-4, 4, -2, 6, 2, -2, -28
5,-1:-4, 4, -2, 6, 2, -2, -24
9,-12:-4, 4, -2, 6, 2, 6, -26
18,-10:-4, 4, -2, 6, 4, 0, -22
-2,1:-4, 4, 4, -6, -14, -2, 14
6,14:-4, 4, 4, -6, -14, 8, -4
6,14:-4, 4, 4, -6, -14, 8, 0
1,-3:-4, 4, 4, -6, -4, -6, 14
6,14:-4, 4, 4, -6, -4, 8, -4
6,14:-4, 4, 4, -6, -4, 8, -2
6,14:-4, 4, 4, -6, 0, 8, -14
6,14:-4, 4, 4, -6, 0, 8, -4
7,16:-4, 4, 4, -6, 8, 14, 2
1,-7:-4, 4, 4, 4, 10, -12, -4
-1,-8:-4, 4, 4, 4, 10, -10, 0
6,-4:-4, 4, 4, 6, -14, -14, 8
6,-4:-4, 4, 4, 6, -14, -14, 10
3,11:-4, 4, 4, 6, -14, -10, 6
4,-5:-4, 4, 4, 6, -14, 2, 8
4,-5:-4, 4, 4, 6, -14, 4, 2
3,11:-4, 4, 4, 6, -14, 6, -10
3,11:-4, 4, 4, 6, -14, 6, -8
3,11:-4, 4, 4, 6, -14, 6, -6
4,-5:-4, 4, 4, 6, -14, 6, 6
4,-5:-4, 4, 4, 6, -14, 6, 8
4,-5:-4, 4, 4, 6, -14, 6, 10
4,-5:-4, 4, 4, 6, -14, 12, 2
4,-5:-4, 4, 4, 6, -14, 12, 8
4,-5:-4, 4, 4, 6, -14, 12, 10
6,5:-4, 4, 4, 6, 10, 6, 14
6,5:-4, 4, 4, 6, 10, 6, 18
6,5:-4, 4, 4, 6, 10, 14, 6
6,5:-4, 4, 4, 6, 10, 14, 8
0,13:-4, 4, 6, 2, -16, -10, 0
0,13:-4, 4, 6, 2, -16, -10, 2
0,13:-4, 4, 6, 2, -16, -10, 4
7,9:-4, 4, 6, 2, -16, -10, 12
7,9:-4, 4, 6, 2, -16, -10, 14
7,9:-4, 4, 6, 2, -16, -10, 16
0,13:-4, 4, 6, 2, -16, 0, -8
0,13:-4, 4, 6, 2, -16, 0, -2
0,13:-4, 4, 6, 2, -16, 2, -10
0,13:-4, 4, 6, 2, -16, 2, -8
7,9:-4, 4, 6, 2, -16, 12, -10
7,9:-4, 4, 6, 2, -16, 12, -8
0,13:-4, 4, 6, 2, -10, 0, -16
0,13:-4, 4, 6, 2, -10, 0, -14
7,9:-4, 4, 6, 2, -10, 12, -16
7,9:-4, 4, 6, 2, -10, 12, -14
7,14:-4, 4, 6, 4, -8, 0, 12
0,1:-4, 4, 6, 6, 6, 6, -14
-5,10:6, -4, -4, -14, -12, -2, -8
-5,10:6, -4, -4, -14, -12, -2, -6
-5,10:6, -4, -4, -14, -12, -2, -4
18,11:6, -4, -4, -14, -12, -2, 14
18,11:6, -4, -4, -14, -12, -2, 16
18,11:6, -4, -4, -14, -12, -2, 18
-3,11:6, -4, -4, -14, -12, 10, -10
-3,11:6, -4, -4, -14, -12, 10, -8
-3,11:6, -4, -4, -14, -12, 10, -6
17,9:6, -4, -4, -14, -12, 10, 12
17,9:6, -4, -4, -14, -12, 10, 14
17,9:6, -4, -4, -14, -12, 10, 16
-2,13:6, -4, -4, -14, 10, 20, -8
-2,13:6, -4, -4, -14, 10, 20, -6
-2,13:6, -4, -4, -14, 10, 20, -4
15,8:6, -4, -4, -14, 10, 20, 14
15,8:6, -4, -4, -14, 10, 20, 16
15,8:6, -4, -4, -14, 10, 20, 18
9,7:6, -4, -4, -12, -6, -14, 4
14,2:6, -4, -4, -12, 0, -8, 2
-3,10:6, -4, -4, -6, -14, 2, 10
3,7:6, -4, -4, -6, -14, 6, 4
3,-5:6, -4, -4, -6, -6, -16, -4
7,-2:6, -4, -4, -6, -6, -14, 4
7,-2:6, -4, -4, -6, -6, 4, -14
6,-2:6, -4, -4, -6, -4, -10, -10
7,2:6, -4, -4, -6, -4, 0, 0
-11,5:6, -4, -4, -6, 6, -2, -14
-11,5:6, -4, -4, -6, 6, -2, -6
3,7:6, -4, -4, -6, 6, 4, -14
3,7:6, -4, -4, -6, 6, 4, -4
14,17:6, -4, -4, -4, -14, 4, -4
14,17:6, -4, -4, -4, 4, -4, -4
10,11:6, -4, -4, 0, -12, -10, 2
10,11:6, -4, -4, 0, -12, 2, -10
10,11:6, -4, -4, 0, -12, 2, -6
7,-3:6, -4, -4, 0, -2, -4, 8
7,-3:6, -4, -4, 0, -2, 8, -4
15,4:6, -4, -4, 0, 0, 10, 12
7,-3:6, -4, -4, 0, 4, -4, 10
7,-5:6, -4, -4, 0, 4, 6, -14
15,4:6, -4, -4, 0, 6, -2, 10
7,15:6, -4, -4, 0, 6, -2, 14
15,4:6, -4, -4, 0, 8, 12, 10
15,4:6, -4, -4, 0, 8, 12, 14
10,-5:6, -4, -4, 4, -10, -2, -14
13,1:6, -4, -4, 4, -10, 2, -4
12,2:6, -4, -4, 4, -8, -12, 2
12,2:6, -4, -4, 4, -8, 2, -12
-2,13:6, -4, 6, -4, -4, -14, -8
-2,13:6, -4, 6, -4, -4, -14, -6
-2,13:6, -4, 6, -4, -4, -14, -4
18,11:6, -4, 6, -4, -4, -14, 14
18,11:6, -4, 6, -4, -4, -14, 16
18,11:6, -4, 6, -4, -4, -14, 18
5,3:6, -4, 6, 6, -2, 16, 4
1,6:6, -4, 6, 6, 8, 6, 8
-2,10:6, -4, 6, 6, 14, 6, 10
10,19:6, -4, 6, 6, 16, -16, 14
9,17:6, -4, 6, 6, 16, -8, -14
9,17:6, -4, 6, 6, 16, -8, -12
9,17:6, -4, 6, 6, 16, -8, -10
12,-1:6, -4, 6, 6, 16, -8, 6
12,-1:6, -4, 6, 6, 16, -8, 8
12,-1:6, -4, 6, 6, 16, -8, 10
10,19:6, -4, 6, 6, 16, 14, -16
10,19:6, -4, 6, 6, 16, 14, -14
10,19:6, -4, 6, 6, 16, 14, -12
11,-3:6, -4, 6, 6, 16, 14, 8
11,-3:6, -4, 6, 6, 16, 14, 10
11,-3:6, -4, 6, 6, 16, 14, 12
-3,-8:6, 6, -4, -4, -8, -16, -2
-3,-8:6, 6, -4, -4, -8, -2, -16
-3,-8:6, 6, -4, -4, -8, -2, -12
-9,18:6, 6, -4, 0, 10, -2, 4
-9,18:6, 6, -4, 0, 10, -2, 6
-9,18:6, 6, -4, 0, 10, -2, 8
11,16:6, 6, -4, 0, 10, -2, 26
11,16:6, 6, -4, 0, 10, -2, 28
11,16:6, 6, -4, 0, 10, -2, 30
-3,3:6, 6, -4, 0, 16, -12, 8
-3,3:6, 6, -4, 0, 16, -12, 10
17,7:6, 6, -4, 0, 16, -8, 4
17,7:6, 6, -4, 0, 16, -8, 12
17,7:6, 6, -4, 0, 16, 4, -8
17,7:6, 6, -4, 0, 16, 4, -6
-3,3:6, 6, -4, 0, 16, 8, -12
-3,3:6, 6, -4, 0, 16, 8, -4
0,1:6, 6, -2, -4, -4, -6, 16
-2,11:6, 6, -2, -4, -4, 12, -8
0,1:6, 6, -2, -4, -4, 16, -6
0,1:6, 6, -2, -4, -4, 16, -4
5,0:6, 6, -2, -4, -4, 16, 0
0,1:6, 6, -2, -4, -2, 4, 6
0,1:6, 6, -2, -4, -2, 4, 16
13,8:6, 6, -2, -4, -2, 10, 2
1,10:6, 6, -2, -4, 4, -2, 18
0,1:6, 6, -2, -4, 10, -8, -8
0,1:6, 6, -2, -4, 10, -8, -6
0,1:6, 6, -2, -4, 10, -8, -4
7,1:6, 6, -2, -4, 10, -8, 2
1,9:6, 6, -2, -4, 10, -8, 4
-5,9:6, 6, -2, -4, 10, 2, -8
12,5:6, 6, -2, -4, 10, 6, 0
1,7:6, 6, -2, -4, 14, -8, 16
0,1:6, 6, -2, -4, 14, 16, -2
25,4:6, 6, -2, -4, 16, -10, 0
25,4:6, 6, -2, -4, 16, -10, 4
7,3:6, 6, -2, -4, 16, -2, -8
-4,6:6, 6, -2, -2, -4, 16, -8
-4,6:6, 6, -2, -2, -4, 16, -6
15,8:6, 6, -2, -2, 8, -8, 0
15,8:6, 6, -2, -2, 8, 0, -8
15,8:6, 6, -2, -2, 8, 0, -6
2,0:6, 6, -2, 4, 8, 4, 6
2,0:6, 6, -2, 4, 8, 4, 16
5,11:6, 6, -2, 4, 10, 2, 14
5,11:6, 6, -2, 4, 10, 2, 18
-16,6:6, 6, -2, 6, 12, 18, 26
-16,6:6, 6, -2, 6, 12, 18, 28
-16,6:6, 6, -2, 6, 12, 26, 18
-15,13:6, 6, -2, 6, 14, 12, 40
-15,13:6, 6, -2, 6, 14, 12, 42
-17,8:6, 6, -2, 6, 16, 12, 22
-17,8:6, 6, -2, 6, 16, 12, 32
-17,8:6, 6, -2, 6, 18, 16, 30
-17,8:6, 6, -2, 6, 18, 16, 32
-17,8:6, 6, -2, 6, 18, 24, 26
-17,8:6, 6, -2, 6, 18, 24, 30
-17,8:6, 6, -2, 6, 18, 28, 18
-17,8:6, 6, -2, 6, 18, 28, 20
-17,8:6, 6, -2, 6, 18, 28, 22
-9,11:6, 6, -2, 6, 18, 28, 28
-17,8:6, 6, -2, 6, 22, 22, 14
-17,8:6, 6, -2, 6, 22, 22, 16
-17,8:6, 6, -2, 6, 22, 22, 18
-10,6:6, 6, -2, 6, 22, 22, 24
-10,6:6, 6, -2, 6, 22, 22, 26
-10,6:6, 6, -2, 6, 22, 22, 28
2,14:6, 6, -2, 10, 0, 8, 8
2,12:6, 6, -2, 10, 0, 14, 6
-2,13:6, 6, -2, 10, 0, 18, 18
0,2:6, 6, -2, 10, 2, 8, 18
0,11:6, 6, -2, 10, 6, 14, 4
2,14:6, 6, -2, 10, 8, 8, 0
2,12:6, 6, -2, 10, 14, 6, 0
5,11:6, 6, -2, 10, 16, 14, 0
-2,13:6, 6, -2, 10, 18, 18, 0
1,13:6, 6, -2, 12, 0, 6, 8
1,13:6, 6, -2, 12, 0, 8, 6
0,6:6, 6, -2, 12, 2, 12, 16
-6,11:6, 6, -2, 12, 4, 16, 22
-7,9:6, 6, -2, 12, 4, 18, 20
-7,9:6, 6, -2, 12, 4, 18, 22
-7,9:6, 6, -2, 12, 4, 20, 14
-6,11:6, 6, -2, 12, 4, 22, 16
1,10:6, 6, -2, 12, 12, 14, 0
-3,2:6, 6, -2, 14, 8, 0, 8
8,10:6, 6, -2, 14, 16, 8, 12
9,-2:6, 6, -2, 16, 0, -8, -6
5,3:6, 6, -2, 16, 4, 4, -6
2,14:6, 6, 2, -8, 2, 20, 20
2,14:6, 6, 2, -8, 20, 20, 2
2,14:6, 6, 2, -6, -10, -14, -14
3,16:6, 6, 2, -6, -10, -12, 18
2,14:6, 6, 2, -6, -10, -10, -18
2,14:6, 6, 2, -6, -10, -10, -16
2,14:6, 6, 2, -6, -10, -10, -14
9,-7:6, 6, 2, -6, -10, -10, 10
9,-7:6, 6, 2, -6, -10, -10, 12
9,-7:6, 6, 2, -6, -10, -10, 14
9,-7:6, 6, 2, -6, -10, 10, -10
3,16:6, 6, 2, -6, -10, 18, -12
3,16:6, 6, 2, -6, -10, 18, -8
2,14:6, 6, 2, -6, -6, -14, 2
2,14:6, 6, 2, -6, -6, 2, -14
9,10:6, 6, 2, -6, -2, 6, 8
9,10:6, 6, 2, -6, -2, 6, 12
8,8:6, 6, 2, -6, -2, 12, 8
8,8:6, 6, 2, -6, -2, 12, 12
8,8:6, 6, 2, -6, 12, 12, -2
-5,6:6, 6, 2, -4, -4, 6, 10
-5,6:6, 6, 2, -4, -4, 6, 12
-5,6:6, 6, 2, -4, -4, 6, 14
15,7:6, 6, 2, -4, 4, -12, -12
3,16:6, 6, 2, -4, 4, 18, -8
6,7:6, 6, 2, -4, 10, 2, 8
6,7:6, 6, 2, -4, 10, 2, 12
6,7:6, 6, 2, -4, 10, 12, 2
-3,7:6, 6, 2, -2, -8, 6, 6
-5,9:6, 6, 2, -2, -4, 10, 10
-5,7:6, 6, 2, -2, -4, 16, 8
-9,8:6, 6, 2, -2, -4, 20, 20
3,12:6, 6, 2, -2, 6, 0, -6
4,12:6, 6, 2, -2, 6, 0, 6
-3,7:6, 6, 2, -2, 6, 6, -8
-3,7:6, 6, 2, -2, 6, 6, 0
-5,6:6, 6, 2, -2, 6, 10, -6
-5,6:6, 6, 2, -2, 6, 10, 4
-5,6:6, 6, 2, -2, 6, 18, 0
7,9:6, 6, 2, -2, 8, 10, 12
7,4:6, 6, 2, -2, 10, -4, -8
12,11:6, 6, 2, 0, 4, 16, 8
12,11:6, 6, 2, 0, 4, 16, 12
10,11:6, 6, 2, 0, 6, 12, 8
10,11:6, 6, 2, 0, 6, 12, 12
4,13:6, 6, 2, 2, -8, -6, -8
2,14:6, 6, 2, 2, -8, -6, -6
2,14:6, 6, 2, 2, -8, -6, 4
2,14:6, 6, 2, 2, -8, 4, -8
2,14:6, 6, 2, 2, -8, 4, -6
3,16:6, 6, 2, 2, -8, 18, -10
8,-3:6, 6, 2, 4, -4, -12, 8
8,-3:6, 6, 2, 4, -4, -12, 12
-5,6:6, 6, 2, 4, -4, 6, -2
-5,6:6, 6, 2, 4, -4, 6, 0
8,-3:6, 6, 2, 4, -4, 8, -12
-1,2:6, 6, 2, 4, -2, 0, 8
-1,2:6, 6, 2, 4, -2, 0, 12
-5,6:6, 6, 2, 4, -2, 6, -8
-1,2:6, 6, 2, 4, -2, 8, 0
-3,7:6, 6, 2, 4, 6, 6, -6
-13,10:6, 6, 2, 6, 10, 16, 20
9,6:6, 6, 2, 10, 0, -4, 8
9,6:6, 6, 2, 10, 0, -4, 12
9,6:6, 6, 2, 10, 0, 8, -4
9,6:6, 6, 2, 10, 0, 8, 6
4,9:6, 6, 2, 10, 6, -4, 16
-8,4:6, 6, 2, 10, 6, 14, 2
-8,4:6, 6, 2, 10, 6, 14, 8
-8,4:6, 6, 2, 10, 6, 14, 12
3,11:6, 6, 2, 10, 12, 6, 6
14,12:6, 6, 6, -8, -4, 6, 6
14,12:6, 6, 6, -8, -4, 16, 6
-2,10:6, 6, 6, -6, 0, 10, 10
12,7:6, 6, 6, -6, 10, 8, 10
-1,18:6, 6, 6, -6, 10, 10, 18
-1,18:6, 6, 6, -6, 10, 10, 20
-2,3:6, 6, 6, -4, 6, 8, -8
-2,3:6, 6, 6, -4, 6, 8, 2
2,0:6, 6, 6, -4, 16, 4, -8
2,0:6, 6, 6, -4, 16, 4, 2
16,15:6, 6, 6, -2, 4, 6, 6
16,15:6, 6, 6, -2, 4, 16, 6
16,15:6, 6, 6, -2, 6, 6, 4
-2,3:6, 6, 6, -2, 6, 8, -4
-2,3:6, 6, 6, -2, 6, 8, -2
-2,3:6, 6, 6, -2, 6, 8, 0
15,13:6, 6, 6, -2, 6, 8, 6
15,13:6, 6, 6, -2, 6, 8, 8
15,13:6, 6, 6, -2, 6, 10, 12
15,13:6, 6, 6, -2, 6, 12, 6
15,13:6, 6, 6, -2, 8, 16, 6
12,5:6, 6, 6, 10, 14, 4, 16
12,5:6, 6, 6, 10, 14, 16, 4
12,5:6, 6, 6, 10, 14, 16, 6
15,13:6, 6, 6, 10, 22, -2, 16
15,13:6, 6, 6, 10, 22, -2, 18
15,13:6, 6, 6, 10, 22, 16, -2
0,1:6, 6, 8, -4, -8, -8, 16
7,1:6, 6, 8, -4, -8, 2, 16
6,0:6, 6, 8, -4, -8, 6, 2
7,1:6, 6, 8, -4, -8, 6, 12
5,0:6, 6, 8, -4, -4, 0, 6
5,0:6, 6, 8, -4, -4, 0, 16
7,3:6, 6, 8, -4, -2, -8, 6
7,3:6, 6, 8, -4, -2, -8, 16
5,-11:6, 6, 8, -4, 4, -20, 8
5,-11:6, 6, 8, -4, 4, -20, 16
3,-12:6, 6, 8, -4, 4, 6, 6
3,-12:6, 6, 8, -4, 4, 6, 10
3,-12:6, 6, 8, -4, 4, 6, 16
5,-11:6, 6, 8, -4, 4, 8, -20
3,-12:6, 6, 8, -4, 4, 12, 12
3,-12:6, 6, 8, -4, 4, 12, 16
-6,13:6, 6, 8, -4, 10, 22, 4
-7,22:6, 6, 8, 2, 4, 8, 26
-7,22:6, 6, 8, 2, 4, 8, 28
-11,2:6, 6, 8, 2, 4, 10, 24
-11,2:6, 6, 8, 2, 4, 10, 32
-11,2:6, 6, 8, 2, 4, 24, 10
-11,2:6, 6, 8, 2, 4, 24, 12
-7,22:6, 6, 8, 2, 4, 26, 8
-7,22:6, 6, 8, 2, 4, 26, 16
2,16:6, 6, 8, 2, 10, 22, -10
2,16:6, 6, 8, 2, 10, 22, -8
2,16:6, 6, 8, 2, 10, 22, -6
4,-4:6, 6, 8, 2, 10, 22, 12
4,-4:6, 6, 8, 2, 10, 22, 14
4,-4:6, 6, 8, 2, 10, 22, 16
1,8:6, 6, 8, 6, 2, 2, 12
-2,5:6, 6, 8, 6, 10, 14, 6
-11,10:6, 6, 8, 6, 10, 16, 18
-1,6:6, 6, 8, 6, 12, 8, 12
-2,6:6, 6, 8, 6, 12, 12, 4
-5,3:6, 6, 8, 8, 0, 2, -2
-1,-3:6, 6, 8, 8, 2, 8, -4
2,9:6, 6, 8, 8, 6, 0, -6
2,9:6, 6, 8, 8, 6, 0, -4
-5,3:6, 6, 8, 8, 14, 6, 4
-3,8:6, 6, 8, 8, 16, 16, -2
0,12:6, 6, 8, 10, 4, 14, 22
1,10:6, 6, 8, 10, 4, 20, 22
-10,6:6, 6, 8, 10, 4, 22, 22
2,8:6, 6, 8, 10, 12, 6, 22
2,8:6, 6, 8, 10, 12, 22, 6
2,8:6, 6, 8, 10, 12, 22, 16
1,10:6, 6, 8, 10, 20, 22, 4
2,14:6, 6, 14, 2, 10, 0, 8
0,13:6, 6, 14, 2, 10, 2, 6
0,13:6, 6, 14, 2, 10, 6, 4
0,13:6, 6, 14, 2, 10, 6, 6
0,13:6, 6, 14, 2, 16, 10, 2
0,13:6, 6, 14, 2, 16, 10, 6
4,10:6, 6, 14, 6, 6, 2, 0
-2,10:6, 6, 14, 6, 10, 18, 8
-14,-4:6, 6, 14, 8, -2, 2, 2
-14,-4:6, 6, 14, 8, -2, 2, 4
-8,-5:6, 6, 14, 8, -2, 2, 10
-8,-5:6, 6, 14, 8, -2, 2, 12
-8,-5:6, 6, 14, 8, -2, 10, 2
-8,-5:6, 6, 14, 8, -2, 10, 4
-8,-5:6, 6, 14, 8, -2, 10, 6
4,2:6, 6, 14, 8, 16, -6, -8
7,9:6, 6, 14, 8, 16, -2, -2
0,16:6, 6, 14, 10, 16, 6, 8
-2,21:6, 6, 16, -16, 4, -6, 0
-2,21:6, 6, 16, -16, 4, -6, 2
-2,21:6, 6, 16, -16, 4, -6, 4
18,19:6, 6, 16, -16, 4, -6, 22
18,19:6, 6, 16, -16, 4, -6, 24
18,19:6, 6, 16, -16, 4, -6, 26
6,14:6, 6, 16, -8, -18, -8, -14
6,14:6, 6, 16, -8, -18, -8, -12
6,14:6, 6, 16, -8, -18, -8, -10
12,-1:6, 6, 16, -8, -18, -8, 6
12,-1:6, 6, 16, -8, -18, -8, 8
12,-1:6, 6, 16, -8, -18, -8, 10
7,16:6, 6, 16, -8, -18, 14, -16
7,16:6, 6, 16, -8, -18, 14, -14
7,16:6, 6, 16, -8, -18, 14, -12
11,-3:6, 6, 16, -8, -18, 14, 8
11,-3:6, 6, 16, -8, -18, 14, 10
11,-3:6, 6, 16, -8, -18, 14, 12
6,14:6, 6, 16, -8, -8, -6, -14
9,-4:6, 6, 16, -8, 4, 2, 10
9,17:6, 6, 16, -8, 14, 4, -14
9,17:6, 6, 16, -8, 14, 4, -12
9,17:6, 6, 16, -8, 14, 4, -10
9,-4:6, 6, 16, -8, 14, 4, 6
9,-4:6, 6, 16, -8, 14, 4, 8
9,-4:6, 6, 16, -8, 14, 4, 10
