-1,-1:-4, -6, -14
8,-1:-4, 2, 2
-1,-1:-4, 4, -14
-1,-1:-4, -12, -14, 2
-1,-1:-4, -12, -14, 6
5,-7:-4, -6, -6, 4
-4,5:6, 6, 8, 2
-1,-1:-4, -12, -14, 0, 0
-1,-1:-4, -12, -14, 4, -4
-1,-1:-4, -12, -14, 4, -2
-1,-1:-4, -12, -14, 4, 0
10,3:-4, -12, -4, 2, 2
-4,-9:-4, -6, -6, -4, 6
-1,-1:-4, -4, -14, -2, 0
-1,-1:-4, -4, -14, 4, 2
-1,-1:-4, -4, -14, 4, 4
-1,-1:-4, -4, -14, 4, 6
-1,-1:-4, -4, -14, 6, 0
-1,-1:-4, -4, -14, 6, 10
-1,-1:-4, -4, -14, 8, 8
-8,6:-4, 0, -12, 8, 12
-8,6:-4, 0, 8, 12, -12
-8,6:-4, 0, 8, 12, -10
-8,6:-4, 0, 8, 12, -8
-1,-1:-4, 4, -2, -14, -12
-1,-1:-4, 4, -2, -14, -6
-1,-1:-4, 4, -2, -12, -14
6,-5:-4, 4, -2, -12, 0
2,2:6, -4, -4, -6, -14
11,2:6, -4, -4, 2, 2
2,2:6, -4, -4, 4, -14
-4,5:6, 6, -4, 2, 4
-4,5:6, 6, -4, 2, 14
-13,10:-4, -14, -8, 20, 22, 16
7,8:-4, -14, 14, -2, 0, -6
-1,-1:-4, -12, -14, -4, -4, 4
-1,-1:-4, -12, -14, -4, -2, -4
-1,-1:-4, -12, -14, -4, -2, -2
-1,-1:-4, -12, -14, -4, -2, 0
-1,-1:-4, -12, -14, -4, 2, -10
-1,-1:-4, -12, -14, -4, 2, 0
-1,-1:-4, -12, -14, 0, -8, -14
-1,-1:-4, -12, -14, 0, -8, -12
-1,-1:-4, -12, -14, 0, -8, -10
-1,-1:-4, -12, -14, 4, 4, -2
-1,-1:-4, -12, -14, 4, 4, 0
-1,-1:-4, -12, -14, 4, 4, 2
-4,-9:-4, -6, -6, -4, 8, 10
-4,-9:-4, -6, -6, -4, 8, 12
-4,-9:-4, -6, -6, -4, 10, 4
5,-7:-4, -6, -6, 0, -4, 4
5,-7:-4, -6, -6, 0, -4, 6
5,-7:-4, -6, -6, 0, 0, -2
5,-7:-4, -6, -6, 0, 2, 0
5,-7:-4, -6, -6, 2, 2, 0
5,-7:-4, -6, -6, 2, 8, -2
1,-5:-4, -6, 0, -8, -12, -20
10,-5:-4, -6, 0, -8, -4, -4
1,-5:-4, -6, 0, -8, -2, -20
6,-4:-4, -6, 6, -2, -10, 14
6,-4:-4, -6, 6, -2, -10, 16
6,-4:-4, -6, 6, -2, -10, 18
13,-5:-4, -6, 6, -2, 14, -12
6,-4:-4, -6, 6, -2, 14, -10
-1,-1:-4, -4, -14, -4, 8, 6
-1,-1:-4, -4, -14, -2, 8, 8
-1,-1:-4, -4, -14, 2, 8, 8
-1,-1:-4, -4, -14, 4, -2, 0
-1,-1:-4, -4, -14, 4, -2, 2
-1,-1:-4, -4, -14, 4, -2, 4
-1,-1:-4, -4, -14, 8, 12, 0
-1,-1:-4, -4, -14, 10, 6, 2
-1,-1:-4, -4, -14, 10, 6, 4
-1,-1:-4, -4, -14, 10, 6, 6
-8,6:-4, 0, -16, 8, 12, -14
-8,6:-4, 0, -16, 8, 12, -12
-8,6:-4, 0, -16, 8, 12, -10
8,5:-4, 0, -8, -10, 8, 8
8,6:-4, 0, -8, -2, -14, -10
8,5:-4, 0, -8, 8, 8, -10
4,1:-4, 2, 2, -8, -4, -10
-1,-1:-4, 4, -10, -8, -6, -14
-1,-1:-4, 4, -10, -6, -12, -2
-1,-1:-4, 4, -10, -6, -4, -6
-1,-1:-4, 4, -10, -6, -4, -4
-1,-1:-4, 4, -10, -6, -2, -12
-1,-1:-4, 4, -10, -6, -2, -10
-1,-1:-4, 4, -10, -6, 2, -8
1,11:-4, 4, -10, 6, 4, 0
-1,-1:-4, 4, -2, -14, -8, -8
-1,-1:-4, 4, -2, -14, -8, -6
-1,-1:-4, 4, -2, -14, -8, -4
6,-5:-4, 4, -2, -12, -2, 2
6,-5:-4, 4, -2, -12, -2, 4
6,-5:-4, 4, -2, -12, -2, 6
-1,0:-4, 4, -2, -12, 2, -4
6,-5:-4, 4, -2, -12, 2, 2
10,-14:-4, 4, -2, 6, 2, 6
-1,-1:-4, 4, 4, -6, -14, 14
2,2:6, -4, -4, -12, -14, 2
2,2:6, -4, -4, -12, -14, 6
8,-4:6, -4, -4, -6, -6, 4
-1,8:6, -4, 6, 6, 8, 2
8,-4:6, 6, -4, -4, -8, -4
7,0:6, 6, -2, -4, 16, 2
8,7:6, 6, -2, 4, 8, 8
-4,5:6, 6, -2, 10, 2, 10
-4,5:6, 6, -2, 10, 2, 12
-4,5:6, 6, -2, 12, 0, 12
-4,5:6, 6, -2, 12, 0, 14
-4,5:6, 6, -2, 12, 0, 16
-4,5:6, 6, -2, 12, 12, 0
8,2:6, 6, 2, -2, 10, -4
6,3:6, 6, 2, -2, 10, 8
6,3:6, 6, 2, -2, 10, 12
6,3:6, 6, 2, 12, 12, -2
12,7:6, 6, 6, -4, 6, 4
12,7:6, 6, 6, -4, 6, 6
12,7:6, 6, 6, -4, 16, 6
-4,5:6, 6, 8, -4, -2, -4
-4,5:6, 6, 8, -4, -2, -2
-4,5:6, 6, 8, -4, -2, 0
-4,5:6, 6, 8, -4, 2, -10
-4,5:6, 6, 8, -4, 2, 0
7,0:6, 6, 8, -4, 2, 6
7,0:6, 6, 8, -4, 2, 16
-8,7:6, 6, 8, 10, 2, 10
-8,7:6, 6, 8, 10, 2, 20
-8,7:6, 6, 8, 10, 4, 16
-8,7:6, 6, 8, 10, 20, 2
-8,7:6, 6, 8, 10, 20, 6
2,8:6, 6, 8, 10, 20, 22
13,5:-4, -14, -12, 14, -12, -14, -22
22,5:-4, -14, -12, 14, -12, -6, -6
13,5:-4, -14, -12, 14, -12, -4, -22
-7,7:-4, -14, -8, 10, 10, 8, 0
2,7:-4, -14, -8, 10, 10, 16, 16
-7,7:-4, -14, -8, 10, 10, 18, 0
-13,10:-4, -14, -8, 20, 10, 16, 18
-13,10:-4, -14, -8, 20, 10, 16, 28
7,8:-4, -14, 10, -2, 0, -6, 12
7,8:-4, -14, 10, -2, 0, -6, 14
7,8:-4, -14, 10, -2, 0, -6, 16
-7,7:-4, -14, 10, 10, 8, 0, -8
-7,7:-4, -14, 10, 10, 8, 0, -6
-7,7:-4, -14, 10, 10, 8, 0, -4
2,7:-4, -14, 10, 10, 16, 16, -8
2,7:-4, -14, 10, 10, 16, 16, -6
2,7:-4, -14, 10, 10, 16, 16, -4
7,8:-4, -14, 14, -2, -12, -6, -4
7,8:-4, -14, 14, -2, -12, -6, 6
-1,-1:-4, -12, -14, -4, -4, -6, 0
-1,-1:-4, -12, -14, -4, -4, -6, 2
-1,-1:-4, -12, -14, -4, -4, -6, 4
-1,-1:-4, -12, -14, -4, -4, 0, -6
-1,-1:-4, -12, -14, -4, -4, 0, -4
-1,-1:-4, -12, -14, -4, -4, 0, -2
-1,-1:-4, -12, -14, -4, -2, -8, -6
-1,-1:-4, -12, -14, -4, -2, -8, -4
-1,-1:-4, -12, -14, -4, -2, -8, -2
27,-3:-4, -12, -14, 0, -8, -16, -20
-1,-1:-4, -12, -14, 0, -8, -6, -12
-1,-1:-4, -12, -14, 0, -8, -6, -10
-1,-1:-4, -12, -14, 0, -8, -6, -8
-1,-1:-4, -12, -14, 0, -4, -8, 0
-1,-1:-4, -12, -14, 0, -4, -8, 2
-1,-1:-4, -12, -14, 0, -4, -4, -6
-1,-1:-4, -12, -14, 0, -4, -2, -4
-1,-1:-4, -12, -14, 0, -2, -12, 0
-1,-1:-4, -12, -14, 0, -2, -2, -4
-1,-1:-4, -12, -14, 0, -2, 4, -6
-1,-1:-4, -12, -14, 4, -6, -8, 0
-1,-1:-4, -12, -14, 4, 4, -6, -4
-1,-1:-4, -12, -14, 4, 4, -6, -2
-1,-1:-4, -12, -14, 4, 4, -6, 0
7,-4:-4, -12, -8, -14, -10, -6, -6
7,-4:-4, -12, -8, -14, -10, -6, -4
7,-4:-4, -12, -8, -14, -10, -6, -2
10,-5:-4, -12, -8, -14, 0, -20, -8
10,3:-4, -12, -6, -16, -4, 2, 4
-6,-2:-4, -12, -6, -14, -8, 8, 2
5,-7:-4, -12, -6, -4, -2, 4, -4
5,-7:-4, -12, -6, -4, -2, 4, -2
5,-7:-4, -12, -6, -4, -2, 4, 0
10,3:-4, -12, -6, -4, 2, 4, -16
5,-7:-4, -12, -6, -4, 2, 4, -10
5,-7:-4, -12, -6, -4, 2, 4, 0
5,-7:-4, -12, -6, -2, -4, 8, 8
5,-7:-4, -12, -6, -2, 8, 8, -4
5,-7:-4, -12, -6, 0, -8, 4, -14
5,-7:-4, -12, -6, 0, -8, 4, -12
5,-7:-4, -12, -6, 0, -8, 4, -10
0,-3:-4, -12, -4, -8, -6, -4, -10
15,1:-4, -12, -4, -4, -10, -4, 2
15,1:-4, -12, -4, -4, -10, -2, 0
10,3:-4, -12, -4, 2, 6, 6, 10
27,-3:-4, -12, 0, -8, -16, 6, -20
-1,-1:-4, -12, 0, -4, -2, -4, -8
13,6:-4, -12, 0, -2, 0, -6, 2
13,2:-4, -12, 4, -6, 0, 0, 2
5,5:-4, -12, 4, 4, -8, -18, -20
5,5:-4, -12, 4, 4, -8, -18, -10
-7,4:-4, -6, -14, -2, 8, 10, 4
1,9:-4, -6, -14, 2, 4, 14, 4
4,5:-4, -6, -14, 2, 6, 6, -2
8,8:-4, -6, -14, 6, -2, -22, -16
8,8:-4, -6, -14, 6, -2, -22, -6
8,8:-4, -6, -14, 6, -2, -16, -22
8,8:-4, -6, -14, 6, -2, -16, -14
7,-7:-4, -6, -8, -20, -20, -20, -28
16,-7:-4, -6, -8, -20, -20, -12, -12
7,-7:-4, -6, -8, -20, -20, -10, -28
13,0:-4, -6, -8, -18, -20, -10, -4
13,0:-4, -6, -8, -18, -10, -4, -20
1,-14:-4, -6, -8, -16, -16, -22, -6
1,-14:-4, -6, -8, -16, -16, -22, 4
1,-14:-4, -6, -8, -16, -16, -6, -22
21,4:-4, -6, -8, -6, -12, -12, -8
16,-5:-4, -6, -8, -2, -2, -16, -12
16,-5:-4, -6, -8, -2, -2, -16, -10
16,-5:-4, -6, -8, -2, -2, -16, -8
2,-1:-4, -6, -6, -16, 2, 4, -2
0,6:-4, -6, -6, -4, -8, 8, 6
-4,-9:-4, -6, -6, -4, 8, 0, 0
-4,-9:-4, -6, -6, -4, 8, 0, 2
-4,-9:-4, -6, -6, -4, 8, 0, 4
-8,-3:-4, -6, -6, -4, 8, 4, -10
-4,-9:-4, -6, -6, -4, 8, 4, 6
0,6:-4, -6, -6, -4, 8, 6, -8
-4,-9:-4, -6, -6, -4, 8, 6, 2
-4,-9:-4, -6, -6, -4, 8, 6, 6
-4,-9:-4, -6, -6, -4, 10, 12, 14
-4,-9:-4, -6, -6, -4, 10, 12, 16
-4,-9:-4, -6, -6, -4, 10, 12, 18
5,-7:-4, -6, -6, 0, -4, -2, 4
5,-7:-4, -6, -6, 0, -4, 0, -2
1,-1:-4, -6, -6, 0, -4, 0, 0
5,-7:-4, -6, -6, 0, -4, 2, 2
5,-7:-4, -6, -6, 0, -4, 2, 4
5,-7:-4, -6, -6, 0, -4, 2, 6
5,-7:-4, -6, -6, 0, -4, 8, -2
5,-7:-4, -6, -6, 0, -4, 8, 4
5,-7:-4, -6, -6, 0, -4, 8, 6
5,-7:-4, -6, -6, 0, -2, -4, -4
5,-7:-4, -6, -6, 0, 2, 6, -4
1,13:-4, -6, -6, 2, -10, 4, 24
1,13:-4, -6, -6, 2, -10, 4, 28
5,-7:-4, -6, -6, 2, -4, 8, 6
2,8:-4, -6, -6, 2, 2, -6, -6
2,8:-4, -6, -6, 2, 2, -6, -4
2,8:-4, -6, -6, 2, 2, -6, -2
5,-7:-4, -6, -6, 2, 4, -4, -4
2,-1:-4, -6, -6, 2, 4, -2, -16
2,-1:-4, -6, -6, 2, 4, -2, -12
5,-7:-4, -6, -6, 2, 4, -2, -6
5,-7:-4, -6, -6, 2, 4, -2, 4
5,-7:-4, -6, -6, 2, 4, 0, -2
5,-7:-4, -6, -6, 2, 4, 0, 0
5,-7:-4, -6, -6, 2, 4, 0, 2
5,-7:-4, -6, -6, 2, 4, 6, 4
5,-1:-4, -6, -6, 2, 8, 8, 0
-2,0:-4, -6, -6, 2, 8, 8, 2
5,-7:-4, -6, -6, 2, 8, 10, 6
5,-7:-4, -6, -6, 2, 8, 10, 8
5,-7:-4, -6, -6, 2, 8, 10, 10
0,-4:-4, -6, -4, -6, -8, -10, -18
9,-4:-4, -6, -4, -6, -8, -2, -2
0,-4:-4, -6, -4, -6, -8, 0, -18
1,-5:-4, -6, 0, -8, -18, -20, -4
1,-5:-4, -6, 0, -8, -18, -20, 0
7,-11:-4, -6, 0, -8, -12, -12, -2
6,-4:-4, -6, 6, -2, -10, 22, 16
6,-4:-4, -6, 6, -2, -10, 22, 18
6,-4:-4, -6, 6, -2, -10, 22, 20
5,5:-4, -6, 6, 0, -8, -18, 10
5,5:-4, -6, 6, 0, -8, 10, -18
5,5:-4, -6, 6, 0, -8, 10, -8
10,-5:-4, -6, 6, 0, -8, 10, -4
10,-5:-4, -6, 6, 0, -8, 10, 0
11,0:-4, -6, 6, 4, -8, 10, -16
2,-15:-4, -6, 6, 10, 0, -4, 6
2,-15:-4, -6, 6, 10, 0, -4, 8
2,-15:-4, -6, 6, 10, 0, -4, 10
2,-15:-4, -6, 6, 10, 0, 6, -4
-1,-1:-4, -4, -14, -4, -4, 2, 2
-1,-1:-4, -4, -14, -4, -4, 2, 6
-1,-1:-4, -4, -14, -4, 8, 8, -2
-1,-1:-4, -4, -14, -4, 8, 8, 0
-1,-1:-4, -4, -14, -4, 8, 8, 6
-1,-1:-4, -4, -14, -4, 10, -2, 8
-1,-1:-4, -4, -14, -4, 10, 14, 2
-1,-1:-4, -4, -14, -2, 8, -2, 2
-1,-1:-4, -4, -14, -2, 8, -2, 4
-1,-1:-4, -4, -14, -2, 8, -2, 6
-1,-1:-4, -4, -14, -2, 8, 2, 4
-1,-1:-4, -4, -14, -2, 8, 2, 6
-1,-1:-4, -4, -14, -2, 8, 4, 2
-1,-1:-4, -4, -14, -2, 8, 10, 0
-1,-1:-4, -4, -14, -2, 10, 2, 4
-1,-1:-4, -4, -14, -2, 10, 2, 6
-1,-1:-4, -4, -14, -2, 10, 2, 8
-1,-1:-4, -4, -14, -2, 10, 12, 6
-1,-1:-4, -4, -14, -2, 10, 14, 16
9,12:-4, -4, -14, 2, 8, 6, -4
-1,-1:-4, -4, -14, 2, 8, 6, 0
-1,-1:-4, -4, -14, 2, 8, 6, 10
-1,-1:-4, -4, -14, 2, 10, 14, 8
-1,-1:-4, -4, -14, 2, 12, -2, 14
-1,-1:-4, -4, -14, 2, 12, 14, -2
-1,-1:-4, -4, -14, 4, -2, 8, 2
-1,-1:-4, -4, -14, 4, -2, 8, 4
-1,-1:-4, -4, -14, 4, -2, 8, 6
-1,-1:-4, -4, -14, 6, 6, 2, 10
-1,-1:-4, -4, -14, 8, 0, 8, 0
-1,-1:-4, -4, -14, 8, 4, 8, 0
-1,-1:-4, -4, -14, 8, 6, 10, 12
-1,-1:-4, -4, -14, 8, 6, 12, -4
-1,-1:-4, -4, -14, 10, 6, -2, 0
-1,-1:-4, -4, -14, 10, 6, -2, 2
-1,-1:-4, -4, -14, 10, 6, -2, 4
11,12:-4, -4, -8, -18, -20, -2, 4
11,12:-4, -4, -8, -18, -2, 4, -20
11,12:-4, -4, -8, -18, -2, 4, -10
10,-9:-4, -4, -8, -10, -20, -8, -6
15,-1:-4, -4, -8, 8, -6, -2, -2
14,-2:-4, -4, -6, 2, -8, -30, 6
14,-2:-4, -4, -6, 2, -8, 6, -30
8,11:-4, -4, -2, 8, 4, -2, -10
9,12:-4, -4, 2, 8, 6, -4, -4
4,-10:-4, -4, 2, 12, 14, -8, -14
3,11:-4, -4, 6, 6, 2, -6, 2
0,9:-4, -4, 8, 0, 8, 2, 2
-1,-1:-4, -4, 8, 0, 16, -4, 6
-1,-1:-4, -4, 8, 0, 16, -4, 8
-1,-1:-4, -4, 8, 0, 16, -4, 10
-1,-1:-4, -4, 8, 0, 16, 6, -4
-1,-1:-4, -4, 8, 0, 16, 6, -2
12,3:-4, 0, -12, -12, 0, 0, -8
5,6:-4, 0, -12, -10, 0, 6, 4
2,-3:-4, 0, -12, -6, -6, -2, -14
5,5:-4, 0, -12, -6, 8, 0, -16
5,5:-4, 0, -12, -6, 8, 0, -12
3,-9:-4, 0, -12, -6, 8, 0, -4
3,-9:-4, 0, -12, -6, 8, 0, 0
5,6:-4, 0, -12, 0, 6, 4, -10
5,6:-4, 0, -12, 0, 6, 4, -6
7,6:-4, 0, -12, 4, 6, 2, 8
-4,3:-4, 0, -12, 6, -2, -12, 6
-4,3:-4, 0, -12, 6, -2, 6, -12
-4,3:-4, 0, -12, 6, -2, 6, -4
10,-2:-4, 0, -12, 8, 8, -6, 16
3,-1:-4, 0, -12, 8, 8, -4, 16
10,-2:-4, 0, -12, 8, 8, 16, -6
3,-1:-4, 0, -12, 8, 8, 16, -4
-2,-11:-4, 0, -12, 10, -22, -16, 0
-2,-11:-4, 0, -12, 10, -22, 0, -16
-8,-6:-4, 0, -12, 10, -10, -18, 4
-8,-6:-4, 0, -12, 10, -10, -18, 8
-5,-12:-4, 0, -12, 10, -10, -16, -6
-5,-12:-4, 0, -12, 10, -10, -6, -16
-5,-12:-4, 0, -12, 10, -10, -6, -12
-8,-6:-4, 0, -12, 10, -10, 4, -18
8,1:-4, 0, -8, -10, -4, 2, 0
8,6:-4, 0, -8, -10, 6, -2, 6
7,11:-4, 0, -8, -10, 8, -4, -6
7,11:-4, 0, -8, -10, 8, -4, -4
8,6:-4, 0, -8, -2, -14, -18, -24
8,6:-4, 0, -8, -2, -14, -18, -22
8,6:-4, 0, -8, -2, -14, -18, -20
8,6:-4, 0, -8, -2, 8, 10, -14
8,6:-4, 0, -8, 6, -2, 6, -10
5,1:-4, 0, -8, 6, 10, 0, 2
-2,2:-4, 0, -8, 6, 10, 0, 4
7,11:-4, 0, -8, 8, -4, -6, -10
7,11:-4, 0, -8, 8, -4, -6, -6
1,1:-4, 0, -4, -6, -16, -10, -8
-5,5:-4, 0, -4, -6, -2, -2, 6
16,-5:-4, 0, -4, -6, 8, -14, -4
4,12:-4, 0, -2, -4, 4, 0, 10
5,3:-4, 0, 0, -6, -14, 0, -8
2,11:-4, 0, 2, 6, -8, -10, 4
2,11:-4, 0, 2, 6, -8, -10, 14
2,11:-4, 0, 2, 6, -8, 4, -10
2,11:-4, 0, 2, 6, -8, 4, -6
11,6:-4, 0, 4, -6, -16, -2, -18
11,6:-4, 0, 4, -6, -16, -2, -16
11,11:-4, 0, 4, -6, 0, -10, -10
11,11:-4, 0, 4, -6, 0, -10, -6
6,6:-4, 0, 4, -4, 2, -10, -4
9,1:-4, 0, 4, -4, 2, 4, -2
9,1:-4, 0, 4, -4, 2, 6, 6
-4,3:-4, 0, 6, -2, 6, -4, -12
-4,3:-4, 0, 6, -2, 6, -4, -10
-4,3:-4, 0, 6, -2, 6, -4, -8
4,-6:-4, 0, 6, 4, -6, -4, 0
-2,0:-4, 0, 6, 4, -6, 0, -6
4,-6:-4, 0, 6, 4, -6, 4, -4
-1,4:-4, 0, 6, 4, -2, -20, -14
-1,4:-4, 0, 6, 4, -2, -14, -22
-1,4:-4, 0, 6, 4, -2, -14, -20
-1,4:-4, 0, 6, 4, -2, -14, -18
11,11:-4, 0, 8, -6, -14, 2, -8
-2,4:-4, 0, 8, -2, -24, -6, 10
-2,4:-4, 0, 8, -2, -24, -6, 20
-2,4:-4, 0, 8, -2, -24, 10, -6
-2,4:-4, 0, 8, -2, -24, 10, -4
-2,4:-4, 0, 8, -2, -10, 10, -12
-2,4:-4, 0, 8, -2, -6, 10, -24
-2,4:-4, 0, 8, -2, -6, 10, -18
-2,4:-4, 0, 8, -2, -6, 10, -16
3,-1:-4, 0, 8, 8, -4, 16, -12
3,-1:-4, 0, 8, 8, -4, 16, -10
3,-1:-4, 0, 8, 8, -4, 16, -8
20,3:-4, 2, 0, -8, -6, -16, -8
4,1:-4, 2, 0, -8, -4, -10, -14
4,1:-4, 2, 2, -8, -16, -10, -8
4,1:-4, 2, 2, -8, -16, -10, 2
15,-3:-4, 2, 6, -8, -2, -16, -2
15,-3:-4, 2, 6, -8, -2, -2, -16
-4,4:-4, 2, 6, -8, 10, 0, 2
-4,6:-4, 2, 6, 0, 8, 14, -4
17,-5:-4, 2, 6, 0, 14, -12, -18
13,1:-4, 2, 6, 6, 12, -8, 2
13,1:-4, 2, 6, 6, 12, -8, 4
13,1:-4, 2, 6, 6, 12, -8, 6
1,6:-4, 2, 6, 10, 6, 8, 14
-1,-1:-4, 4, -10, -12, -12, -14, -10
-1,-1:-4, 4, -10, -12, -12, -14, -8
-1,-1:-4, 4, -10, -12, -12, -14, -6
1,-8:-4, 4, -10, -12, 6, 10, 6
-1,-1:-4, 4, -10, -8, -18, -14, -10
-1,-1:-4, 4, -10, -8, -18, -14, 0
-1,-1:-4, 4, -10, -8, -16, 2, -12
-1,-1:-4, 4, -10, -8, -16, 2, -8
-1,-1:-4, 4, -10, -8, -6, -12, -8
-1,-1:-4, 4, -10, -8, -6, -12, 2
-1,-1:-4, 4, -10, -8, -6, -8, -10
-1,-1:-4, 4, -10, -8, -6, -8, -8
-1,-1:-4, 4, -10, -8, 2, -30, -8
-1,-1:-4, 4, -10, -8, 2, -30, -6
-1,-1:-4, 4, -10, -8, 2, -30, -4
-1,-1:-4, 4, -10, -8, 2, -8, -30
-1,-1:-4, 4, -10, -8, 2, -8, -28
-1,-1:-4, 4, -10, -8, 2, -8, -26
18,-2:-4, 4, -10, -6, -14, -16, -10
-1,-1:-4, 4, -10, -6, -14, -14, -16
-1,-1:-4, 4, -10, -6, -14, -14, -6
-1,-1:-4, 4, -10, -6, -14, -8, -10
-1,-1:-4, 4, -10, -6, -14, -2, -12
-1,-1:-4, 4, -10, -6, -14, -2, -10
-1,-1:-4, 4, -10, -6, -14, -2, -4
-1,-1:-4, 4, -10, -6, -12, 0, 2
-1,-1:-4, 4, -10, -6, -12, 2, -4
-1,-1:-4, 4, -10, -6, -10, -14, 0
-1,-1:-4, 4, -10, -6, -10, -12, -12
-1,-1:-4, 4, -10, -6, -10, -10, -2
-1,-1:-4, 4, -10, -6, -10, -8, 0
-1,-1:-4, 4, -10, -6, -10, 10, 8
-1,-1:-4, 4, -10, -6, -8, -2, -12
-1,-1:-4, 4, -10, -6, -8, -2, -10
-1,-1:-4, 4, -10, -6, -8, -2, -8
-1,-1:-4, 4, -10, -6, -4, -12, -6
-1,-1:-4, 4, -10, -6, -4, -10, -12
-1,-1:-4, 4, -10, -6, -4, -8, -8
-1,-1:-4, 4, -10, -6, -4, -8, -6
-1,-1:-4, 4, -10, -6, -4, -8, -4
-1,-1:-4, 4, -10, -6, -4, -2, -6
-1,-1:-4, 4, -10, -6, -4, -2, -4
-1,-1:-4, 4, -10, -6, -2, -6, -4
17,-4:-4, 4, -10, 0, -14, -14, 0
17,-4:-4, 4, -10, 0, -14, 0, -14
7,2:-4, 4, -10, 0, -8, -6, -12
1,-8:-4, 4, -10, 6, 10, 6, -14
1,-8:-4, 4, -10, 6, 10, 6, -12
1,-8:-4, 4, -10, 6, 10, 6, -10
10,6:-4, 4, -8, -16, -10, -4, -4
5,-7:-4, 4, -8, -14, -6, 4, -16
-1,-1:-4, 4, -8, -12, -14, -18, -10
-1,-1:-4, 4, -8, -12, -14, -18, -8
-1,-1:-4, 4, -8, -12, -14, -18, -6
12,1:-4, 4, -8, -12, 6, 2, -2
12,1:-4, 4, -8, -12, 6, 2, 0
-6,3:-4, 4, -8, -6, 6, -12, -6
-2,-3:-4, 4, -8, -6, 6, -12, 6
-2,-3:-4, 4, -8, -6, 6, -12, 8
-2,-3:-4, 4, -8, -6, 6, -12, 10
17,-3:-4, 4, -4, -20, -12, -26, -12
17,-3:-4, 4, -4, -20, -12, -12, -26
13,-5:-4, 4, -4, -16, -18, -28, -26
13,-5:-4, 4, -4, -16, -18, -28, -24
-1,-1:-4, 4, -2, -14, -8, 0, -6
-1,-1:-4, 4, -2, -14, -8, 0, -4
-1,-1:-4, 4, -2, -14, -8, 0, -2
6,-5:-4, 4, -2, -12, -2, -2, 2
6,-5:-4, 4, -2, -12, -2, -2, 4
6,-5:-4, 4, -2, -12, 2, 10, 12
6,-5:-4, 4, -2, -12, 2, 10, 14
6,-5:-4, 4, -2, -12, 2, 10, 16
6,-5:-4, 4, -2, -12, 6, 0, 2
6,-5:-4, 4, -2, -12, 6, 0, 12
6,-5:-4, 4, -2, -12, 6, 4, 2
6,-5:-4, 4, -2, -12, 6, 4, 4
6,-5:-4, 4, -2, -12, 6, 4, 6
6,-5:-4, 4, -2, -12, 6, 6, -2
-1,-1:-4, 4, -2, -8, -12, -24, -20
-1,-1:-4, 4, -2, -8, -12, -24, -10
13,-4:-4, 4, -2, -8, -12, -24, -4
13,-4:-4, 4, -2, -8, -12, -24, 0
-1,-1:-4, 4, -2, -8, -12, -18, -16
-1,-1:-4, 4, -2, -8, -12, -18, -14
-1,-1:-4, 4, -2, -8, -12, -10, -24
-1,-1:-4, 4, -2, -8, -12, -10, -22
-1,-1:-4, 4, -2, -8, -12, -10, -20
13,-4:-4, 4, -2, -8, -12, -4, -24
13,-4:-4, 4, -2, -8, -12, -4, -22
20,-2:-4, 4, -2, -8, -10, 2, -22
20,-2:-4, 4, -2, -8, -10, 2, -18
7,3:-4, 4, -2, -8, 2, -16, 4
6,9:-4, 4, -2, -8, 2, 10, -16
11,5:-4, 4, -2, -8, 2, 10, -6
3,-3:-4, 4, -2, 2, 14, 6, -6
3,-3:-4, 4, -2, 2, 14, 6, -4
3,-3:-4, 4, -2, 2, 14, 6, -2
-2,-2:-4, 4, -2, 6, 0, -24, -2
-2,-2:-4, 4, -2, 6, 0, -2, -24
-2,-2:-4, 4, -2, 6, 0, -2, -20
10,-14:-4, 4, -2, 6, 2, -2, -8
10,-14:-4, 4, -2, 6, 2, -2, -6
10,-14:-4, 4, -2, 6, 2, -2, -4
6,-5:-4, 4, -2, 6, 4, 4, -12
6,-5:-4, 4, -2, 6, 4, 4, -6
-1,-1:-4, 4, 4, -6, -14, 4, 10
-1,-1:-4, 4, 4, -6, -14, 4, 20
-1,-1:-4, 4, 4, -6, -14, 8, 6
-1,-1:-4, 4, 4, -6, -14, 8, 8
-1,-1:-4, 4, 4, -6, -14, 8, 10
-1,-1:-4, 4, 4, 4, -14, -4, 14
1,8:-4, 4, 4, 4, -14, 6, -4
1,8:-4, 4, 4, 4, -14, 6, 0
-1,-1:-4, 4, 4, 4, -14, 6, 4
-1,-1:-4, 4, 4, 4, -14, 6, 14
1,8:-4, 4, 4, 4, 6, -4, -4
1,8:-4, 4, 4, 4, 6, -4, -2
1,8:-4, 4, 4, 4, 6, 0, -14
1,8:-4, 4, 4, 4, 6, 0, -4
2,2:6, -4, -4, -12, -14, 0, 0
2,2:6, -4, -4, -12, -14, 4, -4
2,2:6, -4, -4, -12, -14, 4, -2
2,2:6, -4, -4, -12, -14, 4, 0
13,6:6, -4, -4, -12, -4, 2, 2
-1,-6:6, -4, -4, -6, -6, -4, 6
2,2:6, -4, -4, -4, -14, -2, 0
2,2:6, -4, -4, -4, -14, 4, 2
2,2:6, -4, -4, -4, -14, 4, 4
2,2:6, -4, -4, -4, -14, 4, 6
2,2:6, -4, -4, -4, -14, 6, 0
2,2:6, -4, -4, -4, -14, 6, 10
2,2:6, -4, -4, -4, -14, 8, 8
-5,9:6, -4, -4, 0, -12, 8, 12
-5,9:6, -4, -4, 0, 8, 12, -12
-5,9:6, -4, -4, 0, 8, 12, -10
-5,9:6, -4, -4, 0, 8, 12, -8
2,2:6, -4, -4, 4, -2, -14, -12
2,2:6, -4, -4, 4, -2, -14, -6
2,2:6, -4, -4, 4, -2, -12, -14
9,-2:6, -4, -4, 4, -2, -12, 0
5,5:6, -4, 6, -4, -4, -6, -14
14,5:6, -4, 6, -4, -4, 2, 2
5,5:6, -4, 6, -4, -4, 4, -14
-1,8:6, -4, 6, 6, -4, 2, 4
-1,8:6, -4, 6, 6, -4, 2, 14
8,-4:6, 6, -4, -4, -8, -2, -4
8,-4:6, 6, -4, -4, -8, -2, -2
8,-4:6, 6, -4, -4, -8, 0, 2
8,-4:6, 6, -4, -4, -8, 2, -4
-4,5:6, 6, -4, -4, -2, 2, 16
-2,10:6, 6, -4, 0, 10, 6, -2
7,10:6, 6, -4, 0, 10, 14, 14
-2,10:6, 6, -4, 0, 10, 16, -2
-4,5:6, 6, -4, 2, 10, 6, 14
-4,5:6, 6, -2, -4, -2, 4, 0
-4,5:6, 6, -2, -4, -2, 4, 2
-8,18:6, 6, -2, -4, 4, -2, 2
1,-9:6, 6, -2, -4, 4, 8, 14
-6,3:6, 6, -2, -4, 14, -8, 4
-6,3:6, 6, -2, -4, 14, -8, 6
-6,3:6, 6, -2, -4, 14, -8, 8
-4,5:6, 6, -2, -2, -2, -6, 0
-4,5:6, 6, -2, -2, -2, -6, 4
-4,5:6, 6, -2, -2, -2, -6, 10
12,-3:6, 6, -2, -2, 8, -2, 0
12,-3:6, 6, -2, -2, 8, 0, -2
-4,5:6, 6, -2, -2, 8, 2, -12
-15,7:6, 6, -2, 6, 12, 26, 20
-15,15:6, 6, -2, 6, 18, 24, 24
-4,5:6, 6, -2, 10, 2, 8, 10
-4,5:6, 6, -2, 10, 2, 8, 12
-4,5:6, 6, -2, 10, 2, 14, 10
-4,5:6, 6, -2, 10, 2, 14, 12
-4,5:6, 6, -2, 10, 2, 14, 14
-4,5:6, 6, -2, 10, 2, 16, 18
-4,5:6, 6, -2, 12, 0, 8, 10
-4,5:6, 6, -2, 12, 0, 8, 12
-4,5:6, 6, -2, 12, 0, 8, 14
-4,5:6, 6, -2, 12, 2, 12, 6
-4,5:6, 6, -2, 12, 2, 12, 8
-4,5:6, 6, -2, 12, 2, 12, 10
6,3:6, 6, 2, -2, 6, 10, 10
6,3:6, 6, 2, -2, 6, 10, 12
6,3:6, 6, 2, -2, 6, 10, 14
9,6:6, 6, 2, 2, -8, -6, 10
9,6:6, 6, 2, 2, -8, -6, 12
9,6:6, 6, 2, 2, -8, -6, 14
9,6:6, 6, 2, 2, -8, 10, -6
8,2:6, 6, 2, 4, -4, -6, 8
8,2:6, 6, 2, 4, -4, -6, 12
8,2:6, 6, 2, 4, -4, 8, -6
2,1:6, 6, 2, 10, -2, -12, 4
2,1:6, 6, 2, 10, -2, 4, -12
-4,7:6, 6, 6, -6, 10, 10, 24
12,7:6, 6, 6, -4, 6, 8, 4
12,7:6, 6, 6, -4, 6, 8, 6
12,7:6, 6, 6, -4, 6, 8, 8
12,7:6, 6, 6, -4, 6, 10, 12
12,7:6, 6, 6, -4, 6, 12, 6
12,7:6, 6, 6, -4, 8, 16, 6
12,7:6, 6, 6, -4, 10, 4, 18
12,7:6, 6, 6, -4, 10, 22, 16
12,7:6, 6, 6, -4, 10, 22, 18
-8,7:6, 6, 6, 4, 10, 12, 10
-8,7:6, 6, 6, 10, 12, 10, 18
12,7:6, 6, 6, 10, 22, 16, -4
-1,11:6, 6, 8, -4, -8, 8, 0
-4,5:6, 6, 8, -4, -4, 0, -6
-4,5:6, 6, 8, -4, -4, 0, -4
-4,5:6, 6, 8, -4, -4, 0, -2
-4,5:6, 6, 8, -4, -2, -8, -6
-4,5:6, 6, 8, -4, -2, -8, -4
-4,5:6, 6, 8, -4, -2, -8, -2
-8,7:6, 6, 8, 2, 10, 14, 8
-2,10:6, 6, 8, 6, 10, 14, 12
7,-1:6, 6, 8, 6, 12, 2, -2
0,0:6, 6, 8, 6, 12, 2, 0
-10,10:6, 6, 8, 8, 0, 12, -6
-8,7:6, 6, 8, 10, 4, 12, 12
-8,7:6, 6, 8, 10, 4, 14, 10
-8,7:6, 6, 8, 10, 4, 14, 12
-8,7:6, 6, 8, 10, 4, 14, 14
-8,7:6, 6, 8, 10, 4, 20, 8
-8,7:6, 6, 8, 10, 4, 20, 10
-8,7:6, 6, 8, 10, 4, 20, 12
-8,7:6, 6, 8, 10, 12, 6, 4
-8,7:6, 6, 8, 10, 12, 6, 6
-8,7:6, 6, 8, 10, 12, 6, 8
2,3:6, 6, 8, 10, 18, 18, 26
-8,7:6, 6, 8, 10, 20, 8, 8
-4,5:6, 6, 14, 2, 10, 2, 12
-4,5:6, 6, 14, 2, 10, 2, 14
-4,5:6, 6, 14, 2, 10, 2, 16
-8,7:6, 6, 14, 10, -4, 10, 0
-8,7:6, 6, 14, 10, -4, 10, 4
5,13:6, 6, 16, -16, 4, 2, -6
14,13:6, 6, 16, -16, 4, 10, 10
5,13:6, 6, 16, -16, 4, 12, -6
