4,-4:-4, -6, -4, -8
-4,6:-4, 0, -2, -10
-4,6:-4, 0, -2, -6
-3,4:6, 6, 8, 6
-4,6:-4, 0, -2, -4, -12
-4,6:-4, 0, -2, -4, -10
-4,6:-4, 0, -2, -4, -8
7,-9:-4, 0, 4, 6, -16
12,-2:-4, 4, -8, -14, 2
12,-2:-4, 4, -8, 2, -14
-1,12:6, 6, -2, 10, 0
-8,7:6, 6, 2, -2, -4
-12,9:-4, -14, -8, 20, 22, 20
8,7:-4, -14, 14, -2, 0, -2
0,-14:-4, -12, -8, 2, 0, -28
-2,10:-4, -12, -6, -14, 8, 2
-2,10:-4, -12, -6, -14, 8, 4
0,3:-4, -6, -14, 2, 6, 10
11,-5:-4, -6, -6, -16, -2, 8
5,-14:-4, -6, 0, -2, -30, -16
5,-14:-4, -6, 0, -2, -16, -30
5,-14:-4, -6, 0, -2, -16, -22
25,-10:-4, -6, 0, -2, -14, -32
-1,7:-4, -4, -8, -12, -16, -10
-1,7:-4, -4, -8, -12, -16, -4
13,1:-4, -4, 2, 8, -12, -4
4,-4:-4, -4, 4, -4, -8, 2
4,-4:-4, -4, 4, -4, -8, 4
4,-4:-4, -4, 4, -4, -8, 6
4,-4:-4, -4, 6, -4, -8, 0
4,-4:-4, -4, 6, -4, -8, 10
20,5:-4, -4, 8, 10, 0, -4
-1,4:-4, 0, -12, -12, -4, 6
-1,4:-4, 0, -12, -12, 6, -4
-1,4:-4, 0, -12, -12, 6, -2
-1,4:-4, 0, -12, -4, 6, -12
-1,4:-4, 0, -12, 0, 6, -12
1,12:-4, 0, -12, 0, 10, -2
-1,4:-4, 0, -8, -10, 6, -8
-1,4:-4, 0, -8, -4, -2, -12
-1,4:-4, 0, -8, 6, -8, -10
-1,4:-4, 0, -8, 6, -8, -6
-4,6:-4, 0, -2, -4, -4, -10
-4,6:-4, 0, -2, -4, -4, -8
-4,6:-4, 0, -2, -4, -4, -6
1,12:-4, 0, 0, 10, -2, -12
1,12:-4, 0, 0, 10, -2, -10
1,12:-4, 0, 0, 10, -2, -8
14,17:-4, 0, 2, -6, -14, -10
14,17:-4, 0, 2, -6, -14, -6
-1,4:-4, 0, 6, -6, -18, -4
12,10:-4, 0, 6, -6, -18, 4
-1,4:-4, 0, 6, -6, -4, -18
18,2:-4, 0, 6, -6, -4, 2
18,2:-4, 0, 6, -6, -4, 4
12,10:-4, 0, 6, -6, 4, -18
18,2:-4, 0, 6, -6, 4, -4
-1,4:-4, 0, 8, -6, 6, -12
5,0:-4, 2, 2, -8, -4, -6
-8,4:-4, 2, 6, 2, -2, 0
-7,-5:-4, 2, 6, 10, 2, 14
-7,-5:-4, 2, 6, 10, 2, 18
-7,-5:-4, 2, 6, 10, 14, 2
9,0:-4, 4, -10, -6, -2, 0
6,8:-4, 4, -10, 0, -14, -20
9,0:-4, 4, -10, 0, -6, -2
12,-2:-4, 4, -8, -14, -4, -4
12,-2:-4, 4, -8, -14, -4, -2
12,-2:-4, 4, -8, -14, 0, -4
7,-1:6, -4, -4, -6, -4, -8
-1,9:6, -4, -4, 0, -2, -10
-1,9:6, -4, -4, 0, -2, -6
0,7:6, -4, 6, 6, 8, 6
-4,-7:6, 6, -4, -4, -8, -16
-4,-7:6, 6, -4, -4, -8, -12
-1,12:6, 6, -2, 10, 2, 6
-1,12:6, 6, -2, 10, 6, 4
-1,12:6, 6, -2, 10, 6, 6
-3,4:6, 6, -2, 10, 6, 10
-3,4:6, 6, -2, 10, 6, 12
-3,4:6, 6, 6, -4, 6, -8
-3,4:6, 6, 6, -4, 6, 2
-3,4:6, 6, 6, -2, 6, -4
-3,4:6, 6, 6, -2, 6, -2
-3,4:6, 6, 6, -2, 6, 0
3,1:6, 6, 8, 8, 6, 10
-10,17:-4, -14, -8, 20, 12, 24, 14
-17,12:-4, -14, -8, 20, 16, 12, 10
8,7:-4, -14, 10, -2, 0, -2, 12
8,7:-4, -14, 10, -2, 0, -2, 14
8,7:-4, -14, 10, -2, 0, -2, 16
10,15:-4, -14, 14, -2, -10, 2, -8
3,10:-4, -14, 14, -2, -6, -10, -12
13,-3:-4, -12, -14, -4, -6, -8, -2
13,-3:-4, -12, -14, -4, -6, -8, 0
13,-3:-4, -12, -14, -4, -6, -8, 2
13,-3:-4, -12, -14, -4, -6, -2, -8
13,-3:-4, -12, -14, -4, -6, -2, -6
13,-3:-4, -12, -14, -4, -6, -2, -4
-2,0:-4, -12, -8, -14, -14, -20, -8
-2,0:-4, -12, -8, -14, -14, -8, -20
-2,0:-4, -12, -8, -14, -14, -8, -10
9,7:-4, -12, -6, -16, -2, 8, 8
-2,10:-4, -12, -6, -14, 8, -2, 0
-2,10:-4, -12, -6, -14, 8, -2, 2
-2,10:-4, -12, -6, -14, 8, -2, 4
6,-3:-4, -12, -6, -2, -10, -8, 0
9,7:-4, -12, -6, -2, 8, 8, -16
9,7:-4, -12, -6, -2, 8, 8, -12
1,-4:-4, -12, -4, -8, -6, -4, -6
9,-4:-4, -12, -4, 2, 6, 4, 2
8,2:-4, -12, -4, 6, 2, 4, 10
8,2:-4, -12, -4, 6, 2, 4, 12
8,2:-4, -12, -4, 6, 2, 10, 4
8,2:-4, -12, -4, 6, 2, 10, 8
8,2:-4, -12, -4, 6, 8, 10, 2
8,2:-4, -12, -4, 6, 16, 12, 10
8,2:-4, -12, -4, 6, 16, 12, 12
8,2:-4, -12, -4, 6, 18, 2, 16
15,5:-4, -12, 0, -10, -4, -6, 2
7,18:-4, -12, 0, -4, -10, 2, -4
9,5:-4, -12, 0, -4, -8, -4, 2
9,3:-4, -12, 0, -4, -2, 2, 2
9,3:-4, -12, 0, -2, 2, 2, -4
6,17:-4, -12, 0, -2, 4, 2, 8
12,9:-4, -12, 4, 4, -8, -12, -12
1,-7:-4, -12, 4, 6, 10, 0, 6
-6,3:-4, -6, -14, -2, 8, 10, 8
0,3:-4, -6, -14, 2, 4, 6, 10
0,3:-4, -6, -14, 2, 4, 10, 10
0,3:-4, -6, -14, 2, 4, 10, 14
-1,12:-4, -6, -14, 2, 4, 12, 2
-2,12:-4, -6, -14, 2, 4, 14, 8
2,-15:-4, -6, -8, -16, -16, -18, -6
2,-15:-4, -6, -8, -16, -16, -18, 4
2,-15:-4, -6, -8, -16, -16, -6, -18
9,2:-4, -6, -8, -10, -12, -24, -28
10,-4:-4, -6, -8, -6, -2, -10, -14
4,-2:-4, -6, -6, -16, -6, 0, -2
-2,-2:-4, -6, -6, -16, 0, -4, 0
-2,-1:-4, -6, -6, -16, 0, 2, -2
-2,-4:-4, -6, -6, -16, 0, 2, 6
-2,-4:-4, -6, -6, -16, 2, -4, 6
-2,-4:-4, -6, -6, -16, 2, 6, 0
5,1:-4, -6, -6, -14, -14, -6, 4
5,1:-4, -6, -6, -14, -14, -6, 6
5,1:-4, -6, -6, -14, -14, -6, 8
5,7:-4, -6, -6, -4, 2, -8, 2
5,7:-4, -6, -6, -4, 2, 2, -6
5,3:-4, -6, -6, 0, -8, -12, 6
5,3:-4, -6, -6, 0, -8, 6, -12
5,3:-4, -6, -6, 0, -8, 6, -10
-2,-2:-4, -6, -6, 0, -4, 0, -16
-2,-2:-4, -6, -6, 0, -4, 0, -12
-4,0:-4, -6, -6, 0, -2, -4, -6
-2,-4:-4, -6, -6, 0, 2, 6, -16
-2,-4:-4, -6, -6, 0, 2, 6, -12
5,3:-4, -6, -6, 2, 4, -8, -6
6,-3:-4, -6, -6, 4, -10, -6, -2
19,-9:-4, -6, -4, -8, -14, -14, -4
6,-8:-4, -6, 0, -8, -12, -10, -14
-2,2:-4, -6, 0, -8, -6, -8, -16
-2,2:-4, -6, 0, -8, -6, -8, -12
5,-14:-4, -6, 0, -2, -26, -16, -30
5,-14:-4, -6, 0, -2, -26, -16, -28
5,-14:-4, -6, 0, -2, -26, -16, -26
5,-14:-4, -6, 0, -2, -16, -32, -38
5,-14:-4, -6, 0, -2, -16, -32, -36
25,-10:-4, -6, 0, -2, -16, -32, -22
25,-10:-4, -6, 0, -2, -16, -32, -20
6,0:-4, -6, 6, -8, -20, -20, 4
6,0:-4, -6, 6, -8, -20, 4, -20
6,0:-4, -6, 6, -8, -20, 4, -18
6,0:-4, -6, 6, -8, -20, 4, -16
4,-1:-4, -6, 6, -2, -4, -6, 14
4,-1:-4, -6, 6, -2, -4, -6, 16
4,-1:-4, -6, 6, -2, -4, -6, 18
4,-1:-4, -6, 6, -2, -4, 14, -6
20,1:-4, -6, 6, 0, 14, 0, -16
3,10:-4, -4, -14, -2, 8, 2, -4
3,10:-4, -4, -14, -2, 8, 2, 0
-1,7:-4, -4, -8, -12, -16, -14, -6
15,11:-4, -4, -8, -12, -16, -14, 6
-1,7:-4, -4, -8, -12, -16, -6, -14
-1,7:-4, -4, -8, -12, -16, -6, -12
-1,7:-4, -4, -8, -12, -16, -6, -10
15,11:-4, -4, -8, -12, -16, 6, -14
15,11:-4, -4, -8, -12, -16, 6, -12
13,5:-4, -4, -8, -12, -14, -8, 6
13,5:-4, -4, -8, -12, -14, -8, 8
13,5:-4, -4, -8, -12, -14, -8, 10
13,5:-4, -4, -8, -12, -14, 6, -8
14,-9:-4, -4, -8, -10, -20, -16, -10
14,-9:-4, -4, -8, -10, -20, -16, 0
5,18:-4, -4, -4, 12, -2, -12, 2
-1,11:-4, -4, -2, 4, 0, -4, 2
3,10:-4, -4, -2, 8, 2, -4, -4
3,10:-4, -4, -2, 8, 2, -4, -2
3,10:-4, -4, -2, 8, 2, 0, -14
3,10:-4, -4, -2, 8, 2, 0, -4
13,1:-4, -4, 2, 8, -12, -6, 0
4,-4:-4, -4, 4, -4, -8, -2, 0
4,-4:-4, -4, 4, -4, -8, -2, 2
4,-4:-4, -4, 4, -4, -8, -2, 4
4,-4:-4, -4, 10, 6, -4, -8, 2
4,-4:-4, -4, 10, 6, -4, -8, 4
4,-4:-4, -4, 10, 6, -4, -8, 6
7,2:-4, 0, -16, -6, 4, 6, 8
1,12:-4, 0, -16, 0, 10, -2, -14
1,12:-4, 0, -16, 0, 10, -2, -12
1,12:-4, 0, -16, 0, 10, -2, -10
-1,4:-4, 0, -12, -12, -6, -6, -8
-1,4:-4, 0, -12, -12, -6, -6, 2
-1,4:-4, 0, -12, -12, -6, 6, -4
-1,4:-4, 0, -12, -12, -6, 6, -2
-1,4:-4, 0, -12, -12, 0, 6, -4
-1,4:-4, 0, -12, -12, 0, 6, -2
-1,4:-4, 0, -12, -12, 0, 6, 0
-1,4:-4, 0, -12, -12, 6, 2, 4
5,4:-4, 0, -12, -12, 6, 8, 10
-5,7:-4, 0, -12, -12, 8, 4, 12
-1,4:-4, 0, -12, -10, -4, 6, 0
-1,4:-4, 0, -12, -10, 0, 6, 0
-1,4:-4, 0, -12, -10, 6, 2, -4
5,-6:-4, 0, -12, -6, -8, -20, -16
6,-3:-4, 0, -12, -6, 6, 6, 0
1,12:-4, 0, -12, -6, 10, 0, -12
19,-11:-4, 0, -12, -4, -14, -16, -6
1,-3:-4, 0, -12, -4, 6, -6, -22
1,-3:-4, 0, -12, -4, 6, -6, -12
8,1:-4, 0, -12, 2, -4, -8, 0
8,1:-4, 0, -12, 2, -4, -8, 4
-1,4:-4, 0, -12, 6, -8, -12, -20
5,4:-4, 0, -12, 6, 8, 10, -12
-1,-12:-4, 0, -12, 10, -22, 0, -12
7,-9:-4, 0, -12, 10, -2, 12, -6
7,-9:-4, 0, -12, 10, -2, 12, 0
7,-9:-4, 0, -12, 10, -2, 12, 2
-1,4:-4, 0, -8, -10, -4, -2, -8
1,2:-4, 0, -8, -10, -4, -2, 2
2,9:-4, 0, -8, -10, -4, 10, -2
-1,4:-4, 0, -8, -10, -2, 0, -6
-1,4:-4, 0, -8, -10, -2, 0, -4
10,7:-4, 0, -8, -10, -2, 0, 4
-1,4:-4, 0, -8, -10, 6, -4, -2
-1,4:-4, 0, -8, -10, 6, -4, 0
11,-1:-4, 0, -8, -10, 6, 8, 4
-1,4:-4, 0, -8, -4, -8, -14, 2
-1,4:-4, 0, -8, -4, -8, -14, 4
-1,4:-4, 0, -8, -4, -8, -14, 6
-1,4:-4, 0, -8, -4, -8, 2, -14
1,2:-4, 0, -8, -4, -2, 2, -10
1,2:-4, 0, -8, -4, -2, 2, -6
-1,4:-4, 0, -8, -4, 2, -2, -14
2,9:-4, 0, -8, -4, 10, -2, -10
2,9:-4, 0, -8, -4, 10, -2, -6
6,-10:-4, 0, -8, -2, -14, -4, -6
10,7:-4, 0, -8, -2, 0, 4, -10
1,-2:-4, 0, -8, 4, 14, -14, -14
-4,-20:-4, 0, -8, 6, -14, -10, 2
-4,-20:-4, 0, -8, 6, -14, -10, 4
-4,-20:-4, 0, -8, 6, -14, -10, 6
-4,-20:-4, 0, -8, 6, -14, 2, -10
-4,-20:-4, 0, -8, 6, -14, 2, -8
-1,4:-4, 0, -8, 6, -8, -4, -12
-1,4:-4, 0, -8, 6, -8, -4, -10
-1,4:-4, 0, -8, 6, -8, -4, -8
-1,4:-4, 0, -8, 6, -2, -12, -6
-1,4:-4, 0, -8, 6, -2, -12, -2
11,-1:-4, 0, -8, 6, 8, 4, -6
4,8:-4, 0, -8, 8, 10, -8, 4
4,8:-4, 0, -8, 8, 10, 4, -8
1,-11:-4, 0, -4, 6, -4, -12, 6
1,-11:-4, 0, -4, 6, -4, 6, -12
11,1:-4, 0, -2, -10, 4, 4, 14
-4,6:-4, 0, -2, -8, -24, -10, -8
-4,6:-4, 0, -2, -8, -10, -12, -14
-4,6:-4, 0, -2, -8, -10, -12, -4
-4,6:-4, 0, -2, -8, -10, -8, -20
-4,6:-4, 0, -2, -8, -10, -8, -10
-4,6:-4, 0, -2, -4, -14, -16, -8
-4,6:-4, 0, -2, -4, -4, -14, -12
-4,6:-4, 0, -2, -4, -4, -14, -10
-4,6:-4, 0, -2, -4, -4, -14, -8
-5,14:-4, 0, -2, 4, -2, -8, 12
-5,14:-4, 0, -2, 4, -2, -8, 20
-2,4:-4, 0, -2, 4, 0, -8, 6
-1,4:-4, 0, 0, -6, -14, -12, 6
-1,4:-4, 0, 0, -6, -14, -12, 8
-1,4:-4, 0, 0, -6, -14, -12, 10
-5,-3:-4, 0, 0, -6, -8, -6, -2
-1,4:-4, 0, 0, -6, -2, -12, 4
-1,4:-4, 0, 0, -6, 4, -12, -6
23,12:-4, 0, 0, 10, 10, -26, -8
23,12:-4, 0, 0, 10, 10, -8, -26
23,12:-4, 0, 0, 10, 10, -8, -24
23,12:-4, 0, 0, 10, 10, -8, -22
14,17:-4, 0, 2, -6, -14, -4, -12
14,17:-4, 0, 2, -6, -14, -4, -10
14,17:-4, 0, 2, -6, -14, -4, -8
11,-4:-4, 0, 4, -6, -16, -2, -8
11,-4:-4, 0, 4, -6, -16, -2, 2
23,7:-4, 0, 4, -6, 4, -16, -10
23,7:-4, 0, 4, -6, 4, -16, -6
23,7:-4, 0, 4, -6, 4, -6, -16
-4,12:-4, 0, 4, 4, 6, 4, -10
-4,12:-4, 0, 4, 4, 6, 4, -6
-1,4:-4, 0, 6, -6, -20, -12, -2
-1,4:-4, 0, 6, -6, -20, -6, -6
-1,4:-4, 0, 6, -6, -20, -4, -24
-1,4:-4, 0, 6, -6, -20, -4, -22
12,10:-4, 0, 6, -6, -20, 4, -24
12,10:-4, 0, 6, -6, -20, 4, -22
-1,4:-4, 0, 6, -6, -18, -8, -2
-1,4:-4, 0, 6, -6, -18, -6, -10
-1,4:-4, 0, 6, -6, -18, -6, -8
12,10:-4, 0, 6, -6, -18, 6, 4
12,10:-4, 0, 6, -6, -18, 6, 6
12,10:-4, 0, 6, -6, -18, 8, 10
12,10:-4, 0, 6, -6, -18, 10, 4
-1,4:-4, 0, 6, -6, -14, -16, -14
-1,4:-4, 0, 6, -6, -14, -10, -12
-1,4:-4, 0, 6, -6, -14, -10, -10
-1,4:-4, 0, 6, -6, -14, -10, -8
-1,4:-4, 0, 6, -6, -14, -8, -14
-1,4:-4, 0, 6, -6, -14, -8, -4
-1,4:-4, 0, 6, -6, -14, -6, -6
18,2:-4, 0, 6, -6, -8, 4, -2
-1,4:-4, 0, 6, -6, -6, -10, -14
-1,4:-4, 0, 6, -6, -6, -10, -10
18,2:-4, 0, 6, -6, -6, 4, -8
18,2:-4, 0, 6, -6, -4, 0, 2
18,2:-4, 0, 6, -6, -4, 0, 4
18,2:-4, 0, 6, -6, -4, 0, 10
18,2:-4, 0, 6, -6, -4, 6, 2
18,2:-4, 0, 6, -6, -4, 6, 4
18,2:-4, 0, 6, -6, -4, 6, 6
18,2:-4, 0, 6, -6, -4, 8, 10
18,2:-4, 0, 6, -6, -4, 10, 4
12,10:-4, 0, 6, -6, 4, -22, -16
-1,4:-4, 0, 6, 4, -6, -10, -6
6,-2:-4, 0, 6, 4, -6, 0, -8
4,-6:-4, 0, 6, 8, -2, -4, 8
3,-6:-4, 0, 6, 8, -2, 12, 8
12,10:-4, 0, 8, -6, -18, 10, 6
12,10:-4, 0, 8, -6, -18, 10, 8
12,10:-4, 0, 8, -6, -18, 10, 10
12,10:-4, 0, 8, -6, -18, 12, 14
18,2:-4, 0, 8, -6, -4, 10, 6
18,2:-4, 0, 8, -6, -4, 10, 8
18,2:-4, 0, 8, -6, -4, 10, 10
18,2:-4, 0, 8, -6, -4, 12, 14
11,1:-4, 0, 8, -2, -24, -10, 18
11,1:-4, 0, 8, -2, -24, 18, -10
15,11:-4, 0, 8, -2, -12, -20, 18
15,11:-4, 0, 8, -2, -12, 18, -20
15,11:-4, 0, 8, -2, -12, 18, -16
11,1:-4, 0, 8, -2, -10, 18, -18
9,1:-4, 0, 8, 6, 4, 6, 2
9,1:-4, 0, 8, 6, 4, 6, 4
9,1:-4, 0, 8, 6, 4, 6, 6
7,-9:-4, 0, 10, -2, 12, 0, -12
7,-9:-4, 0, 10, -2, 12, 0, -10
7,-9:-4, 0, 10, -2, 12, 0, -8
10,6:-4, 2, 0, -8, -14, -16, -20
5,0:-4, 2, 0, -8, -4, -6, -14
5,21:-4, 2, 2, -14, -10, 16, 16
1,1:-4, 2, 2, -14, 0, 0, 6
1,1:-4, 2, 2, -14, 0, 0, 14
1,1:-4, 2, 2, -14, 0, 6, 0
7,8:-4, 2, 2, -8, -14, -2, -12
0,3:-4, 2, 2, -8, -10, -14, -16
0,8:-4, 2, 6, 2, -6, -4, -8
9,-2:-4, 2, 6, 2, -4, -8, 2
9,-2:-4, 2, 6, 2, -4, -8, 4
9,-2:-4, 2, 6, 2, -4, -8, 6
-8,4:-4, 2, 6, 2, -2, -10, -14
-8,4:-4, 2, 6, 2, -2, -10, -12
-8,4:-4, 2, 6, 2, -2, -10, -10
-8,4:-4, 2, 6, 2, -2, -6, -4
-8,4:-4, 2, 6, 2, -2, -4, -8
-8,4:-4, 2, 6, 2, -2, -4, -6
1,-4:-4, 2, 6, 2, -2, -4, 10
1,-4:-4, 2, 6, 2, -2, 10, -4
7,-9:-4, 2, 6, 2, 0, -10, -16
-7,-5:-4, 2, 6, 10, 2, 12, 12
-7,-5:-4, 2, 6, 10, 2, 16, 8
-7,-5:-4, 2, 6, 10, 2, 16, 10
-7,-5:-4, 2, 6, 10, 2, 16, 12
4,-2:-4, 4, -10, -12, -14, -2, -6
-5,3:-4, 4, -10, -12, 6, 10, -12
-5,3:-4, 4, -10, -12, 6, 10, -2
8,1:-4, 4, -10, -8, -6, -8, 0
6,9:-4, 4, -10, -6, -12, 6, -4
12,2:-4, 4, -10, -6, -4, -10, -4
12,2:-4, 4, -10, -6, -4, -10, 0
12,2:-4, 4, -10, -6, -4, 0, -10
1,7:-4, 4, -10, -6, -4, 2, 2
9,0:-4, 4, -10, -6, -2, -2, 2
9,0:-4, 4, -10, -6, -2, -2, 4
9,0:-4, 4, -10, -6, -2, -2, 6
9,0:-4, 4, -10, -6, -2, 2, 2
13,-2:-4, 4, -10, -6, 6, 2, 2
6,8:-4, 4, -10, 0, -14, -26, -26
6,8:-4, 4, -10, 0, -14, -26, -24
6,8:-4, 4, -10, 0, -14, -26, -22
6,8:-4, 4, -10, 0, -14, -24, -20
6,8:-4, 4, -10, 0, -14, -24, -14
6,8:-4, 4, -10, 0, -14, -24, -12
6,8:-4, 4, -10, 0, -14, -22, -22
16,-4:-4, 4, -10, 0, -14, -22, 0
6,8:-4, 4, -10, 0, -14, -14, -24
6,8:-4, 4, -10, 0, -14, -14, -14
6,8:-4, 4, -10, 0, -14, -12, -20
6,8:-4, 4, -10, 0, -14, -12, -18
6,8:-4, 4, -10, 0, -14, -8, -4
6,8:-4, 4, -10, 0, -14, -8, 0
16,-4:-4, 4, -10, 0, -14, 0, -22
8,1:-4, 4, -10, 0, -8, -6, -8
10,0:-4, 4, -10, 0, -6, 0, -4
9,0:-4, 4, -10, 0, -6, 0, 2
0,10:-4, 4, -10, 6, 0, 14, -6
-5,3:-4, 4, -10, 6, 10, -2, -14
-5,3:-4, 4, -10, 6, 10, -2, -12
-5,3:-4, 4, -10, 6, 10, -2, -10
4,-11:-4, 4, -8, -16, -10, -14, -8
4,-4:-4, 4, -8, -14, -4, -8, -16
12,-2:-4, 4, -8, -14, -4, -6, -4
12,-2:-4, 4, -8, -14, -4, -6, -2
12,-2:-4, 4, -8, -14, -4, 0, -4
12,-2:-4, 4, -8, -14, -4, 0, -2
12,-2:-4, 4, -8, -14, 6, 6, -2
12,-2:-4, 4, -8, -14, 6, 6, 10
4,11:-4, 4, -8, 6, 4, 0, 2
14,-12:-4, 4, -4, -28, -18, -14, -18
-1,-11:-4, 4, -4, -18, -20, -10, -4
25,-9:-4, 4, -4, -16, -14, -34, -26
25,-9:-4, 4, -4, -16, -14, -34, -24
25,-9:-4, 4, -4, -16, -14, -34, -22
25,-9:-4, 4, -4, -16, -14, -24, -34
28,-16:-4, 4, -4, -12, -10, -44, -28
28,-16:-4, 4, -4, -12, -10, -44, -26
28,-16:-4, 4, -4, -12, -10, -44, -24
28,-16:-4, 4, -4, -12, -10, -28, -44
-6,-14:-4, 4, -2, -12, -8, -22, -8
-6,-14:-4, 4, -2, -12, -8, -22, 2
-6,-14:-4, 4, -2, -12, -8, 2, -22
11,-2:-4, 4, -2, -8, -12, -18, -4
11,-2:-4, 4, -2, -8, -12, -18, 0
11,-2:-4, 4, -2, -8, -12, -4, -18
11,8:-4, 4, -2, -8, -10, -18, 2
-3,-2:-4, 4, -2, 2, 4, 2, -16
4,-4:-4, 4, 4, -6, -4, -8, 14
6,7:-4, 4, 4, 4, -14, 8, 0
6,7:-4, 4, 4, 4, 8, 0, -14
-1,-3:-4, 4, 4, 4, 10, -10, -6
6,10:-4, 4, 4, 6, -14, -10, 4
6,10:-4, 4, 4, 6, -14, 4, -10
6,10:-4, 4, 4, 6, -14, 4, -8
6,10:-4, 4, 4, 6, -14, 4, -6
16,9:-4, 4, 6, 2, -16, 2, 12
16,9:-4, 4, 6, 2, -16, 2, 14
16,9:-4, 4, 6, 2, -16, 2, 16
16,9:-4, 4, 6, 2, -16, 12, 2
16,9:-4, 4, 6, 2, -16, 12, 4
16,9:-4, 4, 6, 2, 2, 12, -16
16,9:-4, 4, 6, 2, 2, 12, -14
-1,9:6, -4, -4, 0, -2, -4, -12
-1,9:6, -4, -4, 0, -2, -4, -10
-1,9:6, -4, -4, 0, -2, -4, -8
10,-6:6, -4, -4, 0, 4, 6, -16
15,1:6, -4, -4, 4, -8, -14, 2
15,1:6, -4, -4, 4, -8, 2, -14
2,15:6, -4, 6, 6, -2, 10, 0
-5,10:6, -4, 6, 6, 2, -2, -4
-4,-7:6, 6, -4, -4, -8, -14, -10
-4,-7:6, 6, -4, -4, -8, -14, -8
-4,-7:6, 6, -4, -4, -8, -14, -6
-4,-7:6, 6, -4, -4, -8, -10, -10
2,1:6, 6, -4, 0, 16, -12, 2
2,1:6, 6, -4, 0, 16, 2, -12
2,1:6, 6, -4, 0, 16, 2, -4
22,5:6, 6, -4, 0, 16, 4, -14
-1,12:6, 6, -2, -4, -4, 10, -8
-4,0:6, 6, -2, -4, 10, 6, 4
12,8:6, 6, -2, -2, -4, 14, 10
11,6:6, 6, -2, -2, -4, 16, 8
11,6:6, 6, -2, -2, -4, 16, 10
11,6:6, 6, -2, -2, -4, 16, 12
-3,4:6, 6, -2, -2, 8, 6, -12
-15,28:6, 6, -2, 6, 14, 12, 26
-15,28:6, 6, -2, 6, 14, 12, 28
-15,28:6, 6, -2, 6, 14, 12, 30
-8,25:6, 6, -2, 6, 18, 16, 24
-8,25:6, 6, -2, 6, 18, 16, 26
-1,12:6, 6, -2, 10, 6, 2, 4
-1,12:6, 6, -2, 10, 6, 2, 6
-3,4:6, 6, -2, 10, 6, 8, 10
-3,4:6, 6, -2, 10, 6, 8, 12
-3,4:6, 6, -2, 10, 6, 14, 10
-3,4:6, 6, -2, 10, 6, 14, 12
-3,4:6, 6, -2, 10, 6, 14, 14
-3,4:6, 6, -2, 10, 6, 16, 18
-3,4:6, 6, -2, 10, 6, 18, 12
3,12:6, 6, -2, 12, 2, 8, 6
3,9:6, 6, -2, 12, 2, 8, 14
3,12:6, 6, -2, 12, 8, 6, 2
-1,4:6, 6, -2, 12, 12, 16, 4
19,-1:6, 6, -2, 16, 0, -6, 4
2,11:6, 6, 2, -6, 4, -16, 18
2,11:6, 6, 2, -6, 4, -16, 20
2,11:6, 6, 2, -6, 4, -16, 26
2,11:6, 6, 2, -6, 4, 18, -16
9,4:6, 6, 2, -6, 10, -8, 10
12,6:6, 6, 2, -6, 10, 12, 0
8,23:6, 6, 2, -2, 8, -2, 8
5,-2:6, 6, 2, 4, -2, 2, 10
-3,4:6, 6, 6, -8, -4, 6, -4
-3,4:6, 6, 6, -8, -4, 6, -2
-3,4:6, 6, 6, -8, -4, 6, 0
13,5:6, 6, 6, -6, -4, -8, 0
-3,4:6, 6, 6, -2, 4, 6, -2
-3,4:6, 6, 6, -2, 4, 6, 0
-3,4:6, 6, 6, -2, 4, 6, 2
-1,17:6, 6, 6, 10, 14, -8, 4
-1,17:6, 6, 6, 10, 14, -8, 6
6,13:6, 6, 6, 10, 14, -8, 16
-1,17:6, 6, 6, 10, 14, 4, -8
-1,17:6, 6, 6, 10, 14, 4, -6
-1,17:6, 6, 6, 10, 14, 4, -4
-1,17:6, 6, 6, 10, 14, 8, -4
6,13:6, 6, 6, 10, 14, 16, -8
6,13:6, 6, 6, 10, 14, 16, -6
6,13:6, 6, 6, 10, 14, 16, -4
-7,6:6, 6, 8, 2, 10, 14, 12
-1,-2:6, 6, 8, 8, 0, 16, 10
-1,-2:6, 6, 8, 8, 2, 6, 14
-1,-2:6, 6, 8, 8, 2, 6, 18
-1,-2:6, 6, 8, 8, 2, 14, 6
8,5:6, 6, 8, 8, 6, 0, 6
8,5:6, 6, 8, 8, 6, 0, 8
8,5:6, 6, 8, 8, 6, 0, 10
-1,-2:6, 6, 8, 8, 16, 10, 0
0,14:6, 6, 8, 10, 4, 12, 22
-3,10:6, 6, 8, 10, 8, 2, 12
-3,4:6, 6, 14, 2, 10, 6, 12
-3,4:6, 6, 14, 2, 10, 6, 14
-3,4:6, 6, 14, 2, 10, 6, 16
